data/SP espacial/Al_SP.grd
DSAA
132	56
0.0000	120.0000
0.0000	50.0000
6.0000	25.0000
[rows 0 to 33 of 56, columns 0 to 76 of 132]
6.00 7.84 8.21 8.60 9.01 9.44 9.88 10.21 10.68 10.99 11.52 11.74 12.29 13.13 13.69 14.24 14.78 15.28 15.76 16.20 16.60 16.95 17.24 17.08 16.87 16.66 16.43 16.20 16.03 15.79 15.53 15.27 15.65 15.34 15.12 14.92 14.71 14.65 14.41 14.40 14.12 13.83 13.53 13.23 13.19 13.44 13.68 13.88 14.10 14.31 14.24 14.40 14.45 14.64 14.85 15.03 15.31 15.48 15.79 16.10 16.39 16.93 17.18 17.41 17.61 17.76 17.66 17.55 17.41 17.25 17.07 16.88 16.67 16.46 16.25 15.90 15.72
7.66 7.77 8.06 8.43 8.83 9.26 9.71 10.18 10.53 10.86 11.41 11.97 12.21 12.78 13.61 14.17 14.70 15.21 15.69 16.14 16.53 16.86 17.09 17.03 16.88 16.70 16.51 16.29 16.14 15.91 15.67 16.02 15.77 15.47 15.26 15.05 14.84 14.78 14.55 14.54 14.27 13.99 13.72 13.49 13.50 13.63 13.83 14.01 14.21 14.40 14.33 14.37 14.55 14.74 14.96 15.14 15.43 15.60 15.91 16.21 16.50 17.01 17.26 17.48 17.67 17.81 17.71 17.63 17.51 17.36 17.19 17.00 16.80 16.59 16.24 16.03 15.95
7.79 7.83 8.04 8.36 8.73 9.15 9.59 10.05 10.41 10.76 11.31 11.88 12.46 12.70 13.67 14.07 14.61 15.12 15.59 16.02 16.39 16.68 16.90 16.91 16.83 16.71 16.55 16.37 16.24 16.03 15.81 16.13 15.90 15.61 15.40 15.20 15.00 14.94 14.73 14.74 14.50 14.25 14.03 13.86 13.90 13.96 14.09 14.23 14.39 14.56 14.47 14.50 14.67 14.86 15.08 15.26 15.54 15.72 16.02 16.32 16.61 17.09 17.33 17.53 17.71 17.83 17.72 17.68 17.59 17.46 17.31 17.12 16.92 16.70 16.36 16.25 16.05
7.91 7.92 8.08 8.35 8.69 9.07 9.49 9.95 10.44 10.67 11.22 11.79 12.36 12.94 13.57 13.96 14.49 15.00 15.46 15.88 16.23 16.50 16.73 16.77 16.75 16.68 16.57 16.43 16.33 16.15 16.47 15.97 16.03 15.75 15.56 15.37 15.18 15.00 14.95 14.98 14.78 14.57 14.40 14.28 14.33 14.35 14.43 14.52 14.64 14.76 14.53 14.65 14.80 14.99 15.20 15.38 15.65 15.96 16.13 16.42 16.71 17.16 17.39 17.59 17.75 17.86 17.73 17.71 17.65 17.55 17.41 17.23 17.03 16.64 16.56 16.34 16.12
8.02 8.03 8.15 8.38 8.68 9.03 9.42 9.86 10.34 10.59 11.13 11.68 12.25 12.83 13.39 14.00 14.37 14.87 15.32 15.73 16.07 16.33 16.58 16.65 16.66 16.64 16.58 16.48 16.40 16.71 16.56 16.09 15.90 15.89 15.72 15.55 15.38 15.22 15.20 15.27 15.11 14.94 14.82 14.73 14.79 14.79 14.82 14.85 14.92 14.99 14.73 14.82 14.95 15.11 15.32 15.45 15.77 16.05 16.15 16.51 16.79 17.23 17.45 17.64 17.78 17.89 17.76 17.75 17.71 17.62 17.50 17.33 16.98 16.88 16.63 16.37 16.13
8.13 8.13 8.23 8.42 8.69 9.01 9.38 9.79 10.25 10.51 11.03 11.57 12.13 12.70 13.26 13.82 14.40 14.73 15.18 15.59 15.92 16.19 16.44 16.54 16.60 16.61 16.58 16.51 16.86 16.76 16.62 16.20 16.03 16.02 15.86 15.72 15.58 15.46 15.34 15.45 15.47 15.34 15.24 15.18 15.18 15.16 15.24 15.22 15.23 15.24 14.94 14.99 15.09 15.23 15.42 15.59 15.84 16.12 16.24 16.53 16.86 17.29 17.51 17.69 17.82 17.91 17.80 17.81 17.78 17.71 17.59 17.30 17.20 16.94 16.65 16.36 16.09
8.23 8.22 8.30 8.47 8.71 9.00 9.34 9.73 10.16 10.62 10.93 11.46 12.00 12.56 13.13 13.68 14.20 14.92 15.05 15.45 15.79 16.06 16.34 16.46 16.54 16.59 16.59 16.94 16.87 16.79 16.66 16.30 16.14 15.93 15.99 15.87 15.78 15.70 15.70 15.79 15.73 15.69 15.72 15.69 15.70 15.66 15.61 15.54 15.48 15.39 15.16 15.17 15.22 15.33 15.51 15.65 15.90 16.17 16.32 16.61 17.00 17.31 17.56 17.73 17.86 17.94 17.84 17.87 17.86 17.80 17.77 17.51 17.26 16.95 16.62 16.28 15.98
8.32 8.30 8.37 8.52 8.74 9.01 9.32 9.68 10.07 10.50 10.83 11.33 11.87 12.42 12.98 13.53 14.06 14.59 15.19 15.34 15.68 15.95 16.24 16.39 16.51 16.79 16.92 16.94 16.85 16.81 16.69 16.36 16.23 16.03 15.93 16.01 15.96 16.02 16.02 16.01 16.15 16.16 16.23 16.24 16.21 16.17 16.07 15.95 15.77 15.65 15.67 15.33 15.34 15.41 15.54 15.67 15.91 16.20 16.38 16.78 17.07 17.23 17.57 17.76 17.88 17.87 17.92 17.94 17.95 17.98 17.72 17.60 17.31 16.94 16.53 16.14 15.80
8.39 8.36 8.43 8.58 8.78 9.03 9.32 9.64 10.00 10.39 10.73 11.20 11.72 12.27 12.83 13.39 13.92 14.45 14.92 15.42 15.64 15.91 16.14 16.34 16.57 16.80 16.91 16.96 16.88 16.79 16.69 16.41 16.27 16.14 16.03 16.01 16.22 16.27 16.37 16.38 16.46 16.64 16.76 16.81 16.78 16.70 16.47 16.32 16.13 16.04 15.87 15.75 15.43 15.44 15.53 15.60 15.90 16.20 16.50 16.84 17.14 17.31 17.52 17.73 17.89 17.90 17.96 18.00 18.02 17.98 17.87 17.71 17.35 16.90 16.40 15.92 15.52
8.46 8.44 8.51 8.65 8.85 9.07 9.33 9.62 9.94 10.29 10.68 11.07 11.58 12.13 12.70 13.26 13.79 14.31 14.77 15.19 15.52 15.88 16.05 16.35 16.56 16.76 16.92 16.99 16.94 16.82 16.66 16.42 16.24 16.15 16.10 16.14 16.41 16.51 16.67 16.80 16.88 17.11 17.25 17.40 17.38 17.18 16.95 16.75 16.48 16.31 16.06 15.88 15.51 15.44 15.40 15.54 15.84 16.15 16.53 16.89 17.21 17.39 17.57 17.72 17.84 17.90 17.97 18.03 18.09 18.11 18.03 17.85 17.41 16.84 16.22 15.63 15.15
8.50 8.51 8.62 8.78 8.94 9.14 9.38 9.65 9.93 10.23 10.56 10.93 11.44 12.01 12.58 13.14 13.68 14.18 14.62 15.03 15.40 15.72 16.03 16.23 16.46 16.70 16.91 17.06 17.01 16.86 16.66 16.45 16.20 16.11 16.15 16.44 16.60 16.79 16.96 17.13 17.27 17.50 17.77 17.95 18.00 17.72 17.41 17.13 16.86 16.56 16.29 16.01 15.72 15.43 15.32 15.43 15.75 16.14 16.55 16.95 17.29 17.46 17.59 17.71 17.81 17.88 17.98 18.05 18.12 18.18 18.18 18.03 17.47 16.76 16.01 15.29 14.67
8.00 8.67 8.79 8.94 9.11 9.30 9.47 9.70 9.95 10.21 10.48 10.79 11.37 11.94 12.50 13.06 13.60 14.06 14.47 14.86 15.22 15.53 15.84 16.07 16.32 16.59 16.85 17.11 17.06 16.87 16.66 16.45 16.19 16.05 16.27 16.57 16.76 17.03 17.23 17.43 17.61 17.88 18.18 18.45 18.51 18.13 17.78 17.44 17.13 16.80 16.49 16.16 15.85 15.59 15.29 15.35 15.74 16.15 16.55 16.96 17.36 17.46 17.55 17.64 17.72 17.79 17.87 17.96 18.04 18.12 18.20 18.24 17.42 16.61 15.80 15.01 14.22
8.97 8.98 9.07 9.19 9.33 9.48 9.65 9.84 10.02 10.28 10.57 10.97 11.46 11.97 12.48 12.99 13.48 13.91 14.30 14.67 14.98 15.27 15.57 15.78 16.07 16.41 16.68 16.88 16.93 16.82 16.68 16.52 16.37 16.33 16.51 16.74 16.99 17.21 17.46 17.67 17.88 18.14 18.39 18.57 18.55 18.30 17.99 17.65 17.32 17.01 16.70 16.36 16.05 15.79 15.55 15.60 15.85 16.19 16.53 16.86 17.14 17.33 17.41 17.45 17.53 17.58 17.64 17.77 17.83 17.88 17.88 17.65 17.09 16.37 15.62 14.90 14.25
9.40 9.38 9.42 9.50 9.60 9.71 9.86 10.04 10.25 10.49 10.75 11.23 11.64 12.06 12.51 12.95 13.38 13.75 14.13 14.49 14.78 15.11 15.30 15.56 15.80 16.21 16.46 16.64 16.76 16.75 16.69 16.64 16.57 16.60 16.79 16.95 17.21 17.43 17.66 17.86 18.07 18.30 18.48 18.58 18.51 18.33 18.09 17.80 17.49 17.19 16.89 16.59 16.28 16.12 15.95 15.88 16.04 16.24 16.49 16.73 16.90 17.03 17.12 17.21 17.24 17.32 17.39 17.41 17.51 17.48 17.38 17.14 16.66 16.08 15.45 14.90 14.39
9.83 9.79 9.80 9.84 9.91 10.02 10.15 10.32 10.53 10.76 11.03 11.35 11.87 12.25 12.57 12.88 13.26 13.62 13.98 14.32 14.58 14.89 15.00 15.31 15.62 15.99 16.24 16.43 16.56 16.63 16.76 16.75 16.75 16.86 17.01 17.20 17.36 17.58 17.81 18.00 18.22 18.38 18.49 18.53 18.47 18.34 18.14 17.89 17.62 17.38 17.09 16.82 16.60 16.39 16.23 16.12 16.20 16.33 16.44 16.56 16.68 16.78 16.85 16.87 16.93 16.99 17.05 17.04 17.02 17.04 16.91 16.66 16.28 15.78 15.36 14.87 14.45
10.26 10.21 10.19 10.22 10.29 10.39 10.52 10.69 10.88 11.10 11.35 11.62 12.12 12.43 12.58 12.89 13.21 13.52 13.84 14.07 14.38 14.68 14.94 15.08 15.39 15.68 16.04 16.26 16.43 16.55 16.78 16.84 16.91 17.02 17.20 17.38 17.51 17.71 17.91 18.09 18.27 18.40 18.48 18.50 18.43 18.33 18.17 17.97 17.76 17.53 17.27 17.01 16.83 16.63 16.46 16.37 16.33 16.37 16.34 16.41 16.47 16.52 16.56 16.56 16.59 16.70 16.71 16.65 16.61 16.61 16.46 16.22 15.91 15.53 15.19 14.79 14.40
10.42 10.62 10.61 10.64 10.72 10.82 10.95 11.11 11.29 11.50 11.71 11.94 12.17 12.63 12.69 12.92 13.17 13.44 13.71 13.91 14.19 14.42 14.73 15.04 15.17 15.48 15.86 16.11 16.32 16.50 16.65 16.91 17.03 17.17 17.32 17.53 17.69 17.85 18.00 18.15 18.29 18.40 18.45 18.45 18.39 18.31 18.18 18.02 17.85 17.66 17.44 17.22 17.01 16.83 16.66 16.53 16.43 16.29 16.27 16.26 16.26 16.26 16.22 16.23 16.24 16.32 16.32 16.25 16.19 16.11 16.04 15.83 15.56 15.26 14.94 14.61 14.34
10.83 10.80 11.04 11.09 11.18 11.29 11.42 11.58 11.76 11.94 12.12 12.29 12.46 12.43 12.82 12.98 13.16 13.36 13.46 13.69 13.95 14.24 14.54 14.85 15.04 15.36 15.65 15.99 16.24 16.46 16.65 16.82 17.12 17.28 17.44 17.64 17.78 17.91 18.04 18.17 18.29 18.37 18.41 18.40 18.35 18.28 18.18 18.05 17.91 17.75 17.56 17.36 17.17 16.99 16.83 16.66 16.50 16.28 16.18 16.10 16.04 15.99 15.98 15.96 15.96 15.95 15.92 15.89 15.98 15.87 15.65 15.47 15.25 15.00 14.74 14.48 14.25
11.21 11.26 11.32 11.57 11.67 11.80 11.94 12.09 12.26 12.43 12.58 12.70 12.61 12.68 12.90 13.05 13.20 13.34 13.35 13.55 13.79 14.06 14.36 14.68 15.00 15.21 15.53 15.85 16.14 16.43 16.53 16.86 17.19 17.37 17.54 17.66 17.83 17.94 18.05 18.12 18.23 18.27 18.32 18.33 18.30 18.28 18.22 18.10 17.97 17.82 17.68 17.54 17.30 17.13 16.96 16.76 16.46 16.26 16.09 15.93 15.80 15.72 15.66 15.62 15.60 15.57 15.54 15.50 15.60 15.50 15.35 15.18 14.96 14.76 14.47 14.28 14.16
11.66 11.67 11.75 11.94 12.08 12.32 12.47 12.63 12.80 12.95 13.14 12.99 13.03 13.00 12.96 13.17 13.19 13.27 13.26 13.44 13.65 13.90 14.19 14.52 14.87 15.10 15.45 15.79 16.10 16.39 16.63 16.89 17.14 17.47 17.58 17.69 17.84 17.93 17.97 18.05 18.14 18.19 18.23 18.24 18.23 18.22 18.18 18.08 17.97 17.87 17.74 17.61 17.40 17.24 17.06 16.73 16.50 16.22 15.95 15.74 15.55 15.41 15.35 15.30 15.25 15.21 15.17 15.13 15.08 15.15 15.00 14.88 14.74 14.48 14.33 14.18 14.03
12.12 12.16 12.28 12.43 12.60 12.81 12.99 13.24 13.39 13.54 13.65 13.55 13.47 13.33 13.17 13.04 13.18 13.21 13.31 13.48 13.54 13.77 14.04 14.39 14.78 15.16 15.39 15.75 16.08 16.34 16.64 16.92 17.18 17.37 17.51 17.65 17.80 17.87 17.88 17.95 18.03 18.08 18.11 18.13 18.12 18.14 18.11 18.02 17.93 17.87 17.75 17.65 17.43 17.33 17.06 16.84 16.53 16.18 15.83 15.54 15.29 15.12 15.06 14.99 14.92 14.87 14.83 14.79 14.89 14.83 14.70 14.60 14.50 14.29 14.18 14.07 13.97
12.58 12.68 12.85 13.03 13.20 13.36 13.55 13.70 13.89 14.04 14.10 14.14 13.95 13.68 13.41 13.16 13.15 13.15 13.28 13.45 13.61 13.67 13.91 14.30 14.71 15.11 15.49 15.74 16.03 16.33 16.63 16.92 17.21 17.41 17.50 17.60 17.64 17.66 17.74 17.76 17.87 17.93 17.97 17.96 18.00 18.03 18.01 17.93 17.83 17.82 17.68 17.59 17.47 17.31 17.18 16.94 16.56 16.13 15.71 15.30 15.01 14.87 14.78 14.70 14.62 14.55 14.51 14.61 14.59 14.55 14.47 14.36 14.21 14.14 14.07 13.99 13.92
12.00 13.27 13.49 13.67 13.82 13.96 14.10 14.24 14.29 14.45 14.64 14.77 14.38 14.02 13.68 13.35 13.04 13.17 13.36 13.53 13.66 13.76 13.83 14.28 14.71 15.11 15.49 15.84 16.02 16.31 16.59 16.88 17.19 17.41 17.41 17.44 17.48 17.51 17.54 17.60 17.66 17.70 17.75 17.80 17.82 17.82 17.82 17.80 17.75 17.70 17.64 17.56 17.42 17.32 17.24 17.02 16.54 16.07 15.60 15.14 14.68 14.64 14.55 14.47 14.37 14.28 14.33 14.35 14.35 14.32 14.26 14.09 14.06 14.02 13.98 13.94 13.90
13.79 13.89 14.20 14.34 14.46 14.56 14.61 14.76 14.85 14.87 14.97 14.95 14.65 14.32 13.98 13.67 13.40 13.33 13.60 13.73 13.85 14.03 14.23 14.42 14.79 15.16 15.51 15.79 15.99 16.25 16.51 16.77 17.02 17.19 17.22 17.25 17.24 17.32 17.32 17.40 17.44 17.48 17.55 17.55 17.60 17.64 17.64 17.68 17.64 17.58 17.55 17.37 17.26 17.18 17.06 16.78 16.44 15.98 15.52 15.07 14.73 14.55 14.41 14.30 14.19 14.07 14.02 14.17 14.17 14.15 14.12 14.02 13.96 13.94 13.93 13.90 13.81
14.65 14.72 14.83 14.95 15.11 15.19 15.26 15.33 15.30 15.31 15.32 15.26 14.94 14.59 14.31 14.04 13.82 13.74 13.96 14.05 14.24 14.37 14.57 14.84 14.94 15.26 15.51 15.80 16.07 16.19 16.41 16.63 16.80 16.95 16.97 17.01 17.02 17.03 17.01 17.12 17.20 17.25 17.32 17.37 17.37 17.42 17.44 17.52 17.51 17.43 17.30 17.25 17.13 17.02 16.86 16.60 16.20 15.89 15.46 15.10 14.74 14.47 14.32 14.18 14.01 13.92 13.87 13.85 14.04 14.03 13.95 13.95 13.96 13.91 13.91 13.84 13.85
15.51 15.57 15.65 15.84 15.87 15.87 15.86 15.86 15.84 15.65 15.60 15.50 15.34 15.14 14.81 14.61 14.24 14.16 14.58 14.62 14.61 14.73 14.90 15.11 15.35 15.32 15.59 15.83 16.06 16.23 16.36 16.48 16.61 16.70 16.76 16.74 16.77 16.74 16.76 16.86 16.91 16.97 17.06 17.11 17.09 17.19 17.22 17.33 17.27 17.26 17.17 17.12 17.00 16.89 16.70 16.43 16.10 15.72 15.41 15.02 14.73 14.32 14.07 13.87 13.89 13.80 13.75 13.73 13.72 13.90 13.92 13.92 14.01 14.04 13.93 13.93 13.91
16.37 16.43 16.66 16.65 16.60 16.51 16.42 16.33 16.24 15.97 15.86 15.73 15.59 15.44 15.16 15.02 15.00 15.00 15.00 15.02 15.08 15.16 15.20 15.21 15.41 15.63 15.69 15.89 16.07 16.13 16.26 16.33 16.40 16.46 16.50 16.58 16.48 16.49 16.51 16.54 16.60 16.68 16.80 16.75 16.81 16.90 16.96 17.01 17.05 17.06 17.05 17.02 16.93 16.76 16.57 16.32 16.00 15.69 15.36 14.99 14.69 14.27 13.99 13.78 13.62 13.52 13.61 13.61 13.63 13.69 13.89 13.94 13.96 14.02 14.05 14.01 14.01
17.22 17.52 17.50 17.41 17.28 17.12 16.93 16.74 16.57 16.41 16.27 15.95 15.77 15.65 15.56 15.47 15.32 15.49 15.40 15.41 15.43 15.31 15.40 15.53 15.60 15.78 15.89 16.07 15.99 16.27 16.34 16.38 16.40 16.23 16.24 16.25 16.22 16.23 16.25 16.27 16.32 16.43 16.50 16.45 16.52 16.61 16.73 16.81 16.86 16.91 16.93 16.92 16.85 16.73 16.50 16.26 16.00 15.65 15.28 14.90 14.66 14.27 13.93 13.70 13.50 13.39 13.34 13.34 13.58 13.66 13.83 13.97 14.01 14.09 14.15 14.20 14.16
18.22 18.31 18.23 18.08 17.86 17.63 17.34 17.07 16.83 16.61 16.43 16.25 15.96 15.89 15.86 15.83 15.90 15.61 15.78 15.58 15.56 15.58 15.63 15.73 15.80 15.95 16.01 16.08 16.27 16.24 16.26 16.25 16.22 16.19 15.98 15.98 15.96 15.97 15.98 16.00 16.09 16.14 16.05 16.14 16.23 16.33 16.49 16.60 16.70 16.78 16.83 16.84 16.79 16.69 16.57 16.33 15.99 15.64 15.27 14.89 14.49 14.15 13.85 13.61 13.41 13.30 13.26 13.28 13.26 13.38 13.56 13.76 14.10 14.21 14.30 14.37 14.42
19.05 19.04 18.96 18.71 18.39 18.04 17.69 17.35 17.04 16.68 16.47 16.33 16.28 16.28 16.22 16.26 16.14 15.99 15.98 15.90 15.83 15.79 15.75 15.83 15.94 16.08 16.22 16.16 16.21 16.30 16.25 16.11 16.03 15.97 15.93 15.79 15.70 15.71 15.73 15.74 15.82 15.69 15.74 15.82 15.93 16.07 16.24 16.41 16.57 16.68 16.76 16.80 16.80 16.74 16.60 16.37 16.07 15.67 15.31 14.91 14.47 14.19 13.81 13.55 13.37 13.25 13.11 13.15 13.26 13.41 13.59 13.86 14.18 14.32 14.48 14.58 14.65
19.83 19.78 19.56 19.25 18.83 18.37 17.93 17.51 17.12 16.70 16.45 16.32 16.30 16.39 16.43 16.45 16.47 16.43 16.22 16.18 15.99 15.89 15.87 15.92 16.04 16.21 16.34 16.50 16.50 16.35 16.18 15.97 15.83 15.73 15.68 15.65 15.59 15.61 15.59 15.46 15.45 15.42 15.42 15.47 15.59 15.76 15.96 16.17 16.45 16.62 16.73 16.85 16.87 16.80 16.68 16.46 16.16 15.78 15.30 14.88 14.57 14.17 13.87 13.51 13.23 13.11 13.09 13.16 13.28 13.48 13.70 14.12 14.21 14.38 14.69 14.82 14.92
20.57 20.46 20.10 19.63 19.14 18.60 18.07 17.57 17.13 16.64 16.32 16.17 16.24 16.37 16.62 16.87 16.85 16.81 16.49 16.22 16.12 15.96 15.89 15.95 16.16 16.33 16.51 16.60 16.57 16.43 16.21 15.96 15.73 15.48 15.42 15.40 15.37 15.39 15.39 15.22 15.21 15.15 15.16 15.20 15.29 15.53 15.77 16.03 16.27 16.55 16.70 16.85 16.97 16.98 16.82 16.62 16.36 15.88 15.43 14.99 14.57 14.20 13.84 13.57 13.20 13.06 13.05 13.17 13.43 13.68 14.06 14.30 14.51 14.73 14.91 15.17 15.21
21.26 21.00 20.48 19.88 19.26 18.66 18.10 17.56 17.04 16.52 16.11 15.90 15.99 16.30 16.68 17.07 17.23 17.16 16.70 16.32 16.01 15.91 15.81 15.95 16.13 16.34 16.56 16.72 16.67 16.42 16.13 15.80 15.48 15.27 15.16 15.18 15.18 15.12 15.20 15.18 15.03 14.95 14.94 14.92 15.04 15.33 15.63 15.93 16.22 16.43 16.66 16.87 17.03 17.09 17.06 16.88 16.46 16.01 15.52 15.03 14.58 14.19 13.89 13.60 13.34 13.03 13.03 13.26 13.53 13.82 14.13 14.51 14.77 14.97 15.16 15.34 15.57
25.00 21.22 20.52 19.85 19.19 18.56 17.96 17.40 16.86 16.34 15.85 15.43 15.78 16.17 16.60 17.07 17.59 17.25 16.71 16.26 15.91 15.66 15.66 15.83 16.03 16.27 16.53 16.80 16.68 16.36 16.03 15.67 15.28 14.94 14.98 15.00 14.96 14.98 15.00 15.06 15.02 14.85 14.84 14.80 14.89 15.25 15.59 15.89 16.18 16.45 16.67 16.86 17.05 17.15 17.22 17.05 16.62 16.16 15.66 15.14 14.60 14.30 14.02 13.74 13.46 13.17 13.12 13.39 13.69 14.00 14.34 14.79 15.00 15.20 15.41 15.61 15.80
