data/SP espacial/Ca_SP.grd
DSAA
132	56
0.0000	120.0000
0.0000	50.0000
4.0000	10.0000
[rows 0 to 37 of 56, columns 0 to 83 of 132]
10.00 8.45 8.37 8.27 8.16 8.04 7.91 7.84 7.68 7.53 7.34 7.18 6.96 6.68 6.45 6.22 6.00 5.78 5.58 5.39 5.22 5.07 5.02 5.08 5.15 5.22 5.30 5.38 5.51 5.59 5.68 5.78 5.58 5.66 5.72 5.76 5.79 5.82 5.83 5.55 5.58 5.55 5.58 5.61 5.63 5.61 5.59 5.65 5.63 5.62 5.66 5.65 5.75 5.73 5.72 5.84 5.81 5.77 5.72 5.67 5.61 5.40 5.34 5.29 5.23 5.19 5.18 5.18 5.19 5.20 5.21 5.22 5.23 5.25 5.27 5.47 5.48 5.44 5.44 5.56 5.61 5.59 5.46 5.43
8.48 8.49 8.43 8.35 8.25 8.14 8.01 7.87 7.79 7.63 7.43 7.22 7.04 6.80 6.52 6.28 6.05 5.83 5.62 5.43 5.26 5.12 5.10 5.11 5.16 5.22 5.29 5.36 5.48 5.56 5.65 5.47 5.56 5.64 5.70 5.74 5.77 5.80 5.82 5.55 5.57 5.54 5.57 5.59 5.60 5.59 5.57 5.63 5.62 5.61 5.64 5.73 5.72 5.71 5.69 5.81 5.78 5.74 5.69 5.63 5.57 5.37 5.31 5.25 5.20 5.15 5.14 5.14 5.14 5.14 5.15 5.17 5.18 5.20 5.40 5.42 5.40 5.39 5.39 5.57 5.55 5.53 5.40 5.37
8.43 8.47 8.45 8.40 8.32 8.22 8.10 7.96 7.88 7.72 7.52 7.30 7.07 6.88 6.58 6.35 6.11 5.89 5.68 5.49 5.32 5.20 5.18 5.17 5.19 5.24 5.30 5.36 5.47 5.54 5.62 5.45 5.53 5.62 5.68 5.73 5.76 5.80 5.81 5.55 5.56 5.53 5.55 5.56 5.57 5.56 5.55 5.61 5.60 5.59 5.63 5.72 5.71 5.69 5.67 5.78 5.75 5.71 5.66 5.60 5.54 5.34 5.28 5.22 5.17 5.12 5.11 5.10 5.09 5.10 5.11 5.13 5.14 5.16 5.35 5.34 5.36 5.37 5.35 5.52 5.51 5.48 5.36 5.33
8.39 8.44 8.45 8.42 8.36 8.28 8.18 8.05 7.90 7.81 7.61 7.39 7.16 6.92 6.66 6.42 6.18 5.95 5.74 5.55 5.39 5.27 5.25 5.23 5.24 5.27 5.31 5.37 5.46 5.53 5.33 5.51 5.52 5.60 5.67 5.72 5.76 5.78 5.80 5.54 5.55 5.52 5.52 5.53 5.53 5.53 5.53 5.59 5.59 5.58 5.71 5.70 5.69 5.68 5.66 5.76 5.73 5.78 5.63 5.57 5.50 5.31 5.25 5.18 5.13 5.09 5.07 5.06 5.06 5.06 5.08 5.09 5.11 5.20 5.28 5.31 5.33 5.34 5.35 5.30 5.48 5.45 5.34 5.30
8.34 8.41 8.44 8.43 8.39 8.33 8.24 8.12 7.98 7.90 7.71 7.49 7.26 7.01 6.75 6.48 6.24 6.01 5.79 5.60 5.44 5.33 5.31 5.28 5.27 5.29 5.33 5.38 5.46 5.29 5.35 5.51 5.58 5.60 5.66 5.71 5.75 5.77 5.80 5.54 5.54 5.50 5.50 5.50 5.50 5.50 5.50 5.56 5.57 5.57 5.70 5.70 5.69 5.68 5.66 5.80 5.81 5.76 5.70 5.54 5.46 5.28 5.21 5.14 5.09 5.05 5.04 5.03 5.03 5.04 5.05 5.07 5.15 5.23 5.26 5.29 5.31 5.33 5.34 5.31 5.28 5.44 5.33 5.29
8.30 8.37 8.42 8.42 8.40 8.36 8.29 8.19 8.06 7.99 7.81 7.59 7.36 7.10 6.83 6.56 6.29 6.05 5.83 5.64 5.49 5.38 5.35 5.32 5.31 5.32 5.34 5.39 5.26 5.31 5.37 5.52 5.59 5.61 5.67 5.72 5.75 5.77 5.78 5.59 5.53 5.49 5.53 5.53 5.48 5.48 5.47 5.54 5.50 5.51 5.69 5.70 5.69 5.68 5.67 5.84 5.80 5.74 5.67 5.59 5.43 5.25 5.17 5.11 5.06 5.02 5.01 5.00 5.00 5.01 5.03 5.10 5.18 5.22 5.25 5.28 5.31 5.33 5.34 5.32 5.31 5.27 5.33 5.30
8.24 8.33 8.38 8.41 8.40 8.38 8.32 8.25 8.14 8.01 7.91 7.71 7.47 7.20 6.91 6.62 6.34 6.02 5.87 5.68 5.52 5.41 5.32 5.35 5.33 5.33 5.36 5.20 5.29 5.34 5.40 5.55 5.61 5.68 5.69 5.73 5.76 5.77 5.58 5.54 5.53 5.52 5.50 5.49 5.45 5.45 5.46 5.52 5.54 5.59 5.69 5.70 5.71 5.70 5.76 5.84 5.79 5.72 5.65 5.55 5.44 5.27 5.14 5.08 5.03 5.00 4.99 4.98 4.98 5.00 5.00 5.14 5.18 5.22 5.26 5.30 5.33 5.35 5.37 5.35 5.33 5.48 5.35 5.31
8.18 8.28 8.34 8.38 8.39 8.38 8.35 8.30 8.22 8.11 8.02 7.83 7.58 7.29 6.99 6.68 6.38 6.11 5.83 5.69 5.54 5.44 5.35 5.36 5.34 5.22 5.20 5.23 5.30 5.38 5.45 5.58 5.65 5.72 5.77 5.76 5.78 5.61 5.59 5.59 5.51 5.49 5.46 5.41 5.40 5.41 5.43 5.50 5.55 5.58 5.72 5.72 5.73 5.80 5.79 5.86 5.80 5.72 5.63 5.51 5.40 5.30 5.16 5.05 5.00 4.97 4.95 4.96 4.97 4.97 5.08 5.13 5.18 5.23 5.28 5.33 5.37 5.40 5.39 5.39 5.38 5.35 5.48 5.33
8.12 8.21 8.29 8.33 8.36 8.37 8.37 8.34 8.30 8.22 8.14 7.95 7.69 7.38 7.05 6.71 6.40 6.12 5.88 5.66 5.53 5.44 5.37 5.33 5.27 5.22 5.23 5.26 5.33 5.40 5.49 5.62 5.70 5.73 5.81 5.83 5.66 5.63 5.62 5.58 5.54 5.46 5.42 5.37 5.36 5.38 5.45 5.50 5.54 5.66 5.72 5.76 5.77 5.84 5.83 5.81 5.81 5.72 5.60 5.48 5.37 5.26 5.17 5.05 4.97 4.94 4.93 4.94 4.97 5.03 5.08 5.14 5.20 5.26 5.32 5.38 5.42 5.46 5.46 5.46 5.44 5.41 5.46 5.38
7.99 8.09 8.22 8.28 8.32 8.35 8.36 8.37 8.35 8.31 8.22 8.09 7.81 7.47 7.10 6.73 6.39 6.11 5.88 5.70 5.54 5.43 5.38 5.28 5.26 5.25 5.26 5.29 5.36 5.44 5.53 5.67 5.74 5.81 5.87 5.88 5.70 5.65 5.63 5.58 5.52 5.43 5.39 5.32 5.31 5.38 5.43 5.49 5.54 5.67 5.73 5.78 5.85 5.88 5.90 5.86 5.84 5.72 5.59 5.46 5.34 5.23 5.14 5.06 4.97 4.91 4.90 4.93 4.98 5.03 5.09 5.16 5.23 5.31 5.38 5.45 5.50 5.54 5.54 5.54 5.52 5.49 5.53 5.47
7.91 8.01 8.08 8.15 8.25 8.30 8.33 8.36 8.38 8.38 8.35 8.25 7.93 7.53 7.12 6.72 6.36 6.08 5.87 5.71 5.56 5.45 5.33 5.31 5.29 5.28 5.28 5.31 5.38 5.47 5.58 5.69 5.82 5.89 5.93 5.78 5.73 5.69 5.64 5.58 5.51 5.45 5.35 5.30 5.25 5.34 5.42 5.49 5.61 5.68 5.74 5.80 5.88 5.92 5.96 5.93 5.83 5.73 5.59 5.45 5.32 5.21 5.12 5.04 4.95 4.90 4.87 4.91 4.99 5.06 5.12 5.20 5.28 5.37 5.46 5.53 5.60 5.63 5.64 5.64 5.62 5.59 5.62 5.55
8.00 7.90 7.98 8.05 8.11 8.17 8.28 8.32 8.35 8.38 8.39 8.40 7.97 7.54 7.12 6.71 6.31 6.05 5.88 5.73 5.59 5.44 5.36 5.34 5.32 5.31 5.31 5.33 5.40 5.50 5.61 5.74 5.88 5.98 5.96 5.82 5.78 5.71 5.66 5.59 5.53 5.46 5.35 5.27 5.25 5.35 5.45 5.53 5.63 5.70 5.76 5.84 5.91 5.96 6.01 5.99 5.89 5.74 5.59 5.45 5.31 5.22 5.13 5.05 4.97 4.89 4.89 4.97 5.03 5.10 5.18 5.25 5.35 5.45 5.55 5.64 5.71 5.75 5.76 5.76 5.74 5.70 5.73 5.66
7.68 7.77 7.85 7.93 8.00 8.06 8.12 8.18 8.26 8.28 8.26 8.15 7.85 7.48 7.09 6.70 6.36 6.10 5.91 5.74 5.62 5.51 5.43 5.39 5.36 5.35 5.35 5.38 5.43 5.52 5.63 5.75 5.87 5.95 5.89 5.84 5.79 5.73 5.67 5.61 5.55 5.48 5.41 5.37 5.36 5.42 5.50 5.57 5.63 5.73 5.79 5.86 5.92 5.96 5.99 5.96 5.88 5.74 5.61 5.47 5.35 5.25 5.17 5.10 5.03 4.98 4.98 5.04 5.11 5.18 5.26 5.35 5.45 5.56 5.66 5.75 5.83 5.87 5.89 5.89 5.85 5.81 5.76 5.79
7.52 7.62 7.70 7.78 7.86 7.93 7.99 8.04 8.07 8.07 8.05 7.91 7.67 7.36 7.02 6.69 6.39 6.14 5.95 5.79 5.67 5.57 5.50 5.45 5.42 5.38 5.39 5.41 5.46 5.54 5.63 5.74 5.83 5.90 5.87 5.84 5.80 5.75 5.70 5.65 5.59 5.54 5.52 5.48 5.48 5.51 5.57 5.63 5.69 5.76 5.83 5.88 5.92 5.95 5.96 5.93 5.85 5.75 5.63 5.51 5.40 5.31 5.23 5.17 5.12 5.09 5.10 5.14 5.21 5.28 5.37 5.46 5.57 5.68 5.78 5.87 5.95 6.00 6.02 6.02 6.00 5.96 5.91 5.95
7.36 7.45 7.54 7.62 7.70 7.77 7.83 7.87 7.88 7.87 7.80 7.67 7.47 7.21 6.93 6.64 6.39 6.17 5.98 5.83 5.72 5.62 5.55 5.50 5.46 5.42 5.42 5.44 5.48 5.55 5.63 5.72 5.80 5.84 5.85 5.83 5.81 5.77 5.73 5.68 5.65 5.64 5.61 5.59 5.59 5.62 5.66 5.71 5.75 5.81 5.86 5.90 5.93 5.95 5.94 5.91 5.85 5.76 5.66 5.55 5.46 5.38 5.31 5.27 5.23 5.21 5.21 5.26 5.32 5.40 5.49 5.59 5.70 5.81 5.91 6.00 6.09 6.13 6.16 6.17 6.16 6.13 6.08 6.01
7.20 7.28 7.37 7.45 7.52 7.58 7.64 7.67 7.67 7.64 7.57 7.45 7.27 7.05 6.81 6.58 6.36 6.17 6.00 5.87 5.75 5.66 5.58 5.54 5.49 5.46 5.44 5.45 5.49 5.54 5.61 5.69 5.77 5.81 5.83 5.83 5.81 5.79 5.76 5.74 5.72 5.71 5.70 5.69 5.69 5.72 5.75 5.79 5.82 5.86 5.90 5.93 5.95 5.95 5.94 5.91 5.85 5.78 5.69 5.60 5.52 5.45 5.40 5.36 5.34 5.30 5.31 5.38 5.44 5.52 5.61 5.72 5.83 5.95 6.05 6.15 6.24 6.29 6.33 6.34 6.33 6.30 6.26 6.20
7.08 7.11 7.18 7.26 7.32 7.38 7.43 7.45 7.45 7.41 7.34 7.23 7.08 6.89 6.70 6.50 6.31 6.14 5.99 5.88 5.77 5.69 5.61 5.55 5.51 5.48 5.44 5.45 5.48 5.53 5.60 5.67 5.75 5.79 5.81 5.82 5.82 5.81 5.80 5.79 5.78 5.78 5.78 5.79 5.80 5.82 5.85 5.87 5.89 5.90 5.94 5.96 5.97 5.97 5.95 5.92 5.88 5.80 5.73 5.66 5.59 5.53 5.50 5.47 5.45 5.41 5.43 5.50 5.57 5.64 5.75 5.86 5.97 6.09 6.21 6.32 6.40 6.46 6.50 6.51 6.50 6.48 6.44 6.39
6.86 6.94 7.00 7.06 7.12 7.17 7.21 7.23 7.22 7.19 7.12 7.02 6.89 6.74 6.56 6.39 6.23 6.09 5.98 5.88 5.78 5.70 5.63 5.56 5.50 5.47 5.45 5.44 5.46 5.51 5.57 5.67 5.72 5.77 5.80 5.82 5.83 5.84 5.84 5.84 5.85 5.86 5.87 5.89 5.90 5.92 5.94 5.95 5.96 5.96 5.99 6.00 6.00 5.99 5.98 5.95 5.91 5.84 5.78 5.72 5.67 5.62 5.58 5.55 5.52 5.52 5.55 5.60 5.67 5.76 5.88 5.99 6.12 6.25 6.37 6.49 6.58 6.65 6.68 6.69 6.68 6.66 6.62 6.57
6.79 6.80 6.86 6.86 6.92 6.96 6.99 7.00 6.99 6.96 6.90 6.81 6.71 6.58 6.44 6.27 6.13 6.01 5.94 5.86 5.77 5.71 5.64 5.57 5.51 5.45 5.43 5.40 5.42 5.47 5.58 5.64 5.70 5.76 5.79 5.82 5.84 5.86 5.88 5.90 5.92 5.93 5.95 5.98 6.01 6.01 6.02 6.04 6.04 6.04 6.04 6.04 6.04 6.03 6.01 5.98 5.94 5.89 5.84 5.79 5.74 5.71 5.67 5.64 5.62 5.63 5.66 5.71 5.78 5.88 6.00 6.11 6.26 6.40 6.55 6.67 6.77 6.83 6.87 6.88 6.86 6.83 6.80 6.75
6.61 6.66 6.70 6.71 6.75 6.75 6.78 6.78 6.77 6.74 6.67 6.62 6.51 6.40 6.27 6.13 6.01 5.92 5.87 5.82 5.76 5.71 5.65 5.58 5.50 5.43 5.38 5.34 5.36 5.42 5.53 5.60 5.68 5.74 5.79 5.83 5.86 5.89 5.92 5.94 5.98 6.00 6.04 6.07 6.10 6.11 6.11 6.12 6.11 6.11 6.10 6.09 6.08 6.07 6.05 6.03 5.98 5.94 5.90 5.85 5.82 5.78 5.76 5.73 5.73 5.74 5.77 5.83 5.90 5.99 6.10 6.23 6.37 6.54 6.70 6.84 6.96 7.03 7.06 7.06 7.03 7.00 6.96 6.93
6.43 6.47 6.51 6.55 6.58 6.58 6.62 6.57 6.56 6.53 6.48 6.42 6.33 6.23 6.12 6.01 5.88 5.81 5.76 5.73 5.74 5.71 5.66 5.58 5.45 5.36 5.31 5.27 5.30 5.40 5.49 5.58 5.66 5.74 5.79 5.84 5.87 5.91 5.95 5.99 6.03 6.07 6.12 6.17 6.20 6.20 6.19 6.19 6.18 6.17 6.16 6.14 6.13 6.11 6.09 6.07 6.03 5.99 5.96 5.92 5.89 5.87 5.82 5.80 5.82 5.84 5.88 5.93 5.98 6.07 6.20 6.34 6.49 6.68 6.86 7.02 7.15 7.22 7.24 7.24 7.21 7.14 7.12 7.08
6.25 6.29 6.32 6.36 6.39 6.41 6.41 6.41 6.37 6.34 6.30 6.23 6.15 6.06 5.96 5.85 5.74 5.68 5.67 5.67 5.68 5.71 5.68 5.54 5.42 5.31 5.23 5.18 5.26 5.35 5.45 5.55 5.66 5.74 5.80 5.84 5.89 5.93 5.97 6.02 6.08 6.13 6.19 6.27 6.29 6.28 6.26 6.26 6.24 6.23 6.21 6.20 6.18 6.16 6.14 6.12 6.08 6.06 6.03 6.00 5.97 5.92 5.90 5.90 5.90 5.94 5.98 6.01 6.08 6.17 6.28 6.43 6.61 6.80 7.00 7.18 7.35 7.42 7.41 7.38 7.32 7.28 7.23 7.19
6.00 6.11 6.14 6.17 6.20 6.22 6.23 6.22 6.18 6.15 6.10 6.05 5.98 5.89 5.81 5.71 5.62 5.56 5.57 5.59 5.62 5.66 5.67 5.52 5.38 5.27 5.17 5.09 5.19 5.30 5.42 5.53 5.64 5.74 5.79 5.84 5.89 5.94 5.99 6.05 6.11 6.17 6.24 6.33 6.37 6.34 6.31 6.31 6.29 6.27 6.26 6.25 6.23 6.22 6.19 6.17 6.15 6.12 6.10 6.07 6.05 6.01 5.99 5.99 6.00 6.02 6.06 6.11 6.18 6.27 6.37 6.51 6.71 6.91 7.11 7.31 7.51 7.58 7.53 7.49 7.44 7.38 7.33 7.28
6.03 6.04 5.98 6.00 6.02 6.04 6.03 6.00 5.99 5.96 5.92 5.87 5.82 5.74 5.67 5.59 5.52 5.50 5.48 5.50 5.52 5.53 5.51 5.43 5.32 5.22 5.14 5.15 5.19 5.29 5.39 5.51 5.61 5.70 5.77 5.83 5.89 5.95 6.00 6.06 6.12 6.19 6.27 6.34 6.38 6.37 6.36 6.34 6.33 6.32 6.31 6.31 6.30 6.28 6.27 6.26 6.22 6.20 6.17 6.15 6.11 6.09 6.08 6.08 6.10 6.15 6.19 6.21 6.28 6.37 6.47 6.62 6.81 6.99 7.18 7.37 7.53 7.60 7.59 7.55 7.51 7.44 7.40 7.35
5.89 5.89 5.89 5.90 5.82 5.84 5.84 5.83 5.81 5.78 5.74 5.70 5.66 5.60 5.54 5.48 5.44 5.41 5.39 5.39 5.38 5.39 5.37 5.31 5.25 5.18 5.19 5.17 5.20 5.28 5.38 5.47 5.58 5.67 5.75 5.82 5.88 5.94 6.00 6.06 6.13 6.20 6.26 6.33 6.36 6.38 6.38 6.37 6.36 6.35 6.36 6.36 6.35 6.35 6.34 6.33 6.32 6.27 6.25 6.21 6.19 6.18 6.17 6.18 6.22 6.25 6.29 6.34 6.38 6.47 6.59 6.72 6.87 7.06 7.22 7.39 7.52 7.59 7.60 7.57 7.53 7.48 7.42 7.36
5.76 5.75 5.74 5.63 5.64 5.66 5.66 5.65 5.64 5.62 5.59 5.55 5.50 5.44 5.39 5.35 5.34 5.32 5.27 5.26 5.27 5.26 5.24 5.20 5.16 5.19 5.16 5.17 5.20 5.26 5.34 5.45 5.55 5.64 5.73 5.80 5.87 5.93 6.00 6.06 6.13 6.19 6.25 6.31 6.35 6.38 6.39 6.39 6.39 6.39 6.40 6.40 6.40 6.40 6.40 6.40 6.40 6.39 6.33 6.32 6.27 6.28 6.28 6.31 6.31 6.34 6.38 6.43 6.54 6.60 6.71 6.79 6.96 7.11 7.27 7.40 7.50 7.56 7.58 7.57 7.54 7.49 7.43 7.37
5.62 5.61 5.46 5.46 5.48 5.49 5.50 5.50 5.49 5.48 5.45 5.42 5.37 5.33 5.28 5.24 5.21 5.20 5.17 5.16 5.16 5.15 5.14 5.18 5.16 5.13 5.13 5.14 5.18 5.23 5.32 5.43 5.53 5.63 5.71 5.78 5.84 5.92 5.99 6.05 6.12 6.18 6.24 6.30 6.34 6.37 6.39 6.39 6.40 6.41 6.42 6.42 6.43 6.45 6.45 6.46 6.46 6.45 6.41 6.39 6.36 6.36 6.38 6.39 6.41 6.43 6.50 6.55 6.61 6.68 6.77 6.87 7.00 7.13 7.26 7.38 7.46 7.52 7.54 7.54 7.51 7.47 7.41 7.34
5.50 5.31 5.31 5.31 5.33 5.34 5.36 5.36 5.36 5.35 5.32 5.30 5.26 5.22 5.19 5.15 5.12 5.10 5.08 5.08 5.07 5.13 5.12 5.11 5.09 5.08 5.06 5.10 5.15 5.21 5.29 5.39 5.50 5.61 5.69 5.78 5.83 5.91 5.98 6.05 6.11 6.17 6.23 6.29 6.33 6.36 6.38 6.39 6.41 6.42 6.43 6.45 6.46 6.47 6.49 6.50 6.51 6.50 6.49 6.48 6.43 6.44 6.45 6.46 6.51 6.54 6.57 6.62 6.66 6.72 6.80 6.89 7.01 7.13 7.24 7.34 7.42 7.47 7.48 7.48 7.46 7.43 7.38 7.30
5.29 5.23 5.22 5.22 5.23 5.22 5.24 5.25 5.25 5.24 5.23 5.19 5.17 5.14 5.10 5.07 5.03 5.05 5.01 5.05 5.06 5.07 5.06 5.05 5.02 5.01 5.03 5.06 5.11 5.19 5.28 5.38 5.48 5.58 5.69 5.77 5.83 5.90 5.97 6.04 6.10 6.16 6.23 6.27 6.31 6.34 6.36 6.38 6.40 6.42 6.44 6.46 6.48 6.49 6.51 6.52 6.54 6.54 6.54 6.53 6.49 6.51 6.55 6.56 6.57 6.59 6.62 6.65 6.70 6.75 6.81 6.88 6.99 7.10 7.20 7.30 7.36 7.41 7.43 7.43 7.41 7.37 7.32 7.26
5.18 5.15 5.11 5.11 5.13 5.14 5.16 5.16 5.16 5.16 5.15 5.12 5.10 5.06 5.02 4.99 5.00 4.99 5.00 5.00 5.01 5.01 4.98 4.99 4.98 4.98 4.98 5.04 5.09 5.17 5.26 5.37 5.47 5.58 5.67 5.75 5.83 5.90 5.97 6.03 6.09 6.17 6.21 6.26 6.29 6.32 6.34 6.36 6.38 6.41 6.43 6.46 6.48 6.51 6.53 6.54 6.55 6.57 6.54 6.54 6.53 6.56 6.59 6.60 6.62 6.64 6.65 6.67 6.70 6.74 6.78 6.85 6.93 7.03 7.15 7.22 7.30 7.35 7.37 7.36 7.34 7.30 7.24 7.18
5.09 5.06 5.05 5.03 5.05 5.07 5.09 5.10 5.10 5.11 5.10 5.08 5.05 5.02 4.98 4.98 4.95 4.94 4.96 4.97 4.95 4.96 4.96 4.95 4.95 4.95 4.96 4.98 5.04 5.14 5.26 5.37 5.48 5.58 5.68 5.75 5.83 5.89 5.96 6.03 6.09 6.15 6.20 6.24 6.27 6.29 6.31 6.34 6.36 6.38 6.42 6.45 6.48 6.51 6.54 6.55 6.56 6.57 6.58 6.59 6.56 6.58 6.59 6.62 6.64 6.65 6.67 6.68 6.68 6.70 6.74 6.78 6.88 6.97 7.07 7.16 7.24 7.28 7.30 7.29 7.26 7.21 7.15 7.09
5.02 4.99 4.99 4.99 5.00 5.03 5.05 5.07 5.08 5.08 5.08 5.06 5.01 5.02 4.98 4.95 4.91 4.91 4.91 4.93 4.95 4.95 4.95 4.95 4.93 4.92 4.93 4.95 5.02 5.13 5.24 5.35 5.48 5.60 5.68 5.76 5.83 5.90 5.96 6.03 6.08 6.14 6.18 6.21 6.24 6.26 6.28 6.30 6.33 6.35 6.39 6.42 6.46 6.49 6.53 6.55 6.57 6.57 6.58 6.57 6.57 6.57 6.58 6.59 6.63 6.64 6.65 6.65 6.63 6.64 6.64 6.70 6.78 6.87 6.98 7.09 7.17 7.21 7.22 7.20 7.16 7.11 7.05 6.98
4.97 4.95 4.99 5.01 5.03 5.05 5.05 5.07 5.09 5.09 5.08 5.06 5.07 5.04 5.00 4.95 4.90 4.89 4.92 4.95 4.97 4.97 4.98 4.96 4.95 4.94 4.93 4.94 5.01 5.13 5.26 5.39 5.51 5.63 5.71 5.78 5.85 5.91 5.97 6.02 6.07 6.12 6.15 6.17 6.19 6.21 6.23 6.26 6.29 6.31 6.35 6.38 6.42 6.47 6.52 6.55 6.55 6.55 6.56 6.57 6.56 6.57 6.56 6.56 6.57 6.61 6.61 6.57 6.56 6.56 6.57 6.58 6.66 6.77 6.89 7.00 7.10 7.14 7.12 7.09 7.04 6.99 6.94 6.88
4.00 4.98 5.01 5.04 5.07 5.10 5.12 5.14 5.13 5.14 5.13 5.13 5.12 5.09 5.05 4.99 4.92 4.92 4.97 5.01 5.03 5.04 5.02 5.01 5.00 4.99 4.96 4.94 5.03 5.17 5.30 5.44 5.57 5.68 5.75 5.81 5.88 5.93 5.98 6.02 6.06 6.11 6.13 6.14 6.15 6.17 6.19 6.22 6.24 6.26 6.29 6.33 6.37 6.42 6.48 6.52 6.50 6.50 6.50 6.53 6.56 6.52 6.50 6.50 6.51 6.53 6.53 6.50 6.47 6.46 6.46 6.45 6.54 6.65 6.77 6.89 7.02 7.05 7.01 6.97 6.92 6.86 6.81 6.76
5.06 5.06 5.08 5.11 5.15 5.18 5.19 5.21 5.18 5.20 5.22 5.21 5.20 5.18 5.14 5.10 5.05 5.05 5.07 5.10 5.12 5.09 5.09 5.10 5.09 5.07 5.06 5.07 5.14 5.25 5.37 5.49 5.60 5.70 5.77 5.84 5.91 5.95 5.98 6.03 6.07 6.09 6.11 6.11 6.12 6.13 6.15 6.16 6.18 6.20 6.22 6.25 6.29 6.34 6.39 6.41 6.41 6.41 6.42 6.43 6.45 6.42 6.41 6.40 6.41 6.42 6.41 6.39 6.37 6.35 6.35 6.38 6.43 6.52 6.63 6.74 6.83 6.87 6.86 6.82 6.78 6.74 6.68 6.63
5.18 5.17 5.18 5.21 5.24 5.21 5.29 5.22 5.26 5.29 5.31 5.32 5.31 5.30 5.28 5.25 5.22 5.22 5.22 5.24 5.21 5.21 5.20 5.19 5.21 5.20 5.20 5.22 5.27 5.35 5.45 5.55 5.65 5.73 5.80 5.87 5.93 5.97 6.00 6.04 6.06 6.08 6.09 6.09 6.09 6.10 6.10 6.11 6.11 6.12 6.14 6.16 6.20 6.23 6.26 6.29 6.29 6.29 6.30 6.31 6.32 6.32 6.29 6.28 6.28 6.28 6.27 6.25 6.24 6.23 6.24 6.27 6.32 6.38 6.47 6.56 6.63 6.67 6.68 6.66 6.64 6.60 6.53 6.49
5.29 5.29 5.30 5.22 5.26 5.29 5.33 5.37 5.39 5.41 5.42 5.43 5.45 5.45 5.44 5.42 5.41 5.40 5.38 5.39 5.36 5.36 5.35 5.33 5.32 5.32 5.33 5.37 5.41 5.47 5.55 5.63 5.71 5.79 5.85 5.91 5.96 6.00 6.02 6.05 6.06 6.07 6.07 6.07 6.06 6.05 6.05 6.05 6.04 6.04 6.05 6.06 6.09 6.11 6.13 6.15 6.15 6.15 6.16 6.17 6.18 6.18 6.18 6.15 6.14 6.13 6.12 6.11 6.10 6.10 6.11 6.14 6.18 6.22 6.30 6.37 6.44 6.48 6.50 6.50 6.48 6.46 6.43 6.36
5.41 5.27 5.30 5.31 5.35 5.39 5.44 5.47 5.51 5.53 5.55 5.57 5.58 5.58 5.59 5.57 5.60 5.60 5.57 5.57 5.54 5.52 5.51 5.49 5.48 5.48 5.48 5.51 5.55 5.57 5.64 5.70 5.77 5.84 5.90 5.95 6.00 6.03 6.04 6.06 6.06 6.06 6.05 6.04 6.03 6.01 5.99 5.98 5.96 5.95 5.95 5.95 5.97 5.98 5.99 6.00 6.00 6.00 6.02 6.02 6.02 6.03 6.03 6.03 5.98 5.97 5.96 5.95 5.95 5.95 5.96 5.99 6.03 6.08 6.13 6.19 6.25 6.29 6.32 6.34 6.34 6.33 6.31 6.29
