data/SP espacial/EstC_SP.grd
DSAA
132	56
0.0000	120.0000
0.0000	50.0000
16.8090	26.3900
[rows 0 to 33 of 56, columns 0 to 76 of 132]
26.39 24.35 24.17 23.99 23.80 23.60 23.40 23.16 22.94 22.76 22.54 22.29 22.07 21.80 21.58 21.37 21.16 20.95 20.74 20.54 20.34 20.14 19.96 19.91 19.88 19.85 19.83 19.82 19.81 19.81 19.81 19.82 19.65 19.65 19.66 19.67 19.68 19.69 19.71 19.70 19.73 19.76 19.79 19.82 19.82 19.82 19.83 19.84 19.85 19.86 19.88 19.88 19.92 19.90 19.88 19.87 19.84 19.85 19.82 19.79 19.76 19.66 19.63 19.61 19.58 19.56 19.58 19.58 19.58 19.59 19.60 19.62 19.63 19.65 19.67 19.76 19.79
24.47 24.36 24.21 24.03 23.84 23.64 23.43 23.21 22.97 22.78 22.55 22.33 22.08 21.86 21.59 21.38 21.16 20.94 20.73 20.53 20.33 20.14 19.99 19.91 19.87 19.83 19.81 19.79 19.78 19.78 19.78 19.64 19.65 19.66 19.67 19.67 19.68 19.67 19.69 19.69 19.71 19.74 19.77 19.79 19.80 19.81 19.82 19.84 19.86 19.87 19.89 19.91 19.91 19.90 19.88 19.87 19.84 19.84 19.81 19.78 19.74 19.66 19.63 19.60 19.58 19.55 19.56 19.56 19.56 19.57 19.58 19.60 19.62 19.64 19.72 19.74 19.78
24.43 24.34 24.20 24.03 23.85 23.65 23.44 23.22 22.99 22.78 22.56 22.33 22.10 21.86 21.63 21.38 21.16 20.94 20.73 20.53 20.33 20.16 20.02 19.93 19.86 19.82 19.79 19.77 19.76 19.75 19.76 19.65 19.66 19.67 19.67 19.68 19.68 19.66 19.66 19.67 19.68 19.71 19.73 19.75 19.77 19.79 19.81 19.84 19.86 19.88 19.89 19.90 19.90 19.90 19.89 19.87 19.85 19.84 19.81 19.77 19.73 19.67 19.63 19.60 19.57 19.55 19.55 19.54 19.54 19.55 19.57 19.59 19.61 19.64 19.70 19.74 19.77
24.38 24.30 24.18 24.02 23.84 23.65 23.44 23.22 23.00 22.78 22.55 22.33 22.10 21.87 21.62 21.38 21.16 20.94 20.73 20.53 20.34 20.18 20.04 19.94 19.87 19.81 19.78 19.76 19.74 19.74 19.65 19.66 19.67 19.68 19.68 19.68 19.67 19.67 19.64 19.65 19.65 19.67 19.69 19.71 19.73 19.76 19.79 19.82 19.86 19.89 19.87 19.89 19.90 19.90 19.90 19.89 19.86 19.85 19.81 19.77 19.73 19.67 19.63 19.60 19.57 19.54 19.53 19.52 19.52 19.54 19.56 19.58 19.61 19.66 19.70 19.74 19.77
24.34 24.26 24.14 23.99 23.82 23.63 23.42 23.21 22.99 22.77 22.54 22.31 22.08 21.85 21.62 21.38 21.15 20.94 20.73 20.53 20.34 20.18 20.05 19.95 19.87 19.81 19.77 19.74 19.72 19.66 19.67 19.68 19.68 19.69 19.68 19.67 19.66 19.65 19.61 19.62 19.61 19.63 19.64 19.65 19.69 19.72 19.76 19.80 19.85 19.89 19.85 19.88 19.90 19.91 19.92 19.91 19.89 19.86 19.82 19.78 19.73 19.68 19.64 19.60 19.56 19.53 19.51 19.50 19.51 19.52 19.54 19.57 19.62 19.66 19.71 19.74 19.78
24.30 24.22 24.10 23.96 23.79 23.60 23.39 23.18 22.96 22.74 22.52 22.29 22.06 21.83 21.60 21.38 21.14 20.93 20.72 20.52 20.34 20.18 20.05 19.94 19.86 19.80 19.75 19.73 19.67 19.67 19.68 19.69 19.70 19.70 19.69 19.67 19.65 19.63 19.61 19.57 19.57 19.57 19.57 19.59 19.64 19.68 19.72 19.77 19.83 19.88 19.83 19.87 19.91 19.93 19.94 19.93 19.91 19.88 19.83 19.78 19.73 19.69 19.64 19.59 19.55 19.52 19.49 19.49 19.49 19.51 19.54 19.57 19.62 19.67 19.72 19.76 19.80
24.26 24.17 24.06 23.91 23.74 23.55 23.35 23.14 22.92 22.70 22.49 22.26 22.03 21.80 21.58 21.35 21.13 20.91 20.71 20.51 20.32 20.16 20.03 19.92 19.84 19.78 19.74 19.69 19.68 19.69 19.70 19.71 19.71 19.72 19.70 19.67 19.64 19.61 19.60 19.53 19.51 19.50 19.50 19.51 19.58 19.62 19.67 19.75 19.81 19.78 19.82 19.87 19.92 19.96 19.97 19.97 19.95 19.91 19.85 19.79 19.73 19.67 19.64 19.59 19.54 19.51 19.47 19.47 19.48 19.50 19.53 19.57 19.62 19.68 19.74 19.79 19.84
24.21 24.13 24.01 23.86 23.69 23.50 23.30 23.09 22.87 22.65 22.44 22.22 21.99 21.77 21.54 21.32 21.10 20.89 20.68 20.48 20.30 20.13 20.00 19.90 19.81 19.72 19.70 19.70 19.71 19.70 19.72 19.73 19.73 19.74 19.72 19.67 19.63 19.62 19.57 19.47 19.45 19.42 19.42 19.45 19.47 19.55 19.61 19.70 19.77 19.85 19.81 19.88 19.95 19.99 20.02 20.02 19.99 19.94 19.88 19.81 19.74 19.68 19.61 19.59 19.54 19.48 19.46 19.45 19.46 19.49 19.52 19.57 19.63 19.70 19.78 19.84 19.89
24.17 24.08 23.96 23.80 23.63 23.44 23.23 23.03 22.81 22.60 22.39 22.17 21.95 21.73 21.51 21.29 21.07 20.86 20.65 20.45 20.26 20.09 19.95 19.85 19.74 19.71 19.70 19.70 19.72 19.73 19.73 19.75 19.76 19.76 19.73 19.68 19.65 19.59 19.49 19.41 19.37 19.35 19.34 19.35 19.38 19.46 19.54 19.64 19.73 19.81 19.79 19.89 19.97 20.03 20.08 20.07 20.05 19.99 19.92 19.84 19.76 19.69 19.62 19.56 19.53 19.47 19.44 19.44 19.45 19.48 19.52 19.57 19.65 19.74 19.83 19.91 19.97
24.09 24.01 23.90 23.73 23.55 23.36 23.16 22.95 22.74 22.53 22.31 22.11 21.89 21.67 21.46 21.25 21.04 20.83 20.61 20.41 20.22 20.04 19.90 19.77 19.72 19.70 19.69 19.69 19.71 19.73 19.75 19.76 19.80 19.79 19.74 19.67 19.63 19.56 19.44 19.37 19.30 19.28 19.24 19.25 19.28 19.37 19.47 19.58 19.69 19.78 19.78 19.89 19.98 20.08 20.14 20.16 20.12 20.04 19.95 19.86 19.77 19.70 19.63 19.56 19.50 19.46 19.43 19.43 19.46 19.49 19.52 19.58 19.68 19.79 19.90 19.99 20.07
24.06 23.96 23.81 23.65 23.46 23.26 23.06 22.86 22.65 22.44 22.24 22.04 21.83 21.61 21.40 21.20 21.00 20.79 20.57 20.35 20.16 19.97 19.80 19.73 19.71 19.69 19.68 19.68 19.70 19.72 19.74 19.77 19.82 19.82 19.74 19.69 19.60 19.47 19.39 19.32 19.24 19.21 19.16 19.12 19.17 19.28 19.40 19.52 19.63 19.75 19.88 19.89 20.01 20.13 20.23 20.26 20.18 20.09 19.99 19.89 19.79 19.72 19.65 19.58 19.50 19.43 19.43 19.46 19.49 19.51 19.54 19.60 19.72 19.85 19.98 20.10 20.19
24.02 23.87 23.71 23.54 23.36 23.17 22.95 22.75 22.55 22.35 22.15 21.96 21.74 21.53 21.33 21.13 20.95 20.74 20.51 20.30 20.10 19.89 19.74 19.69 19.69 19.67 19.66 19.65 19.67 19.69 19.72 19.75 19.81 19.83 19.72 19.65 19.55 19.43 19.34 19.26 19.21 19.14 19.09 19.04 19.09 19.21 19.33 19.46 19.60 19.73 19.86 19.88 20.01 20.16 20.30 20.34 20.23 20.12 20.02 19.91 19.81 19.75 19.68 19.62 19.55 19.47 19.45 19.49 19.55 19.59 19.61 19.63 19.80 19.95 20.09 20.21 20.33
23.80 23.70 23.56 23.40 23.22 23.04 22.85 22.66 22.43 22.23 22.03 21.84 21.64 21.43 21.23 21.04 20.85 20.65 20.44 20.21 20.04 19.89 19.76 19.71 19.67 19.66 19.64 19.63 19.64 19.65 19.67 19.69 19.72 19.71 19.67 19.57 19.49 19.41 19.29 19.21 19.16 19.10 19.05 19.04 19.09 19.19 19.30 19.43 19.56 19.70 19.83 19.85 19.98 20.12 20.22 20.26 20.20 20.12 20.03 19.94 19.86 19.80 19.74 19.69 19.64 19.59 19.59 19.61 19.65 19.71 19.76 19.82 19.95 20.09 20.21 20.33 20.39
23.58 23.50 23.38 23.23 23.07 22.89 22.71 22.52 22.33 22.13 21.90 21.71 21.51 21.32 21.12 20.93 20.74 20.51 20.33 20.17 20.02 19.88 19.78 19.73 19.68 19.65 19.62 19.59 19.60 19.60 19.60 19.61 19.59 19.58 19.57 19.48 19.42 19.31 19.23 19.16 19.12 19.07 19.03 19.04 19.10 19.19 19.29 19.40 19.53 19.67 19.78 19.90 19.92 20.06 20.14 20.16 20.14 20.10 20.04 19.97 19.90 19.85 19.81 19.78 19.74 19.73 19.74 19.77 19.81 19.87 19.94 20.01 20.14 20.25 20.36 20.43 20.49
23.37 23.29 23.18 23.05 22.90 22.73 22.56 22.37 22.18 21.99 21.80 21.60 21.38 21.18 21.00 20.75 20.59 20.43 20.27 20.12 19.99 19.87 19.81 19.74 19.68 19.63 19.59 19.56 19.53 19.51 19.52 19.50 19.47 19.50 19.46 19.41 19.31 19.24 19.18 19.14 19.09 19.03 19.01 19.02 19.11 19.19 19.29 19.38 19.51 19.61 19.74 19.85 19.89 19.99 20.06 20.07 20.09 20.07 20.04 20.00 19.96 19.92 19.89 19.88 19.87 19.88 19.91 19.95 20.00 20.08 20.15 20.24 20.32 20.44 20.51 20.57 20.61
23.16 23.08 22.98 22.86 22.72 22.56 22.39 22.22 22.03 21.85 21.65 21.46 21.24 21.05 20.82 20.65 20.50 20.34 20.20 20.08 19.95 19.85 19.79 19.73 19.67 19.62 19.56 19.52 19.48 19.44 19.43 19.40 19.40 19.36 19.36 19.32 19.23 19.17 19.11 19.08 19.04 19.00 18.99 19.01 19.11 19.19 19.27 19.36 19.48 19.59 19.71 19.81 19.85 19.93 19.99 20.04 20.04 20.05 20.04 20.02 20.01 19.99 19.98 19.99 20.00 20.02 20.06 20.13 20.20 20.29 20.38 20.47 20.55 20.62 20.69 20.73 20.78
22.96 22.88 22.78 22.67 22.53 22.39 22.23 22.06 21.88 21.70 21.51 21.31 21.12 20.92 20.71 20.55 20.39 20.26 20.13 20.02 19.91 19.84 19.78 19.72 19.65 19.59 19.52 19.47 19.41 19.37 19.32 19.29 19.30 19.27 19.22 19.22 19.18 19.13 19.09 19.03 19.00 18.97 18.97 19.00 19.11 19.17 19.26 19.35 19.46 19.57 19.58 19.69 19.79 19.89 19.95 20.00 20.04 20.04 20.05 20.06 20.06 20.06 20.09 20.10 20.12 20.15 20.22 20.31 20.40 20.50 20.62 20.71 20.79 20.85 20.88 20.93 20.93
22.75 22.67 22.58 22.47 22.35 22.21 22.06 21.89 21.72 21.54 21.36 21.17 20.98 20.77 20.59 20.43 20.29 20.16 20.00 19.93 19.87 19.81 19.75 19.69 19.63 19.56 19.50 19.41 19.34 19.28 19.23 19.22 19.21 19.18 19.13 19.13 19.10 19.06 19.02 18.98 18.95 18.94 18.95 18.98 19.09 19.16 19.24 19.34 19.45 19.56 19.57 19.67 19.77 19.84 19.92 19.98 20.03 20.04 20.07 20.09 20.11 20.13 20.18 20.19 20.23 20.28 20.36 20.48 20.62 20.77 20.86 20.96 21.03 21.08 21.10 21.12 21.10
22.55 22.48 22.38 22.28 22.16 22.03 21.89 21.73 21.57 21.40 21.22 21.03 20.82 20.65 20.49 20.31 20.18 20.06 19.92 19.87 19.83 19.79 19.73 19.67 19.60 19.52 19.44 19.34 19.27 19.20 19.15 19.14 19.13 19.09 19.05 19.01 19.03 19.01 18.98 18.92 18.91 18.90 18.91 18.94 19.04 19.12 19.22 19.33 19.44 19.55 19.54 19.64 19.73 19.83 19.91 19.98 20.04 20.08 20.10 20.14 20.17 20.23 20.25 20.28 20.32 20.39 20.50 20.64 20.81 20.99 21.16 21.22 21.29 21.32 21.33 21.31 21.26
22.36 22.28 22.19 22.09 21.97 21.86 21.72 21.58 21.42 21.25 21.09 20.89 20.71 20.53 20.35 20.18 20.04 19.94 19.84 19.81 19.79 19.76 19.72 19.65 19.57 19.47 19.38 19.26 19.18 19.11 19.09 19.05 19.01 19.00 18.98 18.94 18.97 18.95 18.90 18.89 18.88 18.87 18.88 18.91 19.01 19.10 19.20 19.33 19.44 19.54 19.54 19.64 19.74 19.83 19.91 20.00 20.06 20.12 20.16 20.19 20.24 20.27 20.32 20.37 20.40 20.48 20.60 20.78 20.99 21.21 21.37 21.50 21.56 21.58 21.54 21.48 21.40
22.16 22.09 22.00 21.90 21.79 21.67 21.54 21.43 21.28 21.12 20.95 20.77 20.60 20.41 20.22 20.05 19.89 19.80 19.75 19.75 19.76 19.75 19.71 19.64 19.53 19.41 19.29 19.18 19.08 19.05 19.01 18.98 18.94 18.93 18.90 18.91 18.92 18.90 18.87 18.86 18.86 18.85 18.85 18.88 18.96 19.08 19.20 19.34 19.46 19.56 19.57 19.67 19.79 19.86 19.95 20.03 20.10 20.17 20.22 20.26 20.31 20.35 20.38 20.41 20.46 20.54 20.68 20.90 21.15 21.42 21.65 21.80 21.84 21.82 21.75 21.66 21.57
21.98 21.91 21.82 21.73 21.63 21.51 21.39 21.26 21.14 20.98 20.83 20.67 20.49 20.30 20.10 19.91 19.74 19.66 19.65 19.68 19.71 19.75 19.73 19.62 19.49 19.35 19.21 19.08 19.02 18.98 18.94 18.91 18.88 18.87 18.85 18.85 18.85 18.88 18.85 18.84 18.85 18.84 18.84 18.87 18.94 19.08 19.22 19.37 19.48 19.59 19.60 19.71 19.83 19.91 19.98 20.06 20.15 20.23 20.30 20.35 20.39 20.44 20.46 20.48 20.52 20.57 20.73 20.99 21.30 21.62 21.93 22.11 22.13 22.04 21.93 21.81 21.70
21.81 21.74 21.66 21.57 21.47 21.36 21.24 21.11 21.00 20.87 20.73 20.58 20.40 20.21 20.01 19.81 19.61 19.54 19.58 19.63 19.67 19.71 19.74 19.59 19.44 19.29 19.14 18.99 18.95 18.92 18.89 18.86 18.83 18.83 18.81 18.80 18.85 18.87 18.88 18.85 18.86 18.85 18.85 18.86 18.96 19.12 19.27 19.41 19.54 19.65 19.66 19.77 19.91 19.98 20.04 20.12 20.22 20.31 20.38 20.45 20.51 20.52 20.54 20.57 20.59 20.62 20.77 21.09 21.42 21.76 22.11 22.46 22.32 22.18 22.05 21.92 21.80
21.67 21.59 21.51 21.43 21.33 21.23 21.11 21.02 20.90 20.77 20.63 20.48 20.31 20.14 19.95 19.77 19.61 19.55 19.55 19.58 19.61 19.63 19.60 19.51 19.37 19.23 19.08 18.99 18.92 18.88 18.84 18.82 18.80 18.79 18.81 18.81 18.84 18.86 18.85 18.87 18.87 18.89 18.91 18.97 19.05 19.20 19.35 19.47 19.62 19.73 19.74 19.84 19.97 20.05 20.15 20.23 20.32 20.40 20.48 20.54 20.60 20.61 20.64 20.67 20.72 20.81 20.97 21.20 21.50 21.82 22.12 22.34 22.33 22.24 22.12 22.00 21.87
21.54 21.45 21.37 21.28 21.20 21.11 21.01 20.90 20.80 20.67 20.54 20.39 20.24 20.08 19.92 19.77 19.65 19.58 19.55 19.55 19.54 19.54 19.49 19.41 19.30 19.16 19.06 18.97 18.90 18.85 18.81 18.80 18.79 18.81 18.82 18.83 18.87 18.89 18.87 18.90 18.92 18.96 19.01 19.07 19.19 19.33 19.46 19.58 19.70 19.80 19.91 19.93 20.06 20.15 20.24 20.32 20.43 20.51 20.59 20.65 20.70 20.73 20.75 20.80 20.88 20.97 21.12 21.34 21.57 21.82 22.07 22.22 22.27 22.22 22.13 22.02 21.91
21.41 21.33 21.25 21.17 21.09 21.01 20.91 20.81 20.70 20.59 20.47 20.33 20.19 20.05 19.88 19.77 19.68 19.61 19.57 19.53 19.50 19.46 19.41 19.33 19.23 19.12 19.00 18.94 18.88 18.84 18.84 18.82 18.82 18.82 18.84 18.86 18.92 18.91 18.94 18.97 19.02 19.06 19.12 19.20 19.33 19.47 19.59 19.70 19.79 19.90 20.01 20.02 20.16 20.27 20.35 20.43 20.51 20.59 20.71 20.76 20.80 20.82 20.87 20.95 21.00 21.09 21.23 21.41 21.62 21.83 22.01 22.13 22.18 22.18 22.09 22.01 21.91
21.30 21.22 21.14 21.07 21.00 20.92 20.83 20.73 20.63 20.52 20.40 20.28 20.16 20.03 19.89 19.79 19.71 19.64 19.56 19.52 19.47 19.42 19.34 19.27 19.19 19.09 18.96 18.93 18.87 18.85 18.84 18.83 18.83 18.84 18.86 18.88 18.92 18.96 19.00 19.05 19.11 19.18 19.26 19.37 19.46 19.59 19.70 19.78 19.90 20.01 20.11 20.20 20.25 20.37 20.45 20.53 20.61 20.72 20.77 20.83 20.89 20.91 21.00 21.04 21.10 21.18 21.30 21.45 21.62 21.78 21.93 22.02 22.06 22.07 22.06 21.96 21.88
21.19 21.11 21.05 20.98 20.91 20.84 20.76 20.66 20.57 20.47 20.36 20.24 20.09 20.00 19.91 19.82 19.74 19.66 19.58 19.52 19.45 19.39 19.32 19.23 19.14 19.05 19.00 18.83 18.89 18.86 18.85 18.85 18.87 18.87 18.88 18.91 18.98 19.03 19.10 19.16 19.23 19.31 19.41 19.51 19.61 19.70 19.80 19.92 20.03 20.12 20.22 20.31 20.38 20.46 20.56 20.63 20.74 20.80 20.85 20.90 20.99 20.98 21.08 21.12 21.16 21.25 21.35 21.46 21.59 21.72 21.84 21.92 21.95 21.97 21.96 21.93 21.83
21.06 21.01 20.95 20.89 20.82 20.77 20.69 20.60 20.51 20.42 20.32 20.18 20.09 20.01 19.92 19.84 19.77 19.64 19.59 19.52 19.45 19.38 19.30 19.21 19.13 19.05 18.99 18.97 18.89 18.86 18.85 18.86 18.88 18.90 18.91 18.96 19.04 19.11 19.19 19.28 19.36 19.46 19.55 19.66 19.75 19.85 19.94 20.04 20.14 20.23 20.32 20.41 20.48 20.56 20.68 20.75 20.82 20.87 20.92 20.96 20.99 21.08 21.09 21.15 21.22 21.29 21.36 21.45 21.54 21.63 21.70 21.78 21.83 21.85 21.85 21.83 21.79
20.97 20.92 20.87 20.82 20.75 20.69 20.61 20.54 20.46 20.32 20.25 20.17 20.10 20.02 19.95 19.87 19.78 19.68 19.61 19.54 19.47 19.39 19.30 19.22 19.14 19.05 19.02 18.93 18.88 18.87 18.86 18.86 18.88 18.92 18.98 19.00 19.11 19.20 19.30 19.40 19.51 19.60 19.71 19.81 19.91 19.99 20.08 20.16 20.25 20.34 20.42 20.50 20.57 20.69 20.75 20.81 20.87 20.93 20.96 21.01 21.04 21.13 21.13 21.18 21.23 21.29 21.35 21.42 21.48 21.55 21.60 21.66 21.70 21.71 21.73 21.72 21.69
20.89 20.84 20.79 20.75 20.70 20.63 20.57 20.50 20.42 20.32 20.25 20.18 20.11 20.03 19.96 19.88 19.80 19.73 19.65 19.57 19.48 19.41 19.33 19.24 19.16 19.09 19.03 18.94 18.89 18.87 18.87 18.87 18.89 18.94 19.01 19.13 19.21 19.30 19.41 19.51 19.61 19.75 19.86 19.97 20.07 20.15 20.21 20.29 20.37 20.43 20.53 20.61 20.68 20.75 20.81 20.87 20.92 20.96 20.99 21.04 21.08 21.15 21.16 21.18 21.22 21.26 21.31 21.36 21.40 21.44 21.48 21.53 21.55 21.57 21.59 21.60 21.58
20.81 20.76 20.72 20.68 20.65 20.59 20.53 20.47 20.42 20.32 20.26 20.19 20.12 20.06 19.99 19.92 19.85 19.77 19.67 19.60 19.53 19.45 19.37 19.28 19.19 19.12 19.04 18.97 18.92 18.90 18.89 18.89 18.90 18.96 19.07 19.19 19.28 19.41 19.53 19.63 19.74 19.90 20.03 20.15 20.25 20.31 20.35 20.41 20.46 20.51 20.58 20.65 20.65 20.74 20.86 20.91 20.95 20.97 21.01 21.06 21.10 21.12 21.15 21.15 21.18 21.21 21.24 21.27 21.29 21.32 21.34 21.37 21.40 21.42 21.44 21.46 21.46
20.74 20.70 20.68 20.64 20.61 20.56 20.51 20.47 20.41 20.32 20.26 20.20 20.16 20.10 20.04 19.97 19.90 19.82 19.72 19.65 19.58 19.50 19.42 19.32 19.24 19.16 19.09 19.01 18.97 18.96 18.95 18.94 18.93 18.98 19.12 19.26 19.37 19.49 19.62 19.75 19.88 20.04 20.19 20.33 20.42 20.45 20.47 20.52 20.58 20.60 20.63 20.67 20.66 20.75 20.89 20.93 20.94 20.97 21.00 21.05 21.09 21.11 21.08 21.07 21.07 21.12 21.14 21.13 21.14 21.16 21.18 21.19 21.21 21.24 21.27 21.30 21.33
20.67 20.66 20.64 20.61 20.58 20.53 20.49 20.44 20.39 20.34 20.28 20.25 20.20 20.14 20.08 20.02 19.96 19.86 19.79 19.71 19.64 19.56 19.46 19.39 19.31 19.24 19.16 19.08 19.05 19.05 19.05 19.04 19.02 19.05 19.21 19.37 19.47 19.60 19.73 19.86 20.00 20.17 20.31 20.47 20.56 20.55 20.55 20.61 20.62 20.64 20.65 20.69 20.65 20.75 20.86 20.92 20.91 20.91 20.94 20.99 21.05 21.02 20.98 20.95 20.95 20.96 20.98 20.97 20.97 20.98 20.99 20.99 21.02 21.05 21.09 21.12 21.16
