data/SP espacial/F03032017.grd
DSAA
132	56
0.0000	120.0000
0.0000	50.0000
3.4176	6.0575
[rows 0 to 37 of 56, columns 0 to 83 of 132]
6.01 5.38 5.34 5.31 5.29 5.28 5.27 5.28 5.29 5.32 5.34 5.38 5.41 5.47 5.51 5.55 5.60 5.65 5.70 5.75 5.81 5.87 5.90 5.77 5.65 5.53 5.42 5.32 5.26 5.17 5.09 5.01 4.90 4.84 4.78 4.73 4.68 4.56 4.51 4.49 4.45 4.42 4.39 4.35 4.28 4.27 4.27 4.26 4.25 4.25 4.29 4.28 4.14 4.13 4.12 4.19 4.17 4.15 4.10 4.07 4.03 3.98 3.93 3.87 3.83 3.76 3.76 3.83 3.90 3.93 3.99 4.05 4.11 4.16 4.24 4.30 4.35 4.40 4.54 4.58 4.61 4.59 4.61 4.64
5.33 5.32 5.30 5.27 5.26 5.25 5.25 5.26 5.28 5.30 5.33 5.36 5.41 5.45 5.51 5.56 5.60 5.65 5.69 5.74 5.79 5.83 5.82 5.73 5.62 5.51 5.40 5.30 5.24 5.15 5.06 4.94 4.87 4.81 4.75 4.69 4.64 4.53 4.49 4.46 4.43 4.40 4.36 4.34 4.27 4.26 4.26 4.25 4.25 4.25 4.28 4.16 4.15 4.14 4.13 4.20 4.18 4.16 4.12 4.08 4.04 4.00 3.95 3.89 3.86 3.81 3.80 3.85 3.88 3.94 4.00 4.06 4.11 4.17 4.25 4.31 4.36 4.42 4.46 4.59 4.57 4.61 4.64 4.66
5.23 5.24 5.23 5.22 5.21 5.21 5.22 5.23 5.25 5.29 5.32 5.35 5.39 5.44 5.48 5.55 5.60 5.64 5.68 5.72 5.75 5.76 5.73 5.66 5.57 5.47 5.37 5.27 5.20 5.11 5.02 4.91 4.83 4.77 4.71 4.66 4.60 4.50 4.46 4.43 4.40 4.37 4.34 4.32 4.26 4.25 4.25 4.24 4.24 4.24 4.28 4.17 4.16 4.16 4.15 4.21 4.19 4.16 4.14 4.10 4.07 4.03 3.98 3.93 3.90 3.87 3.87 3.89 3.91 3.96 4.01 4.07 4.12 4.18 4.26 4.32 4.38 4.44 4.49 4.61 4.60 4.63 4.66 4.68
5.14 5.15 5.15 5.15 5.16 5.16 5.18 5.20 5.22 5.26 5.30 5.34 5.38 5.43 5.47 5.54 5.59 5.62 5.65 5.68 5.69 5.68 5.65 5.59 5.51 5.42 5.32 5.22 5.16 5.07 4.92 4.83 4.79 4.73 4.67 4.61 4.56 4.52 4.43 4.40 4.37 4.35 4.32 4.31 4.24 4.24 4.24 4.24 4.24 4.24 4.17 4.18 4.18 4.17 4.17 4.23 4.21 4.18 4.14 4.13 4.10 4.06 4.03 3.98 3.94 3.93 3.92 3.91 3.94 3.98 4.03 4.08 4.14 4.22 4.28 4.34 4.40 4.43 4.48 4.55 4.62 4.66 4.69 4.71
5.04 5.06 5.07 5.08 5.09 5.11 5.13 5.16 5.19 5.23 5.27 5.32 5.37 5.42 5.47 5.51 5.57 5.61 5.63 5.64 5.64 5.62 5.57 5.51 5.44 5.36 5.27 5.17 5.11 4.96 4.88 4.78 4.71 4.68 4.62 4.57 4.52 4.48 4.39 4.37 4.34 4.32 4.30 4.29 4.23 4.23 4.23 4.23 4.23 4.24 4.18 4.19 4.19 4.19 4.19 4.20 4.23 4.21 4.17 4.15 4.14 4.11 4.08 4.03 4.00 3.99 3.98 3.96 3.98 4.01 4.05 4.10 4.17 4.23 4.30 4.36 4.42 4.46 4.51 4.55 4.65 4.69 4.72 4.74
4.94 4.96 4.98 5.00 5.02 5.05 5.08 5.11 5.15 5.20 5.24 5.29 5.35 5.41 5.46 5.51 5.54 5.59 5.60 5.60 5.58 5.55 5.50 5.44 5.37 5.29 5.21 5.12 5.01 4.91 4.83 4.73 4.66 4.63 4.57 4.52 4.47 4.44 4.40 4.33 4.31 4.29 4.24 4.23 4.24 4.24 4.22 4.22 4.24 4.25 4.19 4.20 4.21 4.22 4.22 4.26 4.25 4.25 4.21 4.19 4.17 4.16 4.13 4.09 4.06 4.03 4.01 4.00 4.01 4.03 4.06 4.11 4.18 4.25 4.32 4.39 4.45 4.50 4.55 4.60 4.62 4.72 4.75 4.77
4.85 4.87 4.89 4.92 4.95 4.99 5.02 5.06 5.10 5.15 5.21 5.27 5.33 5.39 5.45 5.50 5.54 5.56 5.58 5.57 5.54 5.50 5.44 5.38 5.31 5.23 5.15 5.05 4.95 4.86 4.77 4.68 4.60 4.54 4.51 4.47 4.43 4.39 4.37 4.34 4.32 4.30 4.22 4.21 4.22 4.23 4.24 4.16 4.18 4.18 4.20 4.22 4.23 4.24 4.24 4.29 4.29 4.28 4.26 4.24 4.24 4.22 4.18 4.14 4.11 4.08 4.05 4.04 4.04 4.05 4.08 4.13 4.19 4.26 4.34 4.42 4.49 4.54 4.60 4.64 4.73 4.77 4.79 4.81
4.75 4.77 4.80 4.84 4.88 4.92 4.97 5.01 5.06 5.11 5.17 5.23 5.30 5.38 5.45 5.50 5.55 5.58 5.55 5.54 5.50 5.44 5.38 5.31 5.24 5.13 5.08 5.00 4.89 4.81 4.72 4.62 4.54 4.48 4.42 4.41 4.38 4.34 4.31 4.31 4.29 4.27 4.19 4.20 4.20 4.21 4.22 4.16 4.18 4.21 4.20 4.24 4.25 4.26 4.27 4.32 4.32 4.32 4.31 4.32 4.30 4.26 4.24 4.20 4.17 4.13 4.10 4.07 4.06 4.06 4.09 4.13 4.19 4.27 4.36 4.45 4.54 4.60 4.65 4.69 4.78 4.81 4.82 4.84
4.65 4.68 4.72 4.76 4.81 4.86 4.91 4.96 5.01 5.06 5.13 5.19 5.27 5.36 5.44 5.51 5.56 5.59 5.57 5.50 5.47 5.38 5.31 5.25 5.16 5.10 5.03 4.95 4.84 4.74 4.66 4.56 4.47 4.40 4.36 4.33 4.31 4.29 4.28 4.28 4.26 4.24 4.17 4.17 4.17 4.19 4.16 4.17 4.19 4.21 4.22 4.24 4.27 4.29 4.30 4.32 4.36 4.37 4.38 4.37 4.36 4.32 4.29 4.26 4.22 4.17 4.14 4.11 4.08 4.06 4.08 4.12 4.19 4.28 4.39 4.50 4.59 4.66 4.71 4.75 4.75 4.85 4.87 4.87
4.59 4.62 4.64 4.70 4.75 4.81 4.86 4.91 4.96 5.01 5.07 5.15 5.24 5.34 5.44 5.53 5.59 5.61 5.57 5.50 5.42 5.32 5.25 5.15 5.11 5.05 4.98 4.90 4.80 4.70 4.59 4.49 4.40 4.33 4.30 4.27 4.27 4.25 4.25 4.23 4.23 4.19 4.18 4.14 4.15 4.13 4.16 4.17 4.20 4.23 4.24 4.27 4.29 4.32 4.34 4.36 4.40 4.42 4.43 4.43 4.43 4.39 4.35 4.31 4.27 4.22 4.18 4.13 4.09 4.08 4.06 4.09 4.17 4.29 4.42 4.55 4.66 4.73 4.78 4.79 4.81 4.89 4.91 4.91
4.49 4.53 4.60 4.67 4.71 4.77 4.82 4.87 4.92 4.97 5.02 5.09 5.19 5.31 5.42 5.54 5.63 5.64 5.56 5.47 5.37 5.26 5.15 5.09 5.05 5.00 4.93 4.86 4.76 4.65 4.54 4.43 4.32 4.25 4.23 4.23 4.23 4.23 4.22 4.21 4.21 4.16 4.16 4.14 4.12 4.12 4.16 4.18 4.21 4.25 4.28 4.29 4.30 4.35 4.37 4.40 4.42 4.46 4.48 4.49 4.49 4.46 4.41 4.36 4.32 4.28 4.22 4.17 4.12 4.08 4.04 4.05 4.15 4.30 4.45 4.61 4.74 4.81 4.83 4.85 4.86 4.87 4.94 4.94
4.37 4.47 4.56 4.64 4.70 4.76 4.79 4.84 4.89 4.93 4.97 5.02 5.15 5.27 5.40 5.52 5.65 5.64 5.53 5.42 5.32 5.17 5.08 5.03 5.00 4.95 4.89 4.83 4.72 4.61 4.50 4.38 4.26 4.17 4.17 4.19 4.20 4.21 4.20 4.20 4.16 4.15 4.15 4.13 4.08 4.13 4.18 4.22 4.24 4.27 4.30 4.31 4.33 4.36 4.41 4.43 4.48 4.50 4.52 4.54 4.57 4.51 4.46 4.41 4.36 4.32 4.27 4.22 4.16 4.10 4.04 3.99 4.16 4.33 4.49 4.66 4.82 4.88 4.89 4.90 4.90 4.91 4.97 4.98
4.45 4.49 4.56 4.63 4.69 4.75 4.80 4.84 4.86 4.91 4.95 5.04 5.12 5.23 5.34 5.45 5.53 5.53 5.45 5.33 5.24 5.13 5.04 5.00 4.95 4.90 4.84 4.77 4.68 4.58 4.47 4.36 4.26 4.19 4.18 4.18 4.19 4.19 4.19 4.19 4.17 4.16 4.15 4.10 4.15 4.19 4.20 4.25 4.29 4.30 4.33 4.35 4.36 4.39 4.44 4.46 4.51 4.53 4.55 4.56 4.57 4.53 4.49 4.44 4.40 4.36 4.31 4.26 4.20 4.16 4.12 4.13 4.23 4.38 4.54 4.69 4.83 4.89 4.92 4.93 4.94 4.94 5.00 5.00
4.51 4.54 4.58 4.64 4.69 4.74 4.79 4.83 4.87 4.91 4.94 5.03 5.10 5.18 5.27 5.35 5.39 5.38 5.33 5.25 5.16 5.08 5.01 4.95 4.90 4.85 4.79 4.72 4.63 4.54 4.45 4.36 4.27 4.21 4.19 4.18 4.19 4.19 4.19 4.20 4.18 4.18 4.14 4.15 4.18 4.23 4.24 4.28 4.32 4.33 4.35 4.38 4.40 4.44 4.47 4.49 4.52 4.55 4.57 4.57 4.57 4.55 4.52 4.47 4.43 4.39 4.35 4.31 4.26 4.23 4.22 4.25 4.33 4.45 4.59 4.72 4.81 4.89 4.93 4.95 4.97 4.97 5.02 5.02
4.58 4.59 4.62 4.66 4.70 4.74 4.78 4.82 4.86 4.90 4.95 5.00 5.07 5.14 5.19 5.22 5.26 5.25 5.22 5.17 5.09 5.02 4.96 4.90 4.85 4.81 4.75 4.68 4.61 4.52 4.43 4.35 4.28 4.23 4.20 4.18 4.19 4.19 4.20 4.19 4.15 4.17 4.18 4.20 4.23 4.26 4.30 4.34 4.36 4.38 4.38 4.42 4.45 4.48 4.50 4.53 4.54 4.55 4.58 4.58 4.57 4.56 4.53 4.49 4.46 4.42 4.39 4.36 4.33 4.31 4.32 4.35 4.43 4.52 4.64 4.75 4.83 4.90 4.95 4.98 4.99 5.00 5.04 5.04
4.64 4.65 4.67 4.69 4.72 4.76 4.79 4.82 4.85 4.89 4.93 4.97 5.03 5.08 5.09 5.13 5.15 5.15 5.12 5.06 5.01 4.96 4.91 4.85 4.80 4.74 4.71 4.64 4.57 4.50 4.42 4.35 4.30 4.25 4.21 4.19 4.20 4.20 4.21 4.16 4.18 4.20 4.22 4.25 4.27 4.31 4.34 4.39 4.42 4.42 4.42 4.45 4.49 4.51 4.54 4.55 4.57 4.57 4.59 4.59 4.58 4.57 4.55 4.52 4.49 4.47 4.44 4.41 4.39 4.38 4.40 4.44 4.50 4.59 4.69 4.79 4.86 4.93 4.97 5.00 5.02 5.02 5.06 5.06
4.72 4.70 4.71 4.73 4.75 4.77 4.79 4.82 4.85 4.87 4.91 4.94 4.98 5.02 5.02 5.04 5.05 5.05 5.02 4.97 4.93 4.90 4.85 4.81 4.76 4.71 4.67 4.61 4.55 4.48 4.41 4.34 4.29 4.25 4.22 4.18 4.17 4.18 4.19 4.19 4.21 4.24 4.27 4.29 4.32 4.35 4.39 4.43 4.46 4.49 4.48 4.50 4.53 4.55 4.57 4.58 4.59 4.61 4.61 4.60 4.59 4.58 4.56 4.54 4.52 4.50 4.48 4.45 4.44 4.44 4.46 4.51 4.57 4.65 4.75 4.82 4.90 4.96 5.01 5.03 5.04 5.04 5.08 5.07
4.78 4.78 4.76 4.76 4.77 4.78 4.80 4.82 4.84 4.86 4.88 4.91 4.93 4.92 4.95 4.96 4.96 4.95 4.95 4.92 4.86 4.83 4.79 4.75 4.73 4.69 4.65 4.59 4.53 4.46 4.40 4.34 4.28 4.24 4.21 4.18 4.18 4.19 4.21 4.21 4.24 4.28 4.31 4.34 4.37 4.40 4.43 4.48 4.50 4.53 4.52 4.54 4.57 4.59 4.61 4.61 4.61 4.63 4.62 4.62 4.61 4.59 4.59 4.57 4.55 4.53 4.51 4.50 4.48 4.48 4.51 4.56 4.62 4.71 4.80 4.88 4.96 5.02 5.06 5.07 5.07 5.07 5.06 5.02
4.84 4.80 4.79 4.79 4.79 4.79 4.80 4.81 4.82 4.84 4.86 4.87 4.86 4.87 4.89 4.89 4.86 4.84 4.86 4.84 4.79 4.76 4.73 4.70 4.67 4.66 4.62 4.54 4.48 4.45 4.37 4.33 4.26 4.22 4.19 4.18 4.17 4.18 4.21 4.23 4.27 4.30 4.34 4.38 4.42 4.45 4.48 4.49 4.52 4.54 4.56 4.59 4.61 4.63 4.64 4.64 4.66 4.65 4.64 4.63 4.63 4.62 4.60 4.59 4.58 4.57 4.55 4.53 4.52 4.52 4.54 4.60 4.66 4.75 4.84 4.94 5.02 5.07 5.10 5.11 5.11 5.09 5.07 5.04
4.89 4.88 4.87 4.82 4.80 4.80 4.80 4.80 4.80 4.82 4.80 4.81 4.79 4.79 4.79 4.79 4.78 4.76 4.78 4.75 4.71 4.68 4.66 4.65 4.63 4.63 4.60 4.53 4.48 4.41 4.35 4.27 4.21 4.17 4.17 4.17 4.17 4.19 4.23 4.25 4.29 4.34 4.38 4.42 4.46 4.49 4.52 4.53 4.56 4.56 4.60 4.63 4.65 4.67 4.68 4.68 4.69 4.68 4.66 4.64 4.63 4.62 4.62 4.61 4.61 4.60 4.59 4.57 4.55 4.54 4.57 4.61 4.69 4.79 4.90 5.01 5.08 5.14 5.16 5.16 5.14 5.11 5.08 5.06
4.94 4.93 4.90 4.87 4.84 4.79 4.80 4.75 4.75 4.76 4.77 4.75 4.75 4.74 4.73 4.72 4.71 4.69 4.68 4.66 4.63 4.61 4.60 4.59 4.58 4.58 4.57 4.54 4.48 4.41 4.33 4.25 4.18 4.14 4.13 4.15 4.16 4.19 4.24 4.27 4.32 4.37 4.42 4.47 4.51 4.54 4.56 4.57 4.59 4.60 4.64 4.66 4.67 4.70 4.72 4.74 4.72 4.69 4.66 4.64 4.63 4.62 4.63 4.64 4.64 4.64 4.62 4.59 4.58 4.56 4.56 4.60 4.69 4.80 4.94 5.07 5.18 5.24 5.22 5.20 5.17 5.13 5.09 5.06
5.00 4.96 4.92 4.87 4.84 4.81 4.78 4.77 4.72 4.73 4.71 4.72 4.71 4.69 4.67 4.65 4.63 4.62 4.60 4.58 4.56 4.54 4.53 4.53 4.54 4.55 4.56 4.55 4.50 4.41 4.31 4.22 4.13 4.09 4.10 4.14 4.17 4.20 4.25 4.30 4.34 4.40 4.46 4.51 4.56 4.58 4.60 4.61 4.62 4.63 4.65 4.67 4.71 4.74 4.76 4.78 4.75 4.71 4.67 4.63 4.62 4.62 4.63 4.65 4.67 4.67 4.66 4.63 4.58 4.55 4.53 4.56 4.66 4.81 4.97 5.13 5.27 5.32 5.28 5.23 5.18 5.13 5.09 5.05
5.03 4.97 4.91 4.86 4.82 4.78 4.76 4.74 4.69 4.69 4.70 4.68 4.65 4.62 4.60 4.58 4.56 4.55 4.53 4.52 4.50 4.47 4.45 4.48 4.50 4.52 4.54 4.56 4.50 4.39 4.29 4.19 4.09 4.04 4.07 4.11 4.16 4.21 4.26 4.31 4.37 4.41 4.48 4.55 4.60 4.61 4.63 4.63 4.65 4.67 4.67 4.70 4.74 4.76 4.79 4.81 4.76 4.72 4.67 4.63 4.59 4.61 4.63 4.65 4.67 4.71 4.69 4.63 4.58 4.54 4.51 4.48 4.64 4.80 4.97 5.15 5.34 5.36 5.29 5.23 5.17 5.11 5.05 5.01
4.94 4.91 4.87 4.82 4.78 4.75 4.68 4.67 4.65 4.64 4.64 4.63 4.57 4.55 4.53 4.50 4.49 4.48 4.47 4.46 4.44 4.43 4.43 4.44 4.46 4.48 4.49 4.50 4.44 4.36 4.27 4.18 4.11 4.06 4.07 4.11 4.17 4.21 4.27 4.32 4.39 4.44 4.50 4.57 4.61 4.63 4.65 4.67 4.66 4.69 4.69 4.70 4.74 4.77 4.79 4.78 4.76 4.72 4.67 4.63 4.61 4.61 4.62 4.64 4.65 4.67 4.66 4.62 4.58 4.55 4.53 4.55 4.65 4.80 4.95 5.11 5.23 5.28 5.24 5.18 5.13 5.07 5.02 4.97
4.86 4.83 4.80 4.75 4.69 4.66 4.63 4.61 4.59 4.56 4.55 4.54 4.53 4.47 4.45 4.43 4.42 4.41 4.41 4.41 4.40 4.40 4.40 4.41 4.42 4.43 4.44 4.42 4.38 4.31 4.24 4.17 4.12 4.08 4.09 4.12 4.18 4.23 4.29 4.35 4.40 4.44 4.50 4.56 4.61 4.64 4.66 4.68 4.70 4.69 4.71 4.71 4.74 4.76 4.77 4.76 4.72 4.71 4.67 4.65 4.62 4.60 4.61 4.61 4.62 4.62 4.61 4.59 4.57 4.55 4.55 4.59 4.67 4.78 4.91 5.02 5.11 5.15 5.14 5.11 5.06 5.02 4.97 4.93
4.77 4.75 4.72 4.66 4.63 4.60 4.57 4.55 4.53 4.49 4.47 4.45 4.44 4.42 4.41 4.37 4.35 4.35 4.36 4.36 4.36 4.37 4.37 4.38 4.39 4.40 4.39 4.36 4.32 4.29 4.23 4.16 4.12 4.10 4.10 4.13 4.19 4.25 4.30 4.36 4.42 4.46 4.50 4.56 4.58 4.64 4.67 4.69 4.68 4.70 4.72 4.71 4.74 4.76 4.76 4.74 4.71 4.68 4.67 4.63 4.61 4.58 4.57 4.57 4.58 4.58 4.57 4.56 4.54 4.54 4.55 4.60 4.65 4.74 4.83 4.93 5.00 5.04 5.04 5.02 4.99 4.95 4.91 4.87
4.69 4.67 4.62 4.59 4.56 4.53 4.51 4.48 4.46 4.41 4.39 4.37 4.35 4.33 4.33 4.31 4.27 4.30 4.30 4.31 4.33 4.34 4.35 4.36 4.36 4.36 4.34 4.31 4.28 4.24 4.20 4.14 4.11 4.10 4.10 4.16 4.21 4.26 4.31 4.37 4.42 4.47 4.51 4.54 4.59 4.62 4.65 4.69 4.71 4.70 4.72 4.73 4.76 4.75 4.74 4.72 4.70 4.68 4.66 4.62 4.60 4.56 4.55 4.53 4.53 4.52 4.52 4.51 4.51 4.52 4.54 4.57 4.62 4.69 4.77 4.85 4.90 4.94 4.95 4.94 4.91 4.88 4.84 4.81
4.61 4.56 4.54 4.51 4.49 4.46 4.44 4.41 4.38 4.35 4.33 4.28 4.30 4.28 4.26 4.26 4.24 4.25 4.27 4.27 4.29 4.32 4.34 4.35 4.34 4.33 4.29 4.27 4.25 4.21 4.17 4.14 4.12 4.09 4.11 4.14 4.21 4.26 4.32 4.38 4.42 4.46 4.51 4.55 4.59 4.63 4.66 4.69 4.69 4.71 4.72 4.73 4.77 4.77 4.73 4.71 4.70 4.66 4.62 4.58 4.58 4.55 4.51 4.50 4.48 4.47 4.46 4.46 4.48 4.49 4.52 4.54 4.58 4.64 4.71 4.77 4.82 4.85 4.86 4.85 4.83 4.81 4.77 4.74
4.50 4.48 4.46 4.45 4.43 4.40 4.37 4.34 4.31 4.28 4.25 4.25 4.21 4.19 4.18 4.18 4.18 4.17 4.22 4.26 4.30 4.31 4.33 4.33 4.32 4.30 4.26 4.25 4.21 4.18 4.14 4.12 4.10 4.11 4.10 4.13 4.21 4.26 4.32 4.38 4.43 4.47 4.51 4.55 4.60 4.63 4.66 4.67 4.69 4.71 4.72 4.73 4.77 4.76 4.76 4.74 4.68 4.64 4.60 4.56 4.55 4.51 4.47 4.45 4.43 4.42 4.41 4.41 4.41 4.42 4.44 4.48 4.53 4.59 4.65 4.70 4.74 4.76 4.78 4.77 4.76 4.73 4.70 4.67
4.42 4.40 4.39 4.38 4.36 4.35 4.32 4.29 4.25 4.25 4.21 4.17 4.14 4.12 4.09 4.09 4.10 4.11 4.18 4.23 4.28 4.32 4.33 4.32 4.31 4.29 4.26 4.24 4.20 4.14 4.11 4.10 4.08 4.09 4.11 4.13 4.21 4.26 4.33 4.39 4.44 4.48 4.53 4.57 4.61 4.65 4.67 4.67 4.69 4.71 4.72 4.73 4.74 4.78 4.76 4.73 4.69 4.63 4.59 4.54 4.52 4.47 4.43 4.40 4.38 4.37 4.35 4.35 4.36 4.38 4.39 4.44 4.49 4.54 4.59 4.63 4.67 4.69 4.70 4.70 4.69 4.66 4.63 4.60
4.34 4.32 4.32 4.32 4.31 4.30 4.27 4.24 4.20 4.19 4.14 4.10 4.06 4.04 4.01 4.02 4.01 4.05 4.11 4.20 4.26 4.32 4.35 4.35 4.33 4.29 4.25 4.21 4.16 4.12 4.08 4.07 4.05 4.06 4.09 4.13 4.20 4.27 4.34 4.37 4.44 4.50 4.56 4.61 4.63 4.65 4.68 4.69 4.70 4.72 4.72 4.74 4.76 4.78 4.76 4.73 4.68 4.63 4.56 4.50 4.47 4.42 4.39 4.35 4.32 4.30 4.29 4.30 4.30 4.31 4.34 4.40 4.42 4.47 4.53 4.57 4.61 4.63 4.63 4.62 4.62 4.59 4.56 4.53
4.26 4.25 4.26 4.27 4.27 4.26 4.24 4.21 4.15 4.14 4.08 4.03 3.99 3.96 3.95 3.94 3.93 3.98 4.06 4.16 4.27 4.35 4.39 4.39 4.36 4.31 4.25 4.19 4.14 4.11 4.07 4.03 4.01 4.02 4.06 4.12 4.20 4.27 4.35 4.39 4.46 4.52 4.58 4.63 4.66 4.67 4.69 4.69 4.70 4.72 4.72 4.74 4.75 4.75 4.76 4.73 4.66 4.61 4.54 4.48 4.43 4.38 4.33 4.30 4.26 4.24 4.23 4.24 4.25 4.27 4.30 4.34 4.38 4.43 4.48 4.53 4.55 4.57 4.57 4.56 4.55 4.52 4.49 4.46
4.19 4.19 4.19 4.21 4.22 4.22 4.23 4.18 4.14 4.10 4.02 3.96 3.94 3.93 3.91 3.88 3.86 3.92 4.03 4.16 4.29 4.40 4.46 4.44 4.40 4.33 4.26 4.18 4.14 4.10 4.06 4.02 3.97 3.97 4.04 4.12 4.21 4.28 4.35 4.43 4.47 4.54 4.60 4.64 4.68 4.68 4.69 4.70 4.72 4.72 4.73 4.73 4.74 4.74 4.76 4.72 4.66 4.59 4.51 4.44 4.38 4.33 4.29 4.25 4.21 4.17 4.16 4.17 4.19 4.21 4.23 4.27 4.31 4.37 4.42 4.47 4.51 4.53 4.52 4.50 4.50 4.46 4.45 4.42
4.08 4.14 4.18 4.21 4.23 4.23 4.21 4.18 4.17 4.11 4.02 3.92 3.94 3.93 3.91 3.88 3.82 3.88 4.04 4.19 4.32 4.45 4.54 4.49 4.43 4.37 4.29 4.20 4.15 4.12 4.08 4.03 3.97 3.96 4.06 4.15 4.22 4.30 4.37 4.45 4.52 4.56 4.62 4.68 4.71 4.71 4.72 4.71 4.72 4.72 4.72 4.72 4.72 4.72 4.73 4.72 4.64 4.56 4.48 4.41 4.33 4.29 4.25 4.21 4.16 4.12 4.10 4.12 4.14 4.16 4.18 4.20 4.25 4.30 4.36 4.41 4.46 4.47 4.46 4.44 4.42 4.41 4.39 4.36
4.17 4.18 4.22 4.25 4.26 4.26 4.28 4.25 4.21 4.15 4.08 4.02 4.00 3.99 3.97 3.95 3.92 3.99 4.10 4.23 4.36 4.48 4.54 4.52 4.47 4.41 4.34 4.27 4.21 4.17 4.13 4.09 4.05 4.06 4.12 4.17 4.25 4.33 4.39 4.48 4.52 4.56 4.62 4.65 4.69 4.68 4.69 4.68 4.71 4.69 4.70 4.70 4.70 4.69 4.68 4.67 4.60 4.53 4.45 4.38 4.31 4.26 4.22 4.18 4.14 4.11 4.10 4.09 4.10 4.12 4.13 4.15 4.20 4.24 4.29 4.33 4.37 4.39 4.38 4.36 4.36 4.34 4.33 4.30
4.26 4.27 4.28 4.31 4.32 4.32 4.34 4.32 4.29 4.24 4.19 4.15 4.12 4.10 4.08 4.07 4.07 4.12 4.19 4.30 4.43 4.50 4.55 4.55 4.51 4.46 4.41 4.35 4.30 4.25 4.21 4.17 4.15 4.17 4.20 4.24 4.28 4.34 4.43 4.48 4.54 4.57 4.62 4.66 4.68 4.67 4.68 4.67 4.66 4.67 4.67 4.66 4.66 4.62 4.62 4.60 4.55 4.48 4.42 4.35 4.29 4.24 4.20 4.16 4.13 4.11 4.09 4.09 4.07 4.08 4.09 4.11 4.14 4.18 4.22 4.25 4.28 4.30 4.30 4.29 4.28 4.28 4.26 4.24
4.36 4.36 4.37 4.39 4.40 4.46 4.45 4.43 4.40 4.37 4.31 4.31 4.25 4.23 4.21 4.19 4.21 4.25 4.32 4.40 4.49 4.55 4.58 4.59 4.57 4.54 4.49 4.43 4.39 4.35 4.30 4.27 4.26 4.24 4.27 4.31 4.34 4.39 4.47 4.52 4.56 4.59 4.63 4.66 4.66 4.67 4.67 4.65 4.64 4.64 4.64 4.62 4.58 4.57 4.54 4.56 4.49 4.44 4.38 4.32 4.27 4.22 4.19 4.16 4.13 4.10 4.09 4.08 4.08 4.06 4.05 4.06 4.08 4.12 4.15 4.18 4.22 4.21 4.24 4.25 4.25 4.24 4.23 4.20
4.45 4.46 4.47 4.54 4.55 4.55 4.55 4.54 4.52 4.49 4.47 4.44 4.41 4.38 4.36 4.34 4.34 4.37 4.43 4.49 4.56 4.61 4.64 4.65 4.64 4.61 4.58 4.52 4.48 4.46 4.42 4.40 4.36 4.36 4.36 4.38 4.41 4.45 4.49 4.55 4.59 4.61 4.64 4.67 4.66 4.66 4.66 4.64 4.63 4.61 4.61 4.58 4.53 4.51 4.53 4.48 4.47 4.42 4.36 4.31 4.24 4.21 4.17 4.14 4.12 4.10 4.08 4.07 4.04 4.04 4.04 4.02 4.05 4.07 4.10 4.13 4.14 4.16 4.17 4.18 4.19 4.19 4.19 4.19
