data/SP espacial/F03062017.grd
DSAA
132	56
0.0000	120.0000
0.0000	50.0000
2.6347	4.6081
[rows 0 to 37 of 56, columns 0 to 83 of 132]
3.63 3.62 3.61 3.60 3.59 3.57 3.56 3.52 3.49 3.47 3.44 3.42 3.40 3.38 3.26 3.25 3.24 3.23 3.27 3.27 3.26 3.25 3.19 3.20 3.26 3.24 3.26 3.27 3.28 3.28 3.30 3.28 3.27 3.27 3.26 3.27 3.25 3.23 3.21 3.19 3.16 3.09 3.06 3.03 3.00 3.00 3.00 3.00 3.00 3.01 3.01 3.03 3.04 3.06 3.06 3.08 3.13 3.15 3.17 3.20 3.23 3.25 3.27 3.29 3.17 3.18 3.20 3.20 3.21 3.19 3.19 3.20 3.21 3.21 3.27 3.29 3.30 3.31 3.36 3.36 3.36 3.34 3.33 3.33
3.77 3.62 3.62 3.60 3.59 3.58 3.56 3.53 3.49 3.47 3.44 3.42 3.40 3.38 3.27 3.26 3.25 3.24 3.28 3.27 3.27 3.27 3.21 3.22 3.24 3.26 3.27 3.28 3.29 3.30 3.32 3.30 3.29 3.29 3.28 3.25 3.26 3.24 3.22 3.19 3.16 3.09 3.06 3.03 3.01 3.00 3.00 3.00 3.00 3.01 3.03 3.03 3.04 3.05 3.06 3.08 3.10 3.15 3.17 3.20 3.23 3.25 3.27 3.30 3.18 3.20 3.21 3.22 3.21 3.20 3.21 3.21 3.22 3.22 3.29 3.29 3.30 3.31 3.31 3.36 3.34 3.33 3.33 3.32
3.77 3.76 3.62 3.61 3.59 3.58 3.56 3.53 3.51 3.48 3.44 3.42 3.40 3.39 3.28 3.27 3.26 3.25 3.25 3.28 3.28 3.28 3.23 3.24 3.26 3.28 3.29 3.30 3.31 3.32 3.30 3.31 3.32 3.31 3.30 3.27 3.28 3.26 3.23 3.20 3.16 3.12 3.06 3.03 3.01 3.00 3.00 3.00 3.01 3.01 3.03 3.03 3.04 3.04 3.06 3.08 3.10 3.20 3.17 3.20 3.23 3.25 3.28 3.22 3.19 3.21 3.22 3.23 3.22 3.21 3.22 3.22 3.23 3.23 3.29 3.30 3.30 3.30 3.31 3.35 3.33 3.33 3.32 3.32
3.76 3.75 3.74 3.61 3.60 3.58 3.56 3.53 3.51 3.48 3.46 3.43 3.41 3.39 3.29 3.28 3.27 3.27 3.26 3.26 3.29 3.29 3.25 3.26 3.28 3.30 3.31 3.33 3.34 3.33 3.33 3.33 3.35 3.34 3.31 3.30 3.27 3.27 3.24 3.21 3.17 3.12 3.09 3.04 3.01 3.00 3.00 3.00 3.01 3.01 3.03 3.04 3.09 3.11 3.06 3.08 3.15 3.18 3.18 3.20 3.23 3.25 3.20 3.22 3.24 3.22 3.23 3.22 3.23 3.23 3.23 3.23 3.24 3.29 3.29 3.32 3.32 3.29 3.29 3.30 3.32 3.32 3.31 3.30
3.76 3.75 3.74 3.72 3.60 3.58 3.56 3.53 3.51 3.48 3.46 3.44 3.41 3.39 3.30 3.29 3.28 3.28 3.28 3.28 3.30 3.31 3.27 3.28 3.32 3.31 3.33 3.35 3.37 3.36 3.37 3.37 3.37 3.37 3.35 3.33 3.30 3.27 3.26 3.23 3.17 3.13 3.09 3.04 3.02 3.01 3.00 3.01 3.01 3.02 3.03 3.08 3.09 3.11 3.07 3.09 3.15 3.18 3.20 3.21 3.23 3.19 3.21 3.23 3.25 3.23 3.24 3.24 3.24 3.24 3.24 3.24 3.29 3.29 3.31 3.31 3.31 3.29 3.28 3.28 3.31 3.30 3.30 3.29
3.75 3.74 3.73 3.71 3.70 3.58 3.55 3.53 3.51 3.48 3.46 3.44 3.42 3.40 3.32 3.30 3.30 3.29 3.29 3.29 3.29 3.32 3.29 3.30 3.34 3.33 3.35 3.38 3.38 3.40 3.41 3.41 3.41 3.40 3.38 3.36 3.33 3.30 3.28 3.23 3.18 3.14 3.10 3.06 3.02 3.01 3.01 3.01 3.01 3.03 3.07 3.08 3.09 3.11 3.12 3.12 3.15 3.18 3.20 3.23 3.23 3.20 3.22 3.24 3.25 3.26 3.24 3.25 3.25 3.25 3.25 3.25 3.30 3.31 3.31 3.31 3.31 3.28 3.28 3.27 3.27 3.29 3.28 3.27
3.75 3.74 3.72 3.71 3.69 3.66 3.59 3.50 3.48 3.46 3.44 3.43 3.41 3.39 3.38 3.32 3.31 3.30 3.30 3.30 3.30 3.31 3.31 3.33 3.35 3.35 3.38 3.40 3.42 3.43 3.45 3.45 3.45 3.45 3.43 3.40 3.36 3.32 3.29 3.25 3.19 3.14 3.10 3.06 3.03 3.01 3.01 3.01 3.02 3.05 3.07 3.08 3.10 3.11 3.12 3.13 3.15 3.18 3.20 3.22 3.21 3.21 3.22 3.25 3.26 3.27 3.25 3.26 3.26 3.25 3.25 3.29 3.30 3.30 3.30 3.30 3.30 3.28 3.27 3.27 3.29 3.28 3.26 3.25
3.74 3.73 3.72 3.70 3.68 3.66 3.58 3.56 3.54 3.47 3.45 3.43 3.42 3.40 3.39 3.33 3.32 3.32 3.31 3.31 3.31 3.31 3.33 3.34 3.36 3.37 3.40 3.43 3.45 3.47 3.49 3.50 3.50 3.49 3.47 3.44 3.40 3.35 3.30 3.25 3.20 3.15 3.10 3.06 3.03 3.02 3.01 3.02 3.03 3.06 3.06 3.09 3.10 3.11 3.13 3.14 3.16 3.18 3.20 3.22 3.21 3.23 3.23 3.25 3.27 3.28 3.27 3.27 3.27 3.26 3.29 3.28 3.29 3.29 3.29 3.30 3.30 3.28 3.27 3.26 3.27 3.26 3.24 3.22
3.74 3.73 3.71 3.69 3.67 3.65 3.62 3.56 3.54 3.52 3.50 3.44 3.43 3.41 3.40 3.38 3.34 3.33 3.32 3.32 3.32 3.32 3.33 3.35 3.37 3.39 3.42 3.46 3.48 3.51 3.53 3.55 3.56 3.55 3.52 3.48 3.43 3.38 3.33 3.27 3.21 3.15 3.10 3.05 3.02 3.01 3.01 3.02 3.04 3.06 3.07 3.09 3.11 3.12 3.14 3.15 3.17 3.18 3.20 3.20 3.21 3.23 3.23 3.25 3.28 3.28 3.28 3.28 3.27 3.26 3.27 3.27 3.27 3.28 3.29 3.29 3.29 3.28 3.26 3.25 3.24 3.24 3.22 3.19
3.73 3.72 3.70 3.68 3.66 3.64 3.62 3.56 3.54 3.52 3.51 3.49 3.47 3.42 3.41 3.39 3.38 3.34 3.34 3.33 3.32 3.32 3.33 3.35 3.38 3.41 3.44 3.48 3.51 3.54 3.57 3.60 3.61 3.61 3.57 3.52 3.47 3.41 3.35 3.28 3.22 3.15 3.09 3.05 3.01 3.00 3.01 3.03 3.04 3.06 3.08 3.10 3.12 3.13 3.15 3.16 3.18 3.19 3.19 3.20 3.21 3.23 3.25 3.26 3.28 3.29 3.30 3.29 3.27 3.27 3.26 3.25 3.26 3.26 3.28 3.29 3.29 3.28 3.26 3.24 3.22 3.22 3.19 3.16
3.73 3.71 3.70 3.68 3.66 3.63 3.61 3.56 3.54 3.53 3.52 3.50 3.48 3.46 3.44 3.40 3.39 3.36 3.35 3.34 3.33 3.33 3.33 3.35 3.38 3.42 3.45 3.49 3.53 3.57 3.60 3.64 3.67 3.67 3.62 3.56 3.50 3.43 3.36 3.30 3.23 3.16 3.09 3.04 3.00 3.00 3.01 3.03 3.05 3.07 3.09 3.11 3.13 3.15 3.17 3.18 3.19 3.19 3.20 3.20 3.21 3.23 3.25 3.27 3.29 3.30 3.31 3.29 3.28 3.26 3.24 3.23 3.23 3.25 3.26 3.28 3.29 3.28 3.25 3.23 3.20 3.17 3.16 3.13
3.72 3.71 3.69 3.67 3.65 3.63 3.61 3.59 3.55 3.53 3.53 3.52 3.49 3.47 3.45 3.43 3.41 3.38 3.37 3.36 3.35 3.33 3.33 3.36 3.40 3.43 3.47 3.50 3.54 3.58 3.63 3.67 3.71 3.72 3.65 3.59 3.52 3.45 3.38 3.31 3.24 3.17 3.10 3.03 3.00 3.01 3.02 3.04 3.06 3.08 3.10 3.12 3.14 3.16 3.18 3.20 3.20 3.21 3.21 3.21 3.21 3.23 3.26 3.28 3.30 3.32 3.32 3.29 3.27 3.24 3.22 3.20 3.21 3.23 3.24 3.26 3.28 3.27 3.23 3.20 3.17 3.14 3.13 3.11
3.71 3.70 3.68 3.67 3.65 3.63 3.61 3.59 3.55 3.54 3.53 3.52 3.50 3.48 3.45 3.43 3.42 3.40 3.38 3.37 3.36 3.36 3.36 3.38 3.41 3.45 3.48 3.51 3.55 3.59 3.63 3.67 3.70 3.69 3.65 3.59 3.52 3.46 3.40 3.33 3.26 3.19 3.13 3.07 3.04 3.04 3.04 3.06 3.08 3.10 3.12 3.14 3.16 3.18 3.19 3.21 3.22 3.22 3.22 3.22 3.23 3.24 3.26 3.28 3.30 3.31 3.30 3.28 3.26 3.23 3.21 3.20 3.20 3.21 3.22 3.23 3.24 3.23 3.20 3.17 3.14 3.11 3.10 3.07
3.70 3.69 3.68 3.66 3.65 3.63 3.61 3.60 3.56 3.55 3.53 3.52 3.50 3.48 3.46 3.44 3.43 3.41 3.40 3.39 3.39 3.38 3.39 3.41 3.43 3.46 3.49 3.52 3.56 3.59 3.62 3.66 3.67 3.66 3.63 3.58 3.52 3.46 3.41 3.34 3.28 3.22 3.16 3.11 3.08 3.07 3.07 3.09 3.10 3.12 3.14 3.16 3.18 3.19 3.20 3.21 3.23 3.24 3.24 3.24 3.25 3.26 3.27 3.28 3.29 3.29 3.29 3.27 3.25 3.22 3.20 3.19 3.18 3.18 3.19 3.19 3.19 3.18 3.16 3.13 3.10 3.08 3.06 3.04
3.70 3.69 3.67 3.66 3.64 3.63 3.61 3.60 3.59 3.55 3.54 3.52 3.51 3.49 3.47 3.46 3.44 3.42 3.42 3.42 3.41 3.41 3.41 3.43 3.45 3.48 3.51 3.53 3.56 3.59 3.61 3.63 3.64 3.62 3.60 3.56 3.51 3.46 3.42 3.36 3.30 3.24 3.19 3.16 3.12 3.11 3.11 3.12 3.13 3.15 3.16 3.18 3.19 3.21 3.22 3.23 3.25 3.26 3.26 3.26 3.27 3.27 3.28 3.28 3.28 3.27 3.26 3.25 3.23 3.21 3.19 3.17 3.17 3.16 3.16 3.15 3.15 3.13 3.11 3.09 3.06 3.04 3.02 3.00
3.72 3.68 3.67 3.66 3.65 3.63 3.62 3.61 3.59 3.58 3.55 3.53 3.52 3.50 3.48 3.47 3.45 3.44 3.43 3.44 3.43 3.43 3.44 3.45 3.47 3.49 3.51 3.54 3.56 3.58 3.59 3.61 3.61 3.59 3.57 3.54 3.50 3.45 3.42 3.36 3.32 3.27 3.23 3.19 3.16 3.15 3.15 3.15 3.16 3.18 3.19 3.20 3.21 3.23 3.24 3.25 3.27 3.27 3.28 3.28 3.29 3.29 3.28 3.28 3.27 3.26 3.24 3.24 3.22 3.20 3.18 3.16 3.14 3.13 3.12 3.12 3.10 3.09 3.07 3.04 3.02 3.00 2.99 2.97
3.72 3.71 3.70 3.66 3.65 3.64 3.62 3.61 3.60 3.58 3.55 3.54 3.53 3.51 3.50 3.48 3.47 3.45 3.44 3.45 3.45 3.45 3.45 3.46 3.48 3.50 3.52 3.54 3.56 3.57 3.57 3.59 3.58 3.57 3.55 3.52 3.48 3.45 3.41 3.37 3.33 3.29 3.26 3.23 3.20 3.19 3.18 3.18 3.19 3.19 3.21 3.22 3.23 3.25 3.26 3.27 3.28 3.30 3.30 3.30 3.30 3.30 3.29 3.28 3.27 3.25 3.23 3.21 3.20 3.18 3.16 3.14 3.12 3.11 3.09 3.08 3.06 3.04 3.02 3.00 2.98 2.96 2.95 2.93
3.67 3.67 3.66 3.65 3.65 3.64 3.63 3.62 3.61 3.59 3.57 3.55 3.54 3.52 3.51 3.50 3.48 3.47 3.46 3.45 3.45 3.45 3.47 3.48 3.49 3.51 3.52 3.54 3.55 3.55 3.56 3.56 3.55 3.54 3.52 3.50 3.47 3.44 3.39 3.37 3.34 3.31 3.28 3.26 3.24 3.22 3.22 3.22 3.22 3.22 3.24 3.25 3.26 3.27 3.28 3.30 3.31 3.32 3.32 3.33 3.32 3.32 3.30 3.29 3.25 3.23 3.22 3.20 3.19 3.16 3.14 3.12 3.10 3.08 3.06 3.04 3.02 3.00 2.98 2.96 2.94 2.92 2.90 2.90
3.67 3.67 3.66 3.65 3.65 3.64 3.64 3.63 3.62 3.60 3.58 3.56 3.55 3.54 3.53 3.51 3.50 3.49 3.47 3.46 3.46 3.46 3.48 3.48 3.50 3.51 3.53 3.54 3.54 3.54 3.54 3.53 3.52 3.50 3.49 3.47 3.45 3.42 3.39 3.37 3.35 3.32 3.30 3.29 3.27 3.26 3.26 3.25 3.24 3.25 3.26 3.26 3.27 3.29 3.30 3.32 3.34 3.35 3.35 3.35 3.35 3.33 3.31 3.28 3.25 3.22 3.21 3.18 3.16 3.15 3.12 3.10 3.08 3.06 3.03 3.01 2.98 2.96 2.94 2.92 2.90 2.88 2.86 2.85
3.68 3.67 3.67 3.66 3.66 3.66 3.65 3.64 3.63 3.61 3.59 3.58 3.56 3.55 3.55 3.54 3.52 3.51 3.49 3.47 3.47 3.46 3.48 3.49 3.50 3.52 3.53 3.54 3.54 3.54 3.52 3.51 3.49 3.47 3.47 3.45 3.42 3.40 3.39 3.37 3.36 3.34 3.33 3.31 3.30 3.29 3.29 3.27 3.27 3.28 3.28 3.29 3.30 3.31 3.32 3.34 3.36 3.37 3.38 3.38 3.37 3.35 3.33 3.28 3.25 3.22 3.20 3.17 3.15 3.13 3.11 3.08 3.06 3.04 3.01 2.98 2.95 2.92 2.90 2.89 2.87 2.85 2.83 2.82
3.73 3.72 3.68 3.67 3.67 3.67 3.66 3.65 3.64 3.63 3.61 3.59 3.58 3.57 3.57 3.56 3.55 3.53 3.51 3.49 3.48 3.47 3.48 3.49 3.50 3.52 3.54 3.55 3.54 3.53 3.51 3.48 3.46 3.44 3.42 3.41 3.40 3.39 3.38 3.37 3.36 3.35 3.34 3.34 3.33 3.32 3.32 3.30 3.30 3.30 3.31 3.31 3.32 3.33 3.34 3.36 3.38 3.39 3.40 3.40 3.40 3.38 3.33 3.29 3.25 3.21 3.18 3.16 3.13 3.11 3.10 3.07 3.04 3.01 2.98 2.95 2.92 2.89 2.87 2.85 2.84 2.82 2.81 2.79
3.74 3.73 3.73 3.73 3.69 3.69 3.68 3.67 3.66 3.64 3.62 3.60 3.60 3.59 3.59 3.58 3.58 3.56 3.53 3.50 3.47 3.45 3.45 3.47 3.49 3.52 3.54 3.55 3.55 3.52 3.49 3.46 3.43 3.40 3.39 3.38 3.39 3.38 3.37 3.37 3.37 3.36 3.36 3.36 3.35 3.35 3.34 3.33 3.32 3.33 3.33 3.33 3.34 3.35 3.36 3.38 3.40 3.41 3.43 3.44 3.43 3.39 3.34 3.29 3.24 3.19 3.17 3.15 3.12 3.10 3.08 3.06 3.03 3.00 2.96 2.92 2.88 2.86 2.84 2.83 2.82 2.80 2.78 2.77
3.75 3.75 3.76 3.76 3.75 3.74 3.73 3.72 3.70 3.67 3.65 3.62 3.62 3.62 3.62 3.61 3.60 3.58 3.55 3.51 3.49 3.46 3.44 3.45 3.47 3.50 3.52 3.54 3.54 3.50 3.47 3.43 3.40 3.37 3.37 3.36 3.37 3.36 3.36 3.37 3.37 3.37 3.37 3.38 3.38 3.37 3.37 3.35 3.35 3.34 3.35 3.36 3.37 3.37 3.38 3.39 3.41 3.43 3.45 3.46 3.48 3.41 3.35 3.30 3.24 3.19 3.16 3.14 3.12 3.10 3.07 3.06 3.02 2.99 2.95 2.91 2.86 2.84 2.83 2.82 2.80 2.78 2.77 2.75
3.79 3.79 3.79 3.79 3.79 3.78 3.76 3.75 3.73 3.71 3.69 3.67 3.66 3.66 3.65 3.64 3.62 3.60 3.57 3.53 3.50 3.48 3.46 3.47 3.47 3.50 3.51 3.51 3.51 3.48 3.43 3.40 3.38 3.36 3.35 3.34 3.34 3.35 3.36 3.36 3.37 3.37 3.37 3.38 3.38 3.38 3.38 3.37 3.37 3.37 3.38 3.38 3.39 3.40 3.40 3.42 3.43 3.45 3.46 3.47 3.45 3.40 3.35 3.30 3.25 3.20 3.17 3.14 3.12 3.10 3.07 3.05 3.02 2.99 2.95 2.91 2.87 2.84 2.83 2.81 2.79 2.78 2.76 2.74
3.84 3.84 3.83 3.83 3.82 3.81 3.80 3.79 3.77 3.75 3.73 3.72 3.71 3.70 3.69 3.68 3.66 3.63 3.60 3.56 3.53 3.51 3.49 3.48 3.47 3.48 3.48 3.48 3.47 3.44 3.41 3.38 3.35 3.35 3.34 3.33 3.34 3.34 3.35 3.35 3.36 3.37 3.37 3.38 3.39 3.39 3.39 3.39 3.39 3.39 3.41 3.41 3.42 3.43 3.43 3.44 3.45 3.46 3.46 3.45 3.43 3.40 3.35 3.30 3.26 3.22 3.18 3.15 3.12 3.10 3.08 3.05 3.02 2.99 2.95 2.92 2.88 2.86 2.83 2.82 2.80 2.78 2.76 2.74
3.89 3.89 3.88 3.87 3.86 3.85 3.84 3.83 3.82 3.80 3.78 3.77 3.75 3.74 3.73 3.72 3.69 3.66 3.63 3.60 3.56 3.54 3.52 3.50 3.48 3.47 3.46 3.45 3.44 3.42 3.39 3.36 3.34 3.33 3.32 3.32 3.33 3.33 3.34 3.34 3.35 3.36 3.37 3.38 3.39 3.40 3.40 3.40 3.41 3.41 3.43 3.44 3.45 3.45 3.45 3.46 3.46 3.47 3.46 3.45 3.42 3.40 3.36 3.31 3.26 3.22 3.19 3.16 3.14 3.11 3.09 3.05 3.03 3.00 2.96 2.93 2.90 2.87 2.85 2.83 2.80 2.78 2.76 2.75
3.94 3.94 3.93 3.92 3.91 3.90 3.89 3.88 3.87 3.85 3.84 3.82 3.81 3.79 3.78 3.76 3.74 3.70 3.67 3.63 3.60 3.57 3.54 3.51 3.49 3.47 3.45 3.43 3.41 3.39 3.37 3.34 3.32 3.30 3.31 3.30 3.31 3.32 3.33 3.33 3.34 3.36 3.37 3.38 3.39 3.40 3.41 3.42 3.42 3.44 3.46 3.46 3.47 3.47 3.47 3.47 3.48 3.47 3.45 3.44 3.41 3.39 3.35 3.32 3.28 3.23 3.20 3.17 3.15 3.12 3.09 3.06 3.04 3.01 2.98 2.95 2.92 2.89 2.86 2.84 2.82 2.79 2.77 2.75
3.99 3.99 3.98 3.97 3.97 3.95 3.94 3.93 3.92 3.91 3.89 3.88 3.87 3.85 3.83 3.81 3.78 3.74 3.71 3.67 3.64 3.60 3.57 3.53 3.50 3.47 3.44 3.41 3.39 3.36 3.35 3.32 3.30 3.29 3.28 3.28 3.28 3.29 3.30 3.33 3.34 3.35 3.36 3.38 3.39 3.40 3.42 3.43 3.44 3.45 3.47 3.48 3.49 3.49 3.49 3.49 3.48 3.47 3.45 3.43 3.41 3.38 3.34 3.31 3.28 3.24 3.20 3.18 3.15 3.13 3.10 3.07 3.04 3.02 2.99 2.96 2.94 2.91 2.89 2.86 2.84 2.81 2.78 2.76
4.04 4.04 4.04 4.03 4.02 4.01 4.00 3.99 3.98 3.96 3.95 3.94 3.92 3.91 3.89 3.87 3.84 3.81 3.78 3.74 3.69 3.63 3.59 3.55 3.51 3.47 3.43 3.40 3.37 3.34 3.32 3.30 3.28 3.27 3.26 3.26 3.27 3.27 3.29 3.32 3.33 3.35 3.36 3.38 3.39 3.40 3.43 3.44 3.46 3.48 3.49 3.50 3.51 3.51 3.50 3.50 3.49 3.47 3.45 3.43 3.40 3.37 3.34 3.31 3.27 3.25 3.21 3.19 3.16 3.13 3.10 3.07 3.05 3.02 3.00 2.98 2.96 2.94 2.91 2.88 2.85 2.82 2.80 2.77
4.10 4.10 4.09 4.08 4.07 4.06 4.05 4.04 4.03 4.02 4.01 4.00 3.98 3.97 3.95 3.92 3.89 3.86 3.83 3.78 3.73 3.67 3.62 3.57 3.52 3.48 3.43 3.39 3.35 3.32 3.30 3.28 3.27 3.25 3.24 3.24 3.24 3.25 3.26 3.31 3.33 3.34 3.36 3.38 3.39 3.41 3.43 3.45 3.47 3.48 3.50 3.51 3.52 3.52 3.52 3.51 3.49 3.47 3.45 3.42 3.39 3.36 3.33 3.30 3.27 3.24 3.21 3.19 3.16 3.13 3.11 3.09 3.06 3.03 3.01 3.00 2.98 2.96 2.93 2.90 2.87 2.84 2.81 2.78
4.14 4.14 4.14 4.13 4.12 4.12 4.11 4.10 4.09 4.08 4.07 4.06 4.04 4.03 4.01 3.98 3.96 3.92 3.88 3.83 3.78 3.71 3.65 3.60 3.54 3.48 3.43 3.38 3.34 3.31 3.28 3.26 3.25 3.23 3.23 3.23 3.23 3.24 3.26 3.28 3.32 3.33 3.35 3.37 3.39 3.41 3.43 3.46 3.47 3.49 3.50 3.52 3.53 3.53 3.53 3.52 3.50 3.47 3.44 3.42 3.38 3.35 3.32 3.29 3.26 3.24 3.21 3.18 3.16 3.13 3.11 3.09 3.07 3.05 3.04 3.03 3.01 2.99 2.96 2.92 2.89 2.85 2.82 2.79
4.21 4.21 4.19 4.18 4.18 4.17 4.16 4.15 4.14 4.13 4.12 4.11 4.10 4.09 4.08 4.05 4.02 3.99 3.94 3.89 3.83 3.77 3.69 3.63 3.57 3.50 3.43 3.37 3.33 3.29 3.27 3.25 3.23 3.21 3.21 3.22 3.22 3.24 3.25 3.27 3.29 3.33 3.35 3.37 3.39 3.41 3.43 3.46 3.47 3.49 3.50 3.52 3.53 3.54 3.54 3.53 3.50 3.47 3.43 3.40 3.37 3.34 3.30 3.28 3.25 3.23 3.20 3.18 3.15 3.13 3.11 3.09 3.08 3.06 3.05 3.05 3.04 3.01 2.98 2.94 2.90 2.87 2.83 2.81
4.27 4.27 4.26 4.25 4.22 4.22 4.21 4.20 4.20 4.19 4.18 4.17 4.16 4.15 4.14 4.12 4.09 4.05 4.00 3.94 3.88 3.81 3.74 3.67 3.60 3.53 3.45 3.38 3.32 3.29 3.27 3.24 3.22 3.20 3.20 3.21 3.22 3.23 3.25 3.26 3.29 3.33 3.35 3.37 3.39 3.41 3.43 3.45 3.47 3.48 3.50 3.51 3.53 3.54 3.55 3.53 3.50 3.46 3.43 3.39 3.35 3.32 3.29 3.26 3.24 3.21 3.19 3.17 3.14 3.13 3.11 3.09 3.08 3.07 3.06 3.06 3.05 3.04 3.00 2.96 2.92 2.88 2.85 2.82
4.32 4.31 4.30 4.29 4.28 4.27 4.26 4.25 4.24 4.23 4.22 4.22 4.21 4.20 4.18 4.16 4.14 4.11 4.06 4.00 3.93 3.86 3.79 3.72 3.64 3.56 3.47 3.38 3.33 3.30 3.28 3.25 3.22 3.20 3.20 3.21 3.21 3.23 3.25 3.26 3.29 3.31 3.33 3.35 3.39 3.40 3.42 3.44 3.46 3.47 3.49 3.50 3.52 3.53 3.54 3.53 3.49 3.44 3.41 3.36 3.32 3.29 3.27 3.24 3.22 3.19 3.18 3.15 3.13 3.12 3.10 3.08 3.07 3.07 3.06 3.06 3.07 3.05 3.01 2.97 2.92 2.90 2.86 2.83
4.33 4.34 4.33 4.32 4.32 4.31 4.30 4.29 4.29 4.28 4.27 4.27 4.26 4.25 4.23 4.22 4.19 4.16 4.11 4.05 3.99 3.92 3.85 3.77 3.70 3.60 3.52 3.44 3.38 3.34 3.31 3.27 3.24 3.22 3.22 3.22 3.22 3.23 3.25 3.27 3.29 3.30 3.32 3.34 3.36 3.39 3.41 3.42 3.44 3.46 3.47 3.48 3.50 3.51 3.51 3.49 3.46 3.42 3.38 3.34 3.30 3.27 3.25 3.22 3.20 3.19 3.16 3.14 3.12 3.10 3.08 3.07 3.06 3.06 3.06 3.05 3.05 3.03 3.00 2.96 2.93 2.91 2.87 2.84
4.34 4.35 4.36 4.36 4.35 4.35 4.34 4.33 4.33 4.33 4.32 4.31 4.30 4.29 4.28 4.26 4.24 4.21 4.16 4.11 4.04 3.98 3.90 3.83 3.75 3.67 3.58 3.51 3.44 3.39 3.35 3.31 3.27 3.25 3.23 3.24 3.23 3.24 3.25 3.27 3.27 3.29 3.31 3.32 3.34 3.37 3.39 3.40 3.42 3.44 3.45 3.46 3.47 3.47 3.46 3.45 3.42 3.38 3.34 3.31 3.27 3.25 3.22 3.20 3.18 3.16 3.14 3.12 3.10 3.08 3.07 3.06 3.05 3.04 3.04 3.04 3.03 3.01 3.00 2.96 2.93 2.91 2.89 2.86
4.36 4.37 4.38 4.38 4.38 4.38 4.37 4.37 4.37 4.37 4.36 4.36 4.35 4.34 4.32 4.31 4.28 4.26 4.21 4.15 4.10 4.03 3.96 3.89 3.81 3.74 3.65 3.58 3.51 3.45 3.40 3.35 3.31 3.28 3.27 3.26 3.25 3.25 3.26 3.26 3.27 3.28 3.29 3.31 3.32 3.34 3.36 3.38 3.40 3.41 3.42 3.42 3.43 3.43 3.42 3.40 3.38 3.34 3.31 3.28 3.24 3.22 3.19 3.17 3.15 3.13 3.11 3.10 3.08 3.06 3.05 3.04 3.03 3.02 3.02 3.02 3.01 3.00 2.98 2.96 2.94 2.92 2.90 2.88
4.37 4.38 4.39 4.40 4.40 4.40 4.40 4.40 4.40 4.40 4.40 4.39 4.39 4.38 4.37 4.35 4.33 4.30 4.26 4.21 4.16 4.10 4.03 3.96 3.89 3.80 3.73 3.65 3.58 3.51 3.45 3.40 3.35 3.32 3.29 3.28 3.27 3.27 3.26 3.26 3.27 3.28 3.28 3.29 3.30 3.32 3.34 3.36 3.37 3.38 3.39 3.39 3.39 3.39 3.38 3.36 3.33 3.30 3.27 3.24 3.21 3.19 3.16 3.14 3.12 3.10 3.09 3.07 3.05 3.04 3.02 3.01 3.01 3.00 3.00 2.99 2.99 2.98 2.97 2.96 2.94 2.93 2.91 2.89
