data/SP espacial/F03022017.grd
DSAA
132	56
0.0000	120.0000
0.0000	50.0000
1.6700	4.6458
[rows 0 to 37 of 56, columns 0 to 83 of 132]
1.67 2.29 2.32 2.35 2.38 2.41 2.43 2.44 2.46 2.47 2.47 2.36 2.36 2.36 2.36 2.35 2.35 2.34 2.34 2.33 2.34 2.34 2.41 2.43 2.46 2.46 2.57 2.61 2.66 2.71 2.76 2.89 2.95 3.08 3.19 3.25 3.31 3.36 3.37 3.37 3.42 3.47 3.52 3.57 3.60 3.57 3.54 3.52 3.50 3.48 3.44 3.43 3.51 3.52 3.51 3.60 3.61 3.62 3.63 3.75 3.76 3.78 3.80 3.72 3.75 3.78 3.80 3.82 3.84 3.94 3.96 3.98 4.00 4.02 4.04 4.04 4.05 4.04 4.04 4.04 4.03 4.02 4.01 4.01
2.30 2.32 2.34 2.37 2.40 2.42 2.44 2.46 2.47 2.48 2.48 2.37 2.37 2.37 2.36 2.36 2.35 2.34 2.33 2.32 2.32 2.33 2.36 2.41 2.43 2.46 2.50 2.58 2.62 2.68 2.73 2.83 2.92 2.99 3.17 3.21 3.27 3.28 3.33 3.34 3.38 3.43 3.48 3.51 3.53 3.54 3.52 3.50 3.48 3.46 3.43 3.41 3.40 3.50 3.50 3.57 3.59 3.60 3.71 3.73 3.74 3.76 3.79 3.81 3.75 3.78 3.81 3.83 3.92 3.95 3.97 3.99 4.02 4.03 4.05 4.05 4.05 4.05 4.05 4.05 4.05 4.04 4.02 4.01
2.34 2.35 2.38 2.40 2.42 2.45 2.46 2.48 2.49 2.49 2.50 2.38 2.38 2.38 2.37 2.36 2.35 2.34 2.33 2.32 2.32 2.32 2.35 2.36 2.41 2.44 2.47 2.55 2.59 2.64 2.70 2.80 2.85 3.00 3.13 3.16 3.19 3.24 3.29 3.33 3.34 3.38 3.43 3.45 3.47 3.50 3.48 3.47 3.45 3.44 3.40 3.39 3.39 3.48 3.54 3.54 3.55 3.65 3.68 3.70 3.72 3.75 3.77 3.80 3.75 3.78 3.82 3.84 3.93 3.96 3.98 4.00 4.02 4.04 4.05 4.06 4.06 4.06 4.05 4.05 4.05 4.04 4.02 4.00
2.39 2.40 2.42 2.44 2.46 2.48 2.49 2.51 2.51 2.52 2.52 2.40 2.40 2.39 2.39 2.37 2.36 2.34 2.33 2.32 2.31 2.31 2.34 2.35 2.37 2.42 2.44 2.48 2.55 2.60 2.65 2.75 2.81 2.96 3.02 3.07 3.14 3.19 3.24 3.29 3.29 3.33 3.37 3.39 3.42 3.41 3.41 3.43 3.42 3.41 3.38 3.37 3.41 3.50 3.50 3.51 3.51 3.61 3.63 3.66 3.69 3.73 3.76 3.79 3.75 3.79 3.82 3.85 3.93 3.96 3.99 4.01 4.02 4.04 4.05 4.05 4.05 4.06 4.05 4.02 4.05 4.03 4.02 3.99
2.44 2.45 2.46 2.48 2.50 2.52 2.53 2.54 2.55 2.55 2.55 2.43 2.42 2.42 2.40 2.39 2.37 2.35 2.33 2.32 2.31 2.30 2.33 2.33 2.35 2.37 2.42 2.45 2.52 2.56 2.61 2.71 2.76 2.87 2.93 3.02 3.09 3.14 3.19 3.23 3.23 3.28 3.31 3.34 3.36 3.37 3.37 3.37 3.38 3.37 3.34 3.36 3.40 3.46 3.46 3.46 3.47 3.49 3.59 3.62 3.66 3.70 3.74 3.78 3.82 3.80 3.83 3.91 3.94 3.97 3.99 4.01 4.02 4.03 4.04 4.04 4.05 4.03 4.03 4.02 4.03 4.02 4.00 3.97
2.49 2.50 2.51 2.53 2.54 2.56 2.57 2.58 2.59 2.59 2.58 2.46 2.45 2.44 2.43 2.41 2.39 2.37 2.34 2.33 2.31 2.30 2.32 2.32 2.33 2.34 2.37 2.41 2.48 2.53 2.57 2.66 2.74 2.82 2.88 2.94 3.04 3.09 3.14 3.18 3.22 3.22 3.25 3.28 3.30 3.32 3.32 3.32 3.32 3.32 3.32 3.36 3.36 3.41 3.41 3.41 3.42 3.45 3.55 3.58 3.63 3.68 3.72 3.77 3.81 3.81 3.85 3.91 3.95 3.97 3.99 4.01 4.02 4.03 4.03 4.02 4.02 4.02 4.01 4.00 4.02 4.00 3.98 3.95
2.55 2.56 2.57 2.58 2.59 2.60 2.62 2.63 2.63 2.63 2.63 2.50 2.49 2.47 2.46 2.44 2.41 2.44 2.36 2.34 2.32 2.30 2.31 2.31 2.31 2.32 2.34 2.36 2.44 2.49 2.58 2.63 2.69 2.77 2.83 2.89 3.01 3.04 3.09 3.13 3.17 3.17 3.20 3.23 3.25 3.27 3.27 3.27 3.27 3.27 3.28 3.31 3.31 3.35 3.35 3.35 3.37 3.44 3.47 3.52 3.57 3.65 3.70 3.76 3.81 3.85 3.88 3.92 3.95 3.97 3.99 4.00 4.01 4.01 4.00 4.01 4.00 4.00 3.99 3.98 3.99 3.97 3.95 3.92
2.60 2.61 2.62 2.64 2.65 2.66 2.66 2.68 2.68 2.68 2.67 2.54 2.53 2.51 2.49 2.46 2.44 2.41 2.43 2.40 2.32 2.30 2.31 2.30 2.30 2.30 2.31 2.33 2.41 2.44 2.54 2.59 2.64 2.69 2.78 2.84 2.90 2.99 3.04 3.08 3.11 3.12 3.15 3.18 3.21 3.22 3.23 3.23 3.23 3.24 3.26 3.26 3.25 3.25 3.28 3.29 3.34 3.38 3.43 3.49 3.54 3.60 3.68 3.74 3.80 3.85 3.89 3.93 3.95 3.97 3.98 3.98 3.99 3.99 3.99 3.99 3.98 3.98 3.97 3.96 3.94 3.95 3.92 3.88
2.65 2.67 2.68 2.69 2.70 2.71 2.71 2.72 2.73 2.73 2.72 2.58 2.57 2.55 2.52 2.50 2.47 2.43 2.45 2.41 2.38 2.35 2.31 2.30 2.29 2.29 2.29 2.31 2.37 2.41 2.50 2.55 2.60 2.65 2.73 2.79 2.85 2.93 2.99 3.03 3.07 3.07 3.11 3.14 3.16 3.18 3.19 3.19 3.19 3.20 3.21 3.20 3.19 3.19 3.21 3.24 3.28 3.32 3.38 3.44 3.51 3.57 3.65 3.73 3.80 3.85 3.90 3.93 3.95 3.96 3.96 3.97 3.97 3.97 3.97 3.97 3.96 3.95 3.94 3.93 3.91 3.91 3.88 3.86
2.58 2.59 2.73 2.74 2.75 2.76 2.77 2.77 2.77 2.77 2.76 2.63 2.61 2.59 2.56 2.53 2.50 2.46 2.42 2.43 2.39 2.36 2.33 2.29 2.28 2.27 2.27 2.28 2.30 2.39 2.46 2.51 2.56 2.61 2.69 2.75 2.81 2.89 2.93 2.99 3.02 3.05 3.07 3.10 3.12 3.14 3.15 3.16 3.16 3.16 3.16 3.15 3.14 3.13 3.15 3.17 3.21 3.26 3.33 3.40 3.47 3.55 3.63 3.71 3.79 3.86 3.91 3.93 3.94 3.95 3.95 3.95 3.95 3.95 3.94 3.94 3.94 3.93 3.91 3.90 3.88 3.88 3.85 3.81
2.62 2.64 2.66 2.68 2.81 2.81 2.82 2.82 2.81 2.81 2.81 2.67 2.65 2.63 2.60 2.57 2.53 2.50 2.45 2.46 2.41 2.37 2.33 2.30 2.28 2.26 2.25 2.25 2.32 2.36 2.41 2.48 2.53 2.58 2.66 2.71 2.77 2.85 2.89 2.93 2.96 3.01 3.03 3.06 3.09 3.10 3.11 3.12 3.12 3.12 3.12 3.10 3.09 3.07 3.08 3.09 3.15 3.21 3.28 3.36 3.43 3.52 3.61 3.70 3.79 3.87 3.92 3.93 3.93 3.93 3.93 3.93 3.92 3.92 3.92 3.91 3.91 3.90 3.88 3.87 3.84 3.84 3.80 3.77
2.61 2.69 2.71 2.72 2.74 2.75 2.76 2.77 2.77 2.77 2.76 2.72 2.70 2.68 2.65 2.61 2.58 2.53 2.49 2.44 2.44 2.39 2.34 2.31 2.29 2.27 2.25 2.24 2.30 2.35 2.39 2.46 2.51 2.56 2.61 2.68 2.74 2.76 2.81 2.89 2.92 2.95 2.99 3.03 3.06 3.06 3.08 3.08 3.08 3.08 3.08 3.07 3.05 3.03 3.02 3.03 3.10 3.17 3.25 3.32 3.39 3.49 3.58 3.67 3.77 3.87 3.92 3.91 3.90 3.90 3.90 3.89 3.89 3.89 3.89 3.88 3.87 3.86 3.85 3.83 3.81 3.80 3.76 3.72
2.65 2.73 2.75 2.77 2.78 2.80 2.81 2.81 2.82 2.82 2.81 2.80 2.75 2.73 2.70 2.66 2.62 2.58 2.53 2.49 2.47 2.42 2.38 2.35 2.31 2.29 2.27 2.30 2.32 2.35 2.39 2.43 2.50 2.54 2.59 2.65 2.71 2.73 2.78 2.85 2.89 2.91 2.95 2.99 3.01 3.03 3.04 3.05 3.06 3.06 3.06 3.05 3.04 3.03 3.02 3.03 3.09 3.16 3.22 3.30 3.37 3.45 3.54 3.63 3.72 3.80 3.85 3.86 3.86 3.86 3.85 3.85 3.86 3.86 3.85 3.85 3.84 3.83 3.81 3.79 3.77 3.74 3.72 3.68
2.68 2.71 2.79 2.81 2.83 2.84 2.85 2.86 2.86 2.86 2.86 2.85 2.83 2.78 2.75 2.71 2.67 2.63 2.58 2.53 2.48 2.46 2.42 2.38 2.34 2.31 2.30 2.34 2.35 2.37 2.40 2.43 2.49 2.53 2.57 2.63 2.68 2.71 2.75 2.79 2.85 2.87 2.91 2.94 2.98 2.99 3.00 3.01 3.03 3.04 3.04 3.04 3.03 3.03 3.03 3.05 3.10 3.15 3.21 3.28 3.35 3.42 3.50 3.58 3.66 3.72 3.77 3.79 3.80 3.81 3.81 3.81 3.81 3.82 3.82 3.82 3.81 3.80 3.78 3.76 3.73 3.69 3.67 3.63
2.72 2.74 2.77 2.85 2.87 2.88 2.90 2.91 2.91 2.91 2.90 2.90 2.88 2.86 2.73 2.76 2.72 2.68 2.63 2.58 2.53 2.51 2.46 2.42 2.38 2.35 2.33 2.37 2.38 2.39 2.41 2.44 2.49 2.53 2.57 2.62 2.66 2.69 2.73 2.76 2.82 2.84 2.87 2.90 2.93 2.96 2.97 3.00 3.01 3.02 3.03 3.04 3.04 3.05 3.05 3.07 3.11 3.16 3.21 3.27 3.33 3.39 3.46 3.53 3.59 3.65 3.69 3.72 3.73 3.75 3.75 3.76 3.77 3.78 3.78 3.78 3.78 3.77 3.75 3.72 3.69 3.65 3.63 3.58
2.75 2.77 2.80 2.83 2.90 2.92 2.94 2.95 2.96 2.96 2.96 2.95 2.94 2.91 2.79 2.75 2.71 2.73 2.68 2.63 2.58 2.53 2.50 2.46 2.42 2.42 2.39 2.41 2.41 2.42 2.43 2.45 2.48 2.53 2.56 2.60 2.63 2.67 2.71 2.74 2.77 2.81 2.84 2.87 2.90 2.92 2.94 2.97 2.99 3.01 3.03 3.04 3.06 3.06 3.08 3.10 3.13 3.17 3.21 3.26 3.31 3.36 3.42 3.47 3.53 3.58 3.62 3.64 3.66 3.68 3.70 3.71 3.72 3.74 3.75 3.75 3.75 3.74 3.72 3.69 3.65 3.61 3.58 3.53
2.77 2.80 2.83 2.86 2.88 2.96 2.98 2.99 3.01 3.01 3.01 3.00 2.98 2.96 2.85 2.81 2.77 2.73 2.68 2.64 2.63 2.58 2.55 2.50 2.50 2.47 2.45 2.43 2.44 2.44 2.46 2.47 2.49 2.53 2.56 2.59 2.63 2.66 2.69 2.72 2.75 2.78 2.82 2.84 2.87 2.89 2.92 2.95 2.98 3.01 3.03 3.06 3.07 3.08 3.10 3.12 3.15 3.18 3.21 3.25 3.29 3.33 3.38 3.43 3.47 3.51 3.54 3.57 3.59 3.61 3.64 3.65 3.68 3.70 3.72 3.73 3.73 3.72 3.70 3.66 3.62 3.57 3.54 3.49
2.79 2.82 2.85 2.88 2.91 2.94 3.02 2.97 2.99 3.01 3.02 3.01 3.00 2.98 2.95 2.87 2.83 2.78 2.74 2.69 2.65 2.61 2.60 2.58 2.55 2.52 2.50 2.49 2.49 2.47 2.48 2.49 2.51 2.54 2.57 2.59 2.62 2.65 2.68 2.70 2.73 2.75 2.79 2.81 2.84 2.87 2.90 2.94 2.97 3.01 3.04 3.07 3.09 3.11 3.13 3.15 3.17 3.19 3.22 3.25 3.28 3.31 3.34 3.39 3.42 3.45 3.48 3.51 3.53 3.55 3.57 3.60 3.63 3.66 3.69 3.70 3.71 3.70 3.68 3.64 3.59 3.54 3.46 3.42
2.81 2.84 2.87 2.90 2.94 2.97 3.06 3.08 3.11 3.06 3.07 3.07 3.06 3.03 3.00 2.93 2.88 2.83 2.79 2.74 2.70 2.69 2.65 2.63 2.60 2.57 2.55 2.53 2.52 2.52 2.51 2.52 2.53 2.55 2.58 2.60 2.62 2.65 2.67 2.69 2.72 2.73 2.76 2.79 2.81 2.84 2.88 2.93 2.97 3.01 3.05 3.09 3.12 3.13 3.16 3.18 3.19 3.21 3.23 3.25 3.27 3.29 3.31 3.33 3.37 3.39 3.41 3.43 3.45 3.48 3.51 3.55 3.59 3.62 3.66 3.69 3.70 3.69 3.67 3.63 3.57 3.50 3.43 3.39
2.82 2.86 2.89 2.92 2.96 2.99 3.03 3.12 3.15 3.17 3.18 3.13 3.11 3.08 3.05 3.00 2.93 2.88 2.83 2.78 2.77 2.73 2.69 2.65 2.62 2.59 2.57 2.58 2.56 2.55 2.56 2.54 2.55 2.57 2.59 2.61 2.63 2.65 2.67 2.69 2.70 2.71 2.74 2.76 2.79 2.82 2.88 2.92 2.97 3.02 3.06 3.11 3.15 3.17 3.19 3.21 3.23 3.24 3.25 3.25 3.26 3.27 3.27 3.28 3.31 3.32 3.34 3.36 3.38 3.41 3.45 3.49 3.54 3.59 3.64 3.68 3.70 3.70 3.67 3.61 3.55 3.48 3.40 3.35
2.84 2.87 2.90 2.94 2.98 3.01 3.05 3.14 3.18 3.21 3.23 3.24 3.21 3.13 3.08 3.04 2.99 2.92 2.87 2.82 2.81 2.76 2.72 2.69 2.66 2.63 2.61 2.59 2.58 2.59 2.58 2.56 2.59 2.58 2.60 2.61 2.63 2.65 2.66 2.68 2.70 2.70 2.72 2.74 2.77 2.81 2.87 2.92 2.98 3.03 3.08 3.13 3.18 3.20 3.24 3.26 3.27 3.27 3.26 3.26 3.26 3.25 3.25 3.24 3.26 3.26 3.27 3.30 3.32 3.35 3.38 3.43 3.49 3.56 3.63 3.68 3.72 3.70 3.66 3.60 3.53 3.45 3.37 3.31
2.85 2.88 2.92 2.95 2.99 3.03 3.07 3.16 3.21 3.25 3.28 3.29 3.26 3.20 3.14 3.06 3.01 2.94 2.92 2.87 2.82 2.79 2.76 2.72 2.69 2.66 2.64 2.63 2.62 2.61 2.61 2.60 2.62 2.63 2.62 2.65 2.65 2.66 2.67 2.68 2.70 2.70 2.71 2.72 2.75 2.80 2.86 2.92 2.98 3.04 3.10 3.15 3.20 3.24 3.29 3.31 3.31 3.29 3.28 3.27 3.26 3.24 3.23 3.22 3.20 3.20 3.21 3.23 3.27 3.30 3.33 3.37 3.44 3.53 3.62 3.68 3.74 3.73 3.67 3.59 3.51 3.43 3.34 3.27
2.86 2.89 2.92 2.96 3.00 3.04 3.08 3.12 3.21 3.26 3.31 3.35 3.28 3.21 3.15 3.08 3.03 2.99 2.93 2.88 2.83 2.79 2.77 2.74 2.72 2.69 2.68 2.66 2.65 2.65 2.64 2.64 2.64 2.64 2.65 2.67 2.68 2.68 2.69 2.70 2.70 2.71 2.71 2.72 2.75 2.81 2.87 2.93 3.01 3.06 3.11 3.17 3.22 3.27 3.33 3.36 3.33 3.31 3.30 3.28 3.26 3.24 3.23 3.21 3.18 3.17 3.17 3.21 3.24 3.27 3.29 3.30 3.40 3.50 3.59 3.67 3.75 3.74 3.65 3.57 3.49 3.40 3.33 3.24
2.86 2.89 2.92 2.96 3.00 3.03 3.07 3.12 3.20 3.24 3.28 3.29 3.25 3.19 3.13 3.07 3.03 2.98 2.93 2.88 2.84 2.81 2.78 2.76 2.74 2.72 2.71 2.69 2.69 2.68 2.67 2.67 2.67 2.67 2.68 2.69 2.69 2.70 2.72 2.72 2.72 2.73 2.74 2.75 2.79 2.83 2.89 2.94 3.02 3.08 3.12 3.18 3.23 3.28 3.33 3.34 3.33 3.32 3.31 3.29 3.27 3.25 3.24 3.22 3.20 3.19 3.20 3.22 3.24 3.27 3.30 3.32 3.39 3.48 3.55 3.63 3.68 3.67 3.61 3.53 3.46 3.37 3.29 3.21
2.86 2.89 2.92 2.95 2.99 3.02 3.06 3.10 3.18 3.20 3.22 3.22 3.19 3.15 3.09 3.04 3.00 2.96 2.93 2.88 2.85 2.82 2.79 2.78 2.76 2.74 2.73 2.72 2.72 2.71 2.70 2.70 2.70 2.71 2.72 2.72 2.73 2.74 2.74 2.75 2.76 2.76 2.78 2.80 2.83 2.88 2.92 2.98 3.04 3.09 3.14 3.19 3.24 3.29 3.31 3.33 3.33 3.32 3.31 3.30 3.29 3.28 3.26 3.25 3.23 3.24 3.24 3.24 3.26 3.28 3.31 3.34 3.39 3.46 3.52 3.57 3.60 3.59 3.55 3.49 3.42 3.34 3.26 3.19
2.86 2.89 2.92 2.95 2.98 3.01 3.04 3.07 3.10 3.15 3.16 3.15 3.13 3.09 3.05 3.01 2.97 2.94 2.91 2.87 2.84 2.82 2.80 2.78 2.78 2.76 2.75 2.75 2.74 2.74 2.73 2.73 2.74 2.74 2.75 2.75 2.76 2.77 2.78 2.79 2.80 2.82 2.82 2.85 2.88 2.92 2.96 3.00 3.07 3.11 3.15 3.20 3.24 3.28 3.30 3.32 3.33 3.33 3.33 3.32 3.31 3.30 3.29 3.28 3.28 3.27 3.28 3.28 3.30 3.31 3.34 3.36 3.40 3.45 3.49 3.52 3.53 3.52 3.49 3.43 3.37 3.30 3.23 3.18
2.86 2.88 2.91 2.93 2.96 2.99 3.01 3.03 3.05 3.10 3.10 3.08 3.06 3.03 2.99 2.97 2.93 2.90 2.88 2.85 2.83 2.82 2.80 2.80 2.79 2.78 2.77 2.77 2.77 2.76 2.76 2.76 2.77 2.77 2.78 2.79 2.80 2.80 2.81 2.83 2.84 2.86 2.88 2.90 2.93 2.96 3.00 3.05 3.09 3.13 3.16 3.20 3.24 3.28 3.31 3.31 3.33 3.34 3.34 3.34 3.34 3.34 3.33 3.33 3.33 3.32 3.32 3.32 3.33 3.35 3.36 3.37 3.40 3.43 3.46 3.48 3.48 3.46 3.43 3.38 3.33 3.27 3.20 3.17
2.86 2.88 2.90 2.92 2.94 2.96 2.98 2.99 3.04 3.04 3.03 3.01 2.99 3.00 2.97 2.94 2.89 2.86 2.85 2.83 2.82 2.81 2.80 2.80 2.80 2.79 2.79 2.79 2.79 2.79 2.79 2.79 2.79 2.80 2.81 2.82 2.83 2.84 2.85 2.87 2.88 2.91 2.93 2.95 2.97 3.00 3.04 3.08 3.12 3.14 3.18 3.21 3.25 3.28 3.31 3.32 3.33 3.35 3.36 3.36 3.37 3.37 3.37 3.37 3.37 3.37 3.36 3.36 3.37 3.38 3.39 3.39 3.41 3.43 3.44 3.44 3.43 3.41 3.38 3.34 3.29 3.23 3.18 3.18
2.91 2.92 2.94 2.95 2.96 2.98 2.98 2.99 2.98 2.98 3.01 2.99 2.96 2.93 2.90 2.88 2.86 2.84 2.81 2.80 2.80 2.80 2.80 2.80 2.80 2.80 2.81 2.82 2.81 2.81 2.81 2.82 2.82 2.82 2.83 2.85 2.86 2.87 2.90 2.91 2.93 2.95 2.97 3.00 3.04 3.07 3.09 3.11 3.14 3.18 3.19 3.22 3.25 3.28 3.31 3.32 3.34 3.36 3.38 3.39 3.41 3.41 3.41 3.41 3.40 3.40 3.40 3.40 3.39 3.40 3.40 3.41 3.41 3.42 3.41 3.41 3.39 3.37 3.34 3.29 3.25 3.19 3.20 3.17
2.90 2.91 2.92 2.93 2.94 2.95 2.95 2.94 2.99 2.97 2.95 2.92 2.89 2.86 2.83 2.82 2.80 2.79 2.78 2.77 2.77 2.78 2.79 2.79 2.80 2.81 2.82 2.83 2.83 2.83 2.84 2.84 2.85 2.85 2.86 2.87 2.89 2.91 2.93 2.95 2.97 2.99 3.01 3.04 3.08 3.10 3.13 3.14 3.16 3.19 3.22 3.24 3.26 3.29 3.32 3.33 3.36 3.38 3.40 3.43 3.45 3.45 3.45 3.45 3.45 3.44 3.44 3.43 3.42 3.42 3.42 3.42 3.42 3.41 3.40 3.38 3.36 3.33 3.30 3.26 3.22 3.17 3.18 3.14
2.89 2.90 2.91 2.91 2.92 2.92 2.98 2.96 2.94 2.91 2.88 2.84 2.82 2.79 2.77 2.76 2.74 2.73 2.73 2.74 2.75 2.76 2.77 2.78 2.80 2.81 2.83 2.84 2.85 2.85 2.85 2.86 2.87 2.87 2.88 2.90 2.92 2.94 2.96 2.98 3.00 3.03 3.05 3.07 3.12 3.14 3.16 3.17 3.19 3.21 3.24 3.26 3.27 3.30 3.32 3.35 3.37 3.40 3.44 3.47 3.48 3.49 3.49 3.49 3.49 3.48 3.47 3.46 3.45 3.45 3.45 3.43 3.42 3.41 3.38 3.36 3.33 3.30 3.27 3.23 3.19 3.14 3.16 3.13
2.89 2.89 2.90 2.90 2.90 2.96 2.94 2.92 2.89 2.85 2.81 2.78 2.75 2.72 2.70 2.69 2.68 2.68 2.68 2.70 2.72 2.73 2.75 2.77 2.79 2.81 2.82 2.84 2.86 2.86 2.87 2.87 2.88 2.89 2.90 2.92 2.94 2.96 2.99 3.01 3.03 3.09 3.12 3.14 3.16 3.18 3.19 3.20 3.22 3.23 3.26 3.28 3.30 3.31 3.33 3.36 3.39 3.43 3.47 3.50 3.52 3.53 3.53 3.53 3.52 3.51 3.49 3.49 3.48 3.47 3.46 3.45 3.43 3.40 3.37 3.34 3.31 3.27 3.24 3.20 3.16 3.12 3.14 3.11
2.89 2.89 2.89 2.89 2.96 2.94 2.92 2.88 2.84 2.80 2.75 2.71 2.69 2.67 2.65 2.63 2.62 2.62 2.64 2.66 2.68 2.71 2.73 2.75 2.77 2.80 2.82 2.85 2.86 2.87 2.87 2.88 2.90 2.90 2.93 2.95 2.96 2.99 3.02 3.08 3.10 3.12 3.14 3.17 3.19 3.21 3.22 3.24 3.25 3.26 3.27 3.30 3.31 3.33 3.34 3.36 3.41 3.45 3.50 3.54 3.57 3.58 3.57 3.56 3.55 3.52 3.51 3.51 3.50 3.49 3.48 3.46 3.43 3.40 3.36 3.32 3.29 3.25 3.21 3.17 3.13 3.10 3.12 3.10
2.94 2.94 2.94 2.96 2.95 2.92 2.89 2.85 2.81 2.76 2.70 2.65 2.64 2.62 2.61 2.59 2.57 2.58 2.60 2.62 2.65 2.68 2.71 2.73 2.75 2.78 2.81 2.85 2.86 2.86 2.87 2.88 2.89 2.92 2.94 2.97 2.99 3.04 3.07 3.09 3.12 3.15 3.17 3.20 3.22 3.23 3.25 3.26 3.27 3.29 3.30 3.32 3.33 3.35 3.36 3.38 3.43 3.49 3.54 3.58 3.63 3.60 3.59 3.58 3.57 3.55 3.54 3.53 3.52 3.50 3.49 3.49 3.45 3.40 3.36 3.32 3.28 3.24 3.20 3.16 3.12 3.09 3.11 3.09
2.97 2.96 2.95 2.96 2.94 2.91 2.88 2.84 2.79 2.74 2.68 2.64 2.61 2.59 2.57 2.56 2.54 2.55 2.56 2.59 2.61 2.64 2.67 2.69 2.72 2.75 2.78 2.81 2.84 2.85 2.86 2.89 2.91 2.93 2.96 2.98 3.03 3.06 3.08 3.11 3.14 3.16 3.19 3.22 3.24 3.25 3.27 3.28 3.29 3.31 3.32 3.34 3.36 3.37 3.39 3.42 3.47 3.52 3.56 3.61 3.64 3.63 3.62 3.61 3.59 3.58 3.56 3.55 3.53 3.52 3.50 3.48 3.44 3.39 3.35 3.30 3.26 3.21 3.17 3.13 3.09 3.06 3.09 3.07
3.00 2.99 3.00 2.98 2.95 2.92 2.88 2.83 2.78 2.73 2.68 2.64 2.60 2.58 2.56 2.54 2.53 2.53 2.54 2.55 2.57 2.60 2.62 2.64 2.67 2.71 2.74 2.77 2.80 2.83 2.86 2.88 2.91 2.94 2.98 3.01 3.04 3.07 3.10 3.13 3.15 3.18 3.21 3.23 3.25 3.27 3.28 3.30 3.31 3.33 3.34 3.37 3.39 3.41 3.44 3.47 3.51 3.55 3.59 3.62 3.65 3.65 3.65 3.64 3.63 3.60 3.59 3.57 3.55 3.53 3.50 3.47 3.43 3.38 3.33 3.28 3.23 3.19 3.14 3.10 3.07 3.03 3.06 3.05
3.04 3.02 3.02 3.00 2.96 2.92 2.88 2.83 2.78 2.73 2.68 2.64 2.60 2.57 2.55 2.53 2.51 2.51 2.52 2.52 2.54 2.56 2.58 2.61 2.62 2.66 2.69 2.73 2.76 2.80 2.84 2.89 2.93 2.94 2.99 3.02 3.05 3.08 3.11 3.14 3.17 3.20 3.22 3.24 3.26 3.28 3.30 3.32 3.33 3.36 3.37 3.40 3.42 3.44 3.47 3.50 3.54 3.57 3.61 3.64 3.67 3.67 3.67 3.67 3.67 3.63 3.61 3.61 3.59 3.54 3.50 3.47 3.42 3.37 3.32 3.26 3.21 3.16 3.12 3.08 3.04 3.01 3.04 3.03
3.08 3.06 3.06 3.02 2.99 2.94 2.89 2.84 2.79 2.74 2.69 2.64 2.60 2.57 2.54 2.52 2.51 2.50 2.49 2.49 2.50 2.51 2.53 2.56 2.59 2.61 2.65 2.69 2.73 2.77 2.83 2.88 2.92 2.96 2.99 3.03 3.06 3.09 3.12 3.15 3.18 3.21 3.23 3.26 3.28 3.29 3.32 3.33 3.36 3.38 3.40 3.42 3.45 3.47 3.50 3.54 3.57 3.61 3.64 3.67 3.69 3.70 3.71 3.71 3.70 3.66 3.64 3.63 3.60 3.56 3.52 3.47 3.41 3.36 3.30 3.24 3.19 3.14 3.09 3.05 3.02 2.99 3.02 2.96
