data/SP espacial/F08032017.grd
DSAA
132	56
0.0000	120.0000
0.0000	50.0000
3.1946	7.0000
[rows 0 to 37 of 56, columns 0 to 83 of 132]
7.00 5.64 5.57 5.50 5.42 5.35 5.28 5.21 5.14 5.06 4.99 4.90 4.83 4.75 4.68 4.61 4.53 4.46 4.39 4.32 4.25 4.18 4.12 4.09 4.06 4.06 4.04 4.02 4.01 3.99 3.97 3.95 3.82 3.81 3.82 3.81 3.81 3.81 3.83 3.83 3.83 3.84 3.84 3.83 3.83 3.83 3.84 3.86 3.87 3.91 3.92 3.94 3.96 3.98 4.02 4.03 4.10 4.12 4.14 4.16 4.17 4.18 4.20 4.21 4.20 4.22 4.23 4.25 4.26 4.28 4.30 4.31 4.33 4.35 4.36 4.42 4.44 4.40 4.41 4.47 4.49 4.52 4.55 4.57
5.66 5.61 5.55 5.48 5.41 5.34 5.27 5.19 5.12 5.05 4.98 4.91 4.82 4.75 4.67 4.60 4.53 4.45 4.38 4.31 4.25 4.18 4.12 4.09 4.06 4.05 4.03 4.01 3.99 3.98 3.96 3.94 3.82 3.81 3.81 3.81 3.81 3.80 3.82 3.82 3.83 3.83 3.84 3.82 3.83 3.83 3.84 3.85 3.87 3.90 3.92 3.94 3.96 3.98 4.02 4.04 4.05 4.12 4.14 4.15 4.17 4.18 4.20 4.21 4.20 4.22 4.23 4.24 4.27 4.28 4.29 4.31 4.32 4.34 4.38 4.40 4.42 4.39 4.41 4.46 4.48 4.51 4.54 4.56
5.61 5.57 5.52 5.45 5.39 5.32 5.25 5.18 5.11 5.04 4.96 4.89 4.81 4.74 4.66 4.59 4.52 4.45 4.38 4.31 4.24 4.18 4.13 4.09 4.05 4.03 4.02 4.00 3.98 3.97 3.96 3.84 3.82 3.82 3.81 3.81 3.81 3.80 3.82 3.82 3.82 3.82 3.83 3.83 3.82 3.82 3.84 3.85 3.87 3.90 3.92 3.94 3.97 4.00 4.02 4.04 4.06 4.12 4.14 4.15 4.17 4.18 4.19 4.20 4.20 4.22 4.23 4.24 4.26 4.27 4.28 4.30 4.31 4.33 4.37 4.39 4.41 4.43 4.40 4.45 4.47 4.50 4.52 4.55
5.56 5.52 5.48 5.42 5.36 5.29 5.22 5.16 5.09 5.02 4.95 4.88 4.81 4.73 4.66 4.58 4.51 4.44 4.37 4.31 4.24 4.19 4.14 4.09 4.05 4.03 4.02 3.99 3.98 3.97 3.85 3.84 3.83 3.82 3.82 3.82 3.81 3.80 3.81 3.81 3.81 3.81 3.82 3.82 3.80 3.82 3.83 3.85 3.87 3.90 3.92 3.94 3.98 4.00 4.02 4.04 4.06 4.08 4.14 4.15 4.17 4.18 4.17 4.20 4.21 4.22 4.23 4.24 4.25 4.26 4.27 4.29 4.30 4.34 4.35 4.37 4.39 4.41 4.44 4.41 4.46 4.48 4.51 4.53
5.51 5.48 5.43 5.38 5.32 5.26 5.20 5.13 5.06 5.00 4.93 4.86 4.80 4.72 4.65 4.58 4.51 4.44 4.37 4.31 4.25 4.19 4.14 4.09 4.05 4.03 4.00 3.99 3.98 3.87 3.86 3.85 3.84 3.83 3.83 3.82 3.81 3.80 3.79 3.81 3.80 3.80 3.81 3.81 3.80 3.81 3.83 3.84 3.86 3.89 3.92 3.96 3.98 4.01 4.02 4.04 4.07 4.09 4.10 4.15 4.17 4.16 4.18 4.20 4.21 4.22 4.22 4.24 4.25 4.25 4.26 4.27 4.30 4.32 4.34 4.35 4.38 4.40 4.42 4.43 4.40 4.47 4.49 4.51
5.46 5.43 5.39 5.34 5.29 5.23 5.17 5.10 5.04 4.97 4.91 4.84 4.78 4.72 4.64 4.58 4.51 4.44 4.37 4.31 4.25 4.19 4.14 4.09 4.05 4.03 4.00 3.97 3.89 3.88 3.87 3.86 3.85 3.85 3.83 3.82 3.81 3.80 3.78 3.80 3.80 3.79 3.80 3.80 3.79 3.80 3.82 3.84 3.86 3.89 3.93 3.96 3.98 4.01 4.03 4.05 4.08 4.09 4.11 4.12 4.17 4.17 4.18 4.20 4.21 4.22 4.23 4.24 4.24 4.24 4.25 4.26 4.29 4.30 4.32 4.34 4.36 4.38 4.40 4.42 4.44 4.40 4.47 4.49
5.42 5.39 5.35 5.30 5.25 5.19 5.13 5.07 5.01 4.95 4.89 4.83 4.77 4.71 4.65 4.57 4.51 4.44 4.38 4.31 4.25 4.19 4.14 4.09 4.05 4.03 4.00 3.87 3.90 3.89 3.88 3.87 3.86 3.85 3.84 3.83 3.81 3.80 3.79 3.80 3.79 3.79 3.79 3.78 3.79 3.80 3.81 3.83 3.86 3.92 3.93 3.96 3.99 4.01 4.04 4.06 4.08 4.10 4.11 4.13 4.13 4.17 4.19 4.21 4.22 4.23 4.23 4.23 4.23 4.23 4.24 4.26 4.27 4.28 4.30 4.32 4.34 4.37 4.39 4.40 4.42 4.49 4.46 4.47
5.37 5.34 5.30 5.26 5.21 5.16 5.10 5.04 4.98 4.92 4.86 4.80 4.75 4.69 4.65 4.59 4.51 4.45 4.38 4.32 4.25 4.19 4.14 4.09 4.05 4.03 3.93 3.89 3.88 3.91 3.90 3.89 3.87 3.87 3.85 3.83 3.82 3.80 3.79 3.78 3.79 3.78 3.77 3.77 3.78 3.79 3.81 3.85 3.87 3.92 3.93 3.96 3.99 4.02 4.04 4.07 4.09 4.11 4.12 4.14 4.14 4.15 4.16 4.21 4.22 4.23 4.23 4.23 4.23 4.22 4.24 4.24 4.25 4.26 4.28 4.30 4.33 4.35 4.37 4.39 4.40 4.42 4.50 4.46
5.33 5.30 5.26 5.22 5.17 5.12 5.07 5.01 4.95 4.89 4.84 4.78 4.73 4.68 4.64 4.59 4.53 4.45 4.39 4.32 4.25 4.19 4.15 4.09 3.99 3.97 3.93 3.91 3.89 3.92 3.91 3.90 3.89 3.88 3.86 3.84 3.82 3.80 3.78 3.78 3.78 3.77 3.75 3.75 3.76 3.78 3.81 3.84 3.89 3.91 3.92 3.96 3.99 4.02 4.05 4.08 4.10 4.12 4.13 4.13 4.15 4.16 4.17 4.19 4.23 4.24 4.24 4.23 4.22 4.23 4.22 4.22 4.22 4.24 4.27 4.29 4.32 4.34 4.35 4.37 4.39 4.40 4.48 4.44
5.36 5.26 5.22 5.18 5.13 5.08 5.03 4.98 4.92 4.87 4.81 4.76 4.71 4.67 4.63 4.59 4.54 4.48 4.41 4.33 4.26 4.20 4.14 4.03 4.01 3.97 3.95 3.93 3.91 3.90 3.92 3.91 3.90 3.89 3.87 3.85 3.83 3.81 3.78 3.77 3.75 3.76 3.74 3.74 3.74 3.76 3.80 3.85 3.88 3.91 3.92 3.96 4.00 4.03 4.06 4.09 4.11 4.12 4.12 4.14 4.16 4.17 4.19 4.20 4.21 4.25 4.25 4.24 4.24 4.22 4.20 4.19 4.20 4.22 4.25 4.28 4.31 4.33 4.34 4.36 4.38 4.39 4.46 4.48
5.32 5.28 5.18 5.14 5.09 5.05 5.00 4.94 4.89 4.84 4.78 4.73 4.69 4.66 4.63 4.59 4.54 4.49 4.42 4.35 4.26 4.20 4.14 4.05 4.02 3.99 3.97 3.95 3.93 3.92 3.90 3.93 3.92 3.91 3.89 3.86 3.83 3.81 3.78 3.77 3.75 3.74 3.73 3.72 3.73 3.77 3.80 3.84 3.87 3.90 3.92 3.96 4.00 4.04 4.07 4.10 4.12 4.13 4.13 4.15 4.17 4.18 4.20 4.22 4.23 4.24 4.26 4.24 4.23 4.20 4.17 4.16 4.18 4.21 4.24 4.27 4.30 4.32 4.34 4.35 4.37 4.38 4.45 4.46
5.29 5.24 5.13 5.09 5.05 5.01 4.96 4.91 4.86 4.81 4.76 4.71 4.68 4.65 4.63 4.59 4.55 4.50 4.43 4.35 4.29 4.14 4.09 4.07 4.03 4.01 3.99 3.97 3.96 3.94 3.93 3.95 3.94 3.93 3.90 3.86 3.84 3.81 3.78 3.77 3.75 3.73 3.72 3.71 3.72 3.76 3.79 3.84 3.87 3.90 3.92 3.96 4.00 4.04 4.08 4.11 4.13 4.12 4.14 4.16 4.17 4.19 4.21 4.22 4.24 4.26 4.25 4.23 4.23 4.20 4.16 4.13 4.17 4.21 4.24 4.27 4.30 4.31 4.33 4.35 4.36 4.37 4.43 4.45
5.24 5.20 5.15 5.05 5.01 4.97 4.93 4.88 4.84 4.79 4.74 4.70 4.67 4.64 4.62 4.59 4.55 4.49 4.43 4.36 4.30 4.18 4.13 4.08 4.06 4.04 4.02 4.00 3.98 3.97 3.95 3.93 3.94 3.92 3.90 3.87 3.84 3.81 3.79 3.77 3.75 3.74 3.72 3.73 3.74 3.76 3.79 3.84 3.87 3.88 3.92 3.96 4.00 4.04 4.08 4.11 4.11 4.13 4.15 4.16 4.18 4.20 4.21 4.23 4.24 4.25 4.25 4.23 4.20 4.20 4.17 4.17 4.19 4.22 4.25 4.28 4.31 4.32 4.33 4.34 4.36 4.36 4.37 4.43
5.19 5.15 5.11 5.06 4.97 4.93 4.89 4.85 4.81 4.77 4.73 4.69 4.66 4.63 4.62 4.58 4.54 4.49 4.43 4.37 4.28 4.22 4.18 4.13 4.10 4.08 4.06 4.04 4.02 3.99 3.97 3.95 3.95 3.92 3.90 3.87 3.84 3.81 3.79 3.77 3.74 3.73 3.74 3.74 3.75 3.77 3.81 3.84 3.87 3.88 3.92 3.96 4.00 4.03 4.07 4.11 4.11 4.13 4.15 4.17 4.18 4.20 4.22 4.23 4.25 4.25 4.26 4.24 4.21 4.19 4.17 4.16 4.22 4.24 4.27 4.29 4.32 4.32 4.33 4.35 4.35 4.36 4.36 4.42
5.15 5.11 5.07 5.03 4.93 4.89 4.86 4.82 4.79 4.75 4.72 4.68 4.65 4.62 4.61 4.57 4.53 4.49 4.44 4.35 4.30 4.26 4.21 4.17 4.14 4.12 4.10 4.07 4.05 4.02 3.99 3.96 3.93 3.93 3.90 3.87 3.84 3.81 3.79 3.77 3.75 3.75 3.75 3.75 3.76 3.78 3.82 3.85 3.88 3.88 3.92 3.96 3.99 4.03 4.07 4.07 4.11 4.13 4.15 4.17 4.19 4.20 4.22 4.24 4.24 4.25 4.26 4.25 4.23 4.21 4.20 4.20 4.21 4.27 4.28 4.31 4.33 4.33 4.34 4.35 4.35 4.36 4.36 4.35
5.11 5.07 5.03 4.99 4.95 4.85 4.82 4.79 4.76 4.73 4.70 4.67 4.65 4.62 4.61 4.57 4.53 4.49 4.41 4.37 4.33 4.29 4.25 4.20 4.18 4.16 4.13 4.11 4.08 4.05 4.02 3.98 3.94 3.94 3.90 3.87 3.84 3.81 3.79 3.77 3.77 3.76 3.75 3.76 3.77 3.80 3.82 3.85 3.88 3.88 3.92 3.96 3.99 4.03 4.06 4.07 4.11 4.13 4.15 4.17 4.19 4.21 4.22 4.24 4.24 4.27 4.27 4.25 4.25 4.23 4.23 4.23 4.24 4.25 4.31 4.33 4.33 4.34 4.35 4.35 4.36 4.36 4.35 4.35
5.07 5.03 5.00 4.96 4.92 4.81 4.79 4.76 4.74 4.71 4.69 4.66 4.64 4.61 4.61 4.58 4.54 4.46 4.43 4.39 4.35 4.32 4.27 4.24 4.22 4.19 4.17 4.14 4.11 4.08 4.04 4.00 3.95 3.94 3.90 3.87 3.84 3.81 3.80 3.78 3.77 3.76 3.76 3.77 3.78 3.81 3.82 3.85 3.88 3.91 3.92 3.96 3.99 4.03 4.06 4.07 4.10 4.13 4.15 4.17 4.19 4.21 4.23 4.24 4.24 4.27 4.27 4.26 4.26 4.26 4.25 4.26 4.27 4.28 4.30 4.33 4.34 4.35 4.36 4.36 4.36 4.36 4.35 4.34
5.04 5.00 4.97 4.93 4.90 4.87 4.76 4.73 4.71 4.69 4.67 4.65 4.63 4.61 4.52 4.51 4.49 4.48 4.44 4.41 4.37 4.34 4.29 4.27 4.25 4.23 4.21 4.18 4.15 4.11 4.07 4.02 3.97 3.94 3.89 3.89 3.85 3.82 3.80 3.78 3.77 3.76 3.76 3.76 3.80 3.81 3.83 3.85 3.88 3.93 3.92 3.95 3.99 4.00 4.03 4.07 4.10 4.13 4.16 4.18 4.19 4.21 4.25 4.25 4.27 4.27 4.27 4.28 4.27 4.27 4.27 4.28 4.30 4.31 4.33 4.35 4.36 4.37 4.37 4.37 4.37 4.36 4.35 4.34
5.00 4.97 4.94 4.91 4.88 4.85 4.75 4.70 4.68 4.67 4.65 4.63 4.61 4.54 4.53 4.52 4.50 4.49 4.46 4.42 4.39 4.36 4.32 4.30 4.28 4.27 4.25 4.22 4.18 4.14 4.09 4.03 3.98 3.94 3.89 3.88 3.85 3.82 3.80 3.78 3.77 3.76 3.76 3.77 3.79 3.81 3.83 3.85 3.88 3.92 3.92 3.95 3.99 4.02 4.04 4.07 4.10 4.13 4.16 4.18 4.19 4.24 4.24 4.25 4.27 4.27 4.28 4.28 4.28 4.29 4.30 4.31 4.32 4.34 4.33 4.34 4.38 4.39 4.39 4.38 4.37 4.36 4.35 4.33
4.97 4.94 4.91 4.88 4.86 4.83 4.72 4.70 4.66 4.64 4.63 4.62 4.55 4.55 4.54 4.53 4.51 4.51 4.48 4.44 4.40 4.37 4.34 4.32 4.31 4.30 4.29 4.26 4.22 4.17 4.11 4.05 3.99 3.94 3.92 3.88 3.84 3.81 3.80 3.78 3.77 3.76 3.76 3.77 3.78 3.81 3.83 3.85 3.88 3.92 3.92 3.96 3.99 4.02 4.03 4.07 4.10 4.12 4.15 4.18 4.19 4.21 4.24 4.27 4.27 4.27 4.28 4.29 4.30 4.30 4.31 4.33 4.35 4.34 4.36 4.37 4.38 4.41 4.40 4.39 4.38 4.36 4.34 4.34
4.94 4.91 4.88 4.86 4.85 4.82 4.80 4.68 4.67 4.62 4.61 4.60 4.55 4.55 4.54 4.54 4.53 4.53 4.49 4.45 4.41 4.37 4.35 4.33 4.33 4.33 4.32 4.31 4.27 4.21 4.14 4.06 3.99 3.95 3.91 3.87 3.84 3.82 3.80 3.78 3.77 3.76 3.76 3.77 3.78 3.80 3.83 3.85 3.89 3.91 3.91 3.96 3.99 4.01 4.04 4.07 4.10 4.12 4.15 4.18 4.19 4.21 4.24 4.25 4.27 4.27 4.28 4.29 4.30 4.31 4.33 4.35 4.37 4.36 4.38 4.39 4.40 4.43 4.42 4.40 4.38 4.34 4.35 4.33
4.91 4.88 4.86 4.84 4.82 4.81 4.79 4.77 4.75 4.65 4.64 4.59 4.60 4.55 4.55 4.54 4.54 4.51 4.51 4.46 4.42 4.37 4.35 4.36 4.35 4.35 4.36 4.36 4.31 4.23 4.15 4.06 4.00 3.93 3.90 3.86 3.83 3.81 3.79 3.78 3.77 3.76 3.76 3.76 3.78 3.79 3.83 3.86 3.88 3.91 3.91 3.95 3.99 4.01 4.04 4.07 4.10 4.13 4.15 4.17 4.20 4.23 4.24 4.24 4.25 4.27 4.27 4.28 4.30 4.32 4.34 4.36 4.36 4.38 4.40 4.42 4.43 4.43 4.43 4.40 4.36 4.33 4.33 4.30
4.87 4.86 4.84 4.82 4.80 4.79 4.79 4.77 4.75 4.68 4.58 4.58 4.59 4.59 4.54 4.54 4.54 4.52 4.48 4.44 4.44 4.40 4.36 4.37 4.38 4.37 4.38 4.39 4.33 4.24 4.15 4.07 3.99 3.93 3.89 3.85 3.83 3.81 3.79 3.78 3.77 3.76 3.76 3.76 3.77 3.79 3.82 3.86 3.88 3.91 3.91 3.95 3.98 4.01 4.05 4.08 4.10 4.13 4.15 4.17 4.19 4.23 4.24 4.24 4.25 4.25 4.27 4.28 4.30 4.32 4.34 4.34 4.36 4.38 4.40 4.43 4.45 4.42 4.38 4.35 4.31 4.34 4.31 4.29
4.87 4.85 4.83 4.81 4.80 4.78 4.76 4.71 4.70 4.69 4.58 4.58 4.59 4.59 4.59 4.53 4.52 4.50 4.47 4.49 4.45 4.41 4.38 4.38 4.38 4.39 4.37 4.36 4.30 4.22 4.13 4.07 3.99 3.94 3.89 3.86 3.83 3.81 3.80 3.78 3.77 3.76 3.76 3.77 3.78 3.80 3.83 3.85 3.88 3.88 3.91 3.92 3.97 4.01 4.04 4.07 4.10 4.13 4.15 4.17 4.21 4.23 4.23 4.23 4.24 4.25 4.26 4.28 4.30 4.32 4.34 4.34 4.36 4.38 4.40 4.42 4.40 4.39 4.36 4.32 4.32 4.28 4.29 4.27
4.88 4.85 4.83 4.81 4.79 4.78 4.77 4.73 4.72 4.71 4.70 4.58 4.59 4.59 4.59 4.52 4.55 4.48 4.46 4.50 4.46 4.43 4.40 4.39 4.38 4.38 4.34 4.34 4.26 4.19 4.11 4.06 3.98 3.92 3.88 3.84 3.84 3.81 3.78 3.79 3.77 3.75 3.76 3.77 3.78 3.81 3.83 3.86 3.88 3.86 3.88 3.92 3.97 4.00 4.03 4.06 4.08 4.13 4.15 4.19 4.20 4.21 4.22 4.23 4.24 4.24 4.25 4.27 4.29 4.31 4.31 4.33 4.35 4.36 4.38 4.36 4.35 4.34 4.32 4.29 4.29 4.26 4.23 4.20
4.88 4.86 4.83 4.81 4.80 4.75 4.75 4.74 4.74 4.73 4.72 4.59 4.58 4.59 4.59 4.55 4.54 4.50 4.49 4.51 4.47 4.44 4.42 4.40 4.38 4.36 4.33 4.30 4.24 4.19 4.12 4.04 3.97 3.91 3.88 3.84 3.84 3.80 3.79 3.79 3.78 3.77 3.76 3.77 3.78 3.81 3.83 3.86 3.82 3.86 3.88 3.92 3.95 3.99 4.02 4.05 4.07 4.09 4.14 4.15 4.19 4.18 4.19 4.21 4.23 4.23 4.24 4.26 4.24 4.25 4.27 4.31 4.28 4.29 4.29 4.30 4.30 4.29 4.27 4.25 4.26 4.23 4.21 4.18
4.89 4.86 4.84 4.78 4.78 4.77 4.77 4.76 4.76 4.76 4.75 4.75 4.60 4.61 4.59 4.58 4.54 4.50 4.60 4.57 4.48 4.45 4.43 4.40 4.37 4.36 4.31 4.26 4.21 4.16 4.10 4.02 3.96 3.90 3.85 3.81 3.82 3.80 3.78 3.77 3.77 3.77 3.78 3.79 3.80 3.79 3.82 3.84 3.86 3.84 3.87 3.91 3.96 3.98 4.01 4.04 4.06 4.10 4.12 4.14 4.17 4.17 4.19 4.19 4.19 4.20 4.19 4.20 4.21 4.23 4.24 4.23 4.22 4.24 4.25 4.26 4.26 4.25 4.23 4.25 4.23 4.20 4.18 4.15
4.90 4.88 4.81 4.80 4.80 4.79 4.79 4.79 4.79 4.78 4.78 4.77 4.76 4.61 4.58 4.59 4.58 4.57 4.62 4.59 4.55 4.51 4.43 4.41 4.38 4.35 4.31 4.24 4.19 4.14 4.08 4.01 3.95 3.89 3.84 3.83 3.82 3.80 3.78 3.77 3.78 3.78 3.79 3.79 3.80 3.81 3.80 3.84 3.80 3.83 3.87 3.90 3.96 3.98 4.00 4.03 4.07 4.09 4.09 4.10 4.15 4.16 4.17 4.17 4.13 4.14 4.14 4.15 4.18 4.20 4.21 4.20 4.19 4.20 4.21 4.21 4.21 4.20 4.22 4.21 4.19 4.16 4.14 4.12
4.83 4.82 4.83 4.83 4.82 4.82 4.82 4.82 4.82 4.81 4.81 4.80 4.79 4.75 4.59 4.59 4.59 4.58 4.55 4.60 4.57 4.52 4.49 4.41 4.37 4.33 4.27 4.22 4.16 4.11 4.05 4.00 3.95 3.89 3.84 3.83 3.81 3.79 3.78 3.77 3.78 3.79 3.78 3.78 3.80 3.81 3.80 3.76 3.79 3.83 3.87 3.90 3.95 3.98 4.03 4.05 4.06 4.07 4.08 4.08 4.10 4.13 4.12 4.12 4.10 4.10 4.10 4.11 4.10 4.12 4.12 4.11 4.14 4.15 4.16 4.17 4.19 4.19 4.18 4.17 4.15 4.13 4.11 4.08
4.84 4.83 4.82 4.85 4.85 4.85 4.85 4.85 4.85 4.85 4.84 4.83 4.79 4.78 4.60 4.60 4.60 4.58 4.56 4.54 4.59 4.55 4.51 4.45 4.40 4.30 4.24 4.18 4.14 4.08 4.02 3.98 3.93 3.87 3.83 3.79 3.80 3.79 3.78 3.77 3.78 3.77 3.78 3.78 3.79 3.80 3.82 3.75 3.79 3.83 3.86 3.90 3.93 4.01 4.02 4.04 4.05 4.05 4.06 4.07 4.08 4.07 4.09 4.08 4.08 4.08 4.05 4.05 4.06 4.07 4.04 4.07 4.09 4.10 4.11 4.15 4.15 4.15 4.15 4.13 4.12 4.09 4.07 4.05
4.85 4.84 4.84 4.85 4.86 4.89 4.89 4.89 4.89 4.88 4.87 4.84 4.82 4.81 4.79 4.61 4.61 4.59 4.58 4.56 4.61 4.57 4.52 4.46 4.38 4.32 4.22 4.16 4.11 4.06 4.00 3.95 3.91 3.85 3.86 3.84 3.81 3.80 3.79 3.76 3.75 3.76 3.77 3.77 3.77 3.77 3.79 3.77 3.82 3.85 3.85 3.91 3.94 4.00 4.02 4.03 4.04 4.04 4.02 4.02 4.03 4.04 4.03 4.04 4.02 4.01 4.01 4.01 4.00 3.98 3.99 4.04 4.02 4.04 4.09 4.11 4.12 4.12 4.11 4.09 4.08 4.06 4.03 4.01
4.87 4.86 4.87 4.88 4.89 4.90 4.91 4.93 4.92 4.91 4.90 4.87 4.86 4.84 4.82 4.80 4.61 4.62 4.61 4.58 4.56 4.59 4.54 4.46 4.39 4.32 4.24 4.14 4.09 4.03 3.98 3.93 3.88 3.85 3.85 3.83 3.81 3.80 3.79 3.75 3.75 3.77 3.76 3.77 3.76 3.77 3.78 3.77 3.80 3.84 3.85 3.90 3.93 3.96 4.01 4.02 4.02 4.01 4.01 4.01 4.01 4.00 3.98 3.97 3.96 3.95 3.94 3.95 3.94 3.94 3.96 3.97 3.99 4.03 4.06 4.08 4.08 4.08 4.07 4.05 4.04 4.01 3.99 3.97
4.89 4.89 4.91 4.93 4.94 4.95 4.96 4.98 4.97 4.96 4.93 4.91 4.89 4.87 4.85 4.82 4.79 4.76 4.62 4.60 4.58 4.56 4.56 4.48 4.40 4.32 4.23 4.15 4.09 4.01 3.97 3.91 3.87 3.85 3.84 3.83 3.83 3.80 3.79 3.79 3.76 3.77 3.76 3.74 3.75 3.76 3.78 3.77 3.82 3.83 3.87 3.88 3.92 3.95 3.99 4.00 3.99 3.99 3.99 3.98 3.98 3.96 3.94 3.91 3.89 3.88 3.87 3.86 3.87 3.88 3.89 3.90 3.94 3.97 4.00 4.03 4.05 4.05 4.04 4.01 4.00 3.97 3.99 3.97
4.91 4.95 4.97 4.99 5.00 5.01 5.01 5.00 5.00 4.97 4.98 4.96 4.93 4.91 4.88 4.85 4.82 4.78 4.75 4.71 4.60 4.58 4.59 4.51 4.42 4.33 4.23 4.14 4.08 4.03 3.97 3.91 3.86 3.84 3.83 3.83 3.81 3.80 3.80 3.80 3.79 3.78 3.77 3.77 3.76 3.77 3.79 3.79 3.81 3.83 3.86 3.89 3.89 3.92 3.95 3.97 3.96 3.96 3.95 3.95 3.94 3.91 3.88 3.86 3.83 3.81 3.79 3.80 3.80 3.80 3.81 3.85 3.87 3.90 3.93 3.96 4.00 4.00 3.98 3.96 3.95 3.96 3.95 3.93
5.04 5.04 5.05 5.07 5.07 5.07 5.07 5.06 5.05 5.02 5.00 5.00 4.97 4.95 4.92 4.88 4.84 4.81 4.79 4.75 4.71 4.59 4.55 4.52 4.44 4.35 4.26 4.16 4.09 4.04 4.00 3.94 3.89 3.86 3.84 3.83 3.82 3.80 3.79 3.81 3.79 3.76 3.75 3.74 3.75 3.72 3.74 3.76 3.80 3.81 3.85 3.87 3.89 3.88 3.90 3.93 3.92 3.91 3.90 3.90 3.88 3.85 3.83 3.80 3.77 3.79 3.77 3.73 3.73 3.73 3.74 3.78 3.80 3.82 3.85 3.88 3.91 3.92 3.94 3.93 3.92 3.92 3.91 3.90
5.16 5.15 5.15 5.16 5.15 5.15 5.14 5.12 5.10 5.09 5.07 5.04 5.03 5.00 4.96 4.93 4.89 4.86 4.82 4.77 4.72 4.60 4.55 4.53 4.45 4.37 4.29 4.21 4.14 4.08 4.03 3.98 3.94 3.88 3.86 3.83 3.82 3.81 3.80 3.80 3.79 3.76 3.75 3.74 3.74 3.72 3.74 3.76 3.77 3.80 3.82 3.84 3.86 3.83 3.85 3.87 3.87 3.86 3.85 3.84 3.82 3.79 3.76 3.73 3.77 3.74 3.73 3.72 3.66 3.66 3.69 3.70 3.72 3.74 3.77 3.79 3.81 3.86 3.86 3.87 3.87 3.87 3.87 3.87
5.29 5.28 5.27 5.26 5.25 5.24 5.21 5.19 5.18 5.15 5.12 5.09 5.09 5.05 5.01 4.96 4.92 4.89 4.84 4.79 4.74 4.69 4.56 4.54 4.47 4.39 4.32 4.25 4.18 4.12 4.07 4.02 3.94 3.91 3.87 3.85 3.84 3.82 3.81 3.81 3.80 3.76 3.75 3.74 3.71 3.72 3.73 3.75 3.76 3.78 3.80 3.81 3.77 3.78 3.79 3.86 3.81 3.80 3.79 3.77 3.75 3.72 3.76 3.75 3.72 3.70 3.68 3.67 3.67 3.65 3.61 3.62 3.64 3.66 3.68 3.70 3.77 3.77 3.82 3.83 3.84 3.84 3.85 3.83
5.42 5.40 5.39 5.37 5.35 5.33 5.29 5.28 5.25 5.22 5.18 5.15 5.11 5.09 5.05 5.00 4.96 4.92 4.87 4.82 4.77 4.71 4.58 4.56 4.49 4.42 4.35 4.28 4.22 4.16 4.11 4.06 3.98 3.96 3.94 3.88 3.86 3.84 3.83 3.82 3.81 3.76 3.75 3.74 3.71 3.72 3.73 3.74 3.75 3.75 3.77 3.78 3.73 3.73 3.80 3.80 3.82 3.81 3.80 3.78 3.68 3.74 3.71 3.69 3.68 3.66 3.64 3.63 3.60 3.59 3.58 3.54 3.62 3.64 3.66 3.68 3.71 3.74 3.76 3.77 3.79 3.81 3.82 3.84
