data/SP espacial/F09022017.grd
DSAA
132	56
0.0000	120.0000
0.0000	50.0000
4.0518	10.8715
[rows 0 to 37 of 56, columns 0 to 83 of 132]
7.92 7.20 7.17 7.14 7.10 7.06 7.01 6.94 6.89 6.82 6.77 6.71 6.66 6.65 6.60 6.56 6.52 6.49 6.45 6.42 6.38 6.35 6.30 6.25 6.20 6.15 6.09 6.02 5.94 5.86 5.77 5.67 5.52 5.42 5.31 5.19 5.08 4.95 4.84 4.74 4.66 4.58 4.52 4.47 4.43 4.41 4.40 4.38 4.40 4.43 4.49 4.53 4.55 4.60 4.64 4.75 4.79 4.84 4.87 4.90 4.92 4.93 4.93 4.94 4.94 4.94 4.93 4.93 4.93 4.93 4.93 4.93 4.94 4.94 4.95 5.05 5.06 5.09 5.10 5.08 5.13 5.14 5.10 5.12
7.17 7.15 7.12 7.09 7.04 6.99 6.94 6.88 6.82 6.75 6.69 6.63 6.58 6.53 6.52 6.48 6.44 6.40 6.37 6.34 6.30 6.27 6.22 6.18 6.13 6.08 6.03 5.96 5.88 5.80 5.71 5.58 5.47 5.37 5.26 5.15 5.04 4.91 4.80 4.71 4.62 4.54 4.48 4.44 4.40 4.38 4.37 4.37 4.38 4.41 4.47 4.50 4.55 4.60 4.65 4.74 4.79 4.84 4.87 4.90 4.92 4.93 4.93 4.94 4.94 4.93 4.93 4.92 4.92 4.92 4.91 4.91 4.92 4.92 5.01 5.02 5.02 5.05 5.06 5.07 5.08 5.10 5.06 5.08
7.11 7.09 7.06 7.02 6.97 6.92 6.87 6.81 6.74 6.67 6.60 6.54 6.49 6.44 6.39 6.38 6.35 6.31 6.28 6.25 6.21 6.18 6.14 6.10 6.06 6.01 5.95 5.89 5.82 5.74 5.65 5.53 5.42 5.32 5.21 5.10 4.99 4.87 4.77 4.67 4.58 4.51 4.45 4.40 4.37 4.35 4.35 4.35 4.37 4.40 4.46 4.49 4.54 4.60 4.65 4.74 4.79 4.84 4.87 4.90 4.92 4.93 4.93 4.93 4.93 4.93 4.92 4.91 4.91 4.90 4.90 4.90 4.90 4.90 4.97 4.97 4.98 4.99 5.02 5.02 5.04 5.05 5.02 5.03
7.05 7.02 6.99 6.95 6.90 6.84 6.78 6.72 6.66 6.58 6.51 6.45 6.39 6.34 6.30 6.28 6.24 6.21 6.18 6.15 6.12 6.09 6.05 6.01 5.97 5.93 5.87 5.82 5.74 5.67 5.52 5.43 5.37 5.27 5.16 5.05 4.95 4.84 4.73 4.63 4.55 4.48 4.42 4.37 4.34 4.33 4.33 4.34 4.36 4.39 4.45 4.49 4.55 4.60 4.65 4.74 4.79 4.89 4.87 4.90 4.92 4.93 4.93 4.93 4.93 4.92 4.91 4.90 4.89 4.89 4.88 4.88 4.88 4.90 4.93 4.93 4.94 4.95 4.96 4.96 4.99 5.00 4.97 4.98
6.97 6.95 6.91 6.87 6.81 6.76 6.70 6.63 6.56 6.48 6.42 6.35 6.29 6.24 6.18 6.15 6.14 6.10 6.07 6.04 6.01 5.99 5.95 5.92 5.88 5.84 5.79 5.74 5.67 5.55 5.47 5.37 5.28 5.22 5.11 5.00 4.90 4.80 4.69 4.59 4.51 4.44 4.39 4.35 4.32 4.31 4.31 4.33 4.35 4.39 4.45 4.50 4.55 4.60 4.66 4.74 4.84 4.88 4.86 4.89 4.91 4.93 4.93 4.93 4.92 4.91 4.90 4.89 4.88 4.87 4.87 4.86 4.87 4.89 4.89 4.90 4.90 4.91 4.92 4.91 4.93 4.94 4.93 4.94
6.90 6.86 6.83 6.78 6.73 6.67 6.60 6.54 6.47 6.38 6.32 6.25 6.19 6.13 6.08 6.03 6.00 5.99 5.96 5.94 5.91 5.88 5.85 5.82 5.79 5.75 5.70 5.65 5.57 5.49 5.41 5.32 5.23 5.16 5.05 4.95 4.85 4.75 4.66 4.56 4.48 4.41 4.37 4.32 4.30 4.29 4.30 4.32 4.36 4.40 4.45 4.50 4.55 4.61 4.67 4.78 4.82 4.87 4.87 4.89 4.93 4.93 4.93 4.93 4.92 4.91 4.89 4.88 4.87 4.86 4.85 4.85 4.86 4.86 4.86 4.86 4.87 4.87 4.88 4.87 4.88 4.90 4.89 4.91
6.81 6.78 6.74 6.69 6.63 6.57 6.51 6.44 6.37 6.30 6.22 6.15 6.09 6.03 5.98 5.93 5.89 5.86 5.85 5.83 5.80 5.78 5.75 5.72 5.69 5.66 5.62 5.58 5.50 5.43 5.35 5.27 5.18 5.09 5.00 4.90 4.80 4.71 4.61 4.52 4.45 4.39 4.34 4.30 4.28 4.27 4.28 4.32 4.36 4.41 4.45 4.51 4.56 4.62 4.69 4.76 4.81 4.85 4.87 4.89 4.94 4.94 4.93 4.92 4.91 4.90 4.89 4.87 4.86 4.85 4.83 4.83 4.83 4.83 4.83 4.83 4.83 4.83 4.84 4.84 4.84 4.84 4.85 4.86
6.73 6.69 6.65 6.60 6.54 6.48 6.41 6.35 6.28 6.20 6.12 6.06 5.99 5.94 5.88 5.83 5.79 5.75 5.73 5.72 5.69 5.67 5.65 5.63 5.60 5.58 5.56 5.51 5.45 5.37 5.30 5.22 5.13 5.04 4.94 4.85 4.76 4.67 4.58 4.48 4.43 4.37 4.32 4.27 4.25 4.26 4.27 4.33 4.35 4.40 4.46 4.51 4.57 4.63 4.69 4.75 4.80 4.84 4.87 4.92 4.93 4.93 4.93 4.92 4.91 4.89 4.87 4.86 4.85 4.83 4.81 4.81 4.80 4.80 4.80 4.80 4.80 4.80 4.80 4.80 4.80 4.81 4.80 4.81
6.64 6.60 6.56 6.51 6.45 6.39 6.32 6.25 6.18 6.11 6.03 5.96 5.90 5.84 5.79 5.74 5.70 5.65 5.62 5.62 5.59 5.57 5.55 5.53 5.52 5.52 5.48 5.44 5.39 5.33 5.24 5.16 5.08 5.00 4.90 4.81 4.72 4.64 4.53 4.44 4.38 4.35 4.31 4.25 4.23 4.26 4.26 4.30 4.34 4.39 4.45 4.51 4.58 4.62 4.68 4.73 4.79 4.83 4.90 4.91 4.92 4.93 4.93 4.93 4.90 4.89 4.87 4.85 4.84 4.80 4.79 4.78 4.78 4.77 4.77 4.77 4.77 4.77 4.77 4.77 4.77 4.77 4.76 4.77
6.57 6.53 6.47 6.42 6.36 6.30 6.23 6.16 6.09 6.02 5.95 5.87 5.81 5.76 5.70 5.65 5.61 5.56 5.52 5.49 5.49 5.49 5.46 5.47 5.47 5.45 5.41 5.37 5.33 5.28 5.21 5.11 5.04 4.96 4.86 4.78 4.69 4.61 4.50 4.43 4.35 4.30 4.26 4.23 4.21 4.24 4.26 4.29 4.34 4.38 4.45 4.51 4.56 4.62 4.68 4.74 4.78 4.86 4.89 4.91 4.91 4.94 4.93 4.92 4.92 4.89 4.87 4.86 4.81 4.80 4.79 4.76 4.76 4.75 4.75 4.75 4.74 4.74 4.74 4.74 4.74 4.74 4.72 4.72
6.48 6.44 6.40 6.34 6.28 6.21 6.15 6.08 6.01 5.94 5.87 5.79 5.73 5.68 5.62 5.57 5.53 5.47 5.44 5.40 5.38 5.40 5.42 5.39 5.40 5.38 5.34 5.30 5.28 5.22 5.16 5.10 5.00 4.92 4.83 4.75 4.66 4.56 4.48 4.41 4.32 4.30 4.24 4.22 4.20 4.24 4.26 4.29 4.33 4.38 4.43 4.51 4.58 4.62 4.68 4.74 4.79 4.86 4.88 4.90 4.91 4.94 4.93 4.92 4.91 4.90 4.86 4.84 4.81 4.79 4.78 4.75 4.74 4.74 4.73 4.73 4.73 4.73 4.73 4.72 4.72 4.71 4.70 4.69
6.40 6.36 6.31 6.26 6.20 6.14 6.07 6.00 5.93 5.86 5.79 5.72 5.66 5.60 5.55 5.50 5.46 5.39 5.36 5.33 5.30 5.37 5.36 5.34 5.34 5.31 5.28 5.24 5.22 5.17 5.11 5.05 4.96 4.88 4.81 4.72 4.60 4.53 4.46 4.39 4.34 4.30 4.23 4.21 4.23 4.24 4.23 4.26 4.33 4.38 4.43 4.49 4.59 4.65 4.69 4.75 4.83 4.86 4.88 4.89 4.90 4.94 4.94 4.92 4.90 4.89 4.87 4.82 4.80 4.79 4.78 4.73 4.73 4.72 4.72 4.72 4.71 4.72 4.71 4.71 4.70 4.69 4.67 4.67
6.32 6.28 6.23 6.18 6.12 6.06 5.99 5.92 5.86 5.79 5.72 5.64 5.59 5.54 5.49 5.44 5.40 5.33 5.29 5.29 5.28 5.31 5.30 5.31 5.29 5.25 5.22 5.18 5.17 5.12 5.07 5.01 4.92 4.85 4.77 4.69 4.57 4.50 4.45 4.38 4.34 4.30 4.27 4.28 4.22 4.23 4.24 4.27 4.31 4.39 4.44 4.50 4.60 4.66 4.70 4.75 4.83 4.86 4.88 4.89 4.89 4.95 4.94 4.91 4.89 4.89 4.87 4.82 4.81 4.79 4.78 4.73 4.72 4.72 4.71 4.71 4.72 4.71 4.71 4.70 4.70 4.68 4.67 4.65
6.24 6.20 6.15 6.10 6.04 5.98 5.92 5.85 5.78 5.72 5.66 5.57 5.51 5.48 5.43 5.38 5.34 5.30 5.27 5.24 5.25 5.23 5.25 5.29 5.24 5.20 5.17 5.14 5.12 5.07 5.02 4.95 4.89 4.82 4.70 4.67 4.55 4.51 4.44 4.38 4.34 4.30 4.30 4.30 4.26 4.24 4.25 4.29 4.33 4.40 4.48 4.54 4.62 4.65 4.70 4.77 4.87 4.86 4.88 4.89 4.91 4.91 4.90 4.91 4.84 4.82 4.80 4.78 4.81 4.78 4.77 4.76 4.72 4.72 4.72 4.74 4.73 4.72 4.72 4.71 4.70 4.68 4.67 4.64
6.17 6.13 6.08 6.03 5.97 5.91 5.85 5.79 5.72 5.65 5.59 5.53 5.46 5.40 5.38 5.34 5.30 5.27 5.23 5.20 5.21 5.19 5.26 5.24 5.22 5.15 5.12 5.08 5.04 5.00 4.96 4.90 4.85 4.73 4.67 4.60 4.56 4.50 4.44 4.39 4.40 4.34 4.31 4.30 4.29 4.29 4.31 4.33 4.35 4.43 4.51 4.57 4.61 4.67 4.72 4.84 4.88 4.91 4.88 4.91 4.91 4.90 4.89 4.85 4.83 4.81 4.79 4.78 4.77 4.79 4.78 4.77 4.77 4.73 4.76 4.75 4.74 4.75 4.74 4.72 4.71 4.69 4.67 4.65
6.10 6.06 6.01 5.96 5.90 5.85 5.79 5.72 5.66 5.60 5.54 5.47 5.40 5.35 5.35 5.31 5.27 5.23 5.20 5.21 5.18 5.15 5.20 5.20 5.17 5.14 5.07 5.03 4.99 4.95 4.91 4.86 4.75 4.69 4.64 4.58 4.55 4.50 4.45 4.46 4.42 4.36 4.34 4.32 4.32 4.33 4.35 4.36 4.41 4.47 4.54 4.60 4.64 4.69 4.81 4.85 4.90 4.93 4.91 4.92 4.91 4.90 4.89 4.84 4.82 4.71 4.70 4.78 4.77 4.79 4.79 4.79 4.78 4.78 4.78 4.77 4.78 4.77 4.76 4.75 4.73 4.71 4.69 4.66
6.03 5.99 5.94 5.89 5.84 5.78 5.72 5.66 5.60 5.54 5.48 5.43 5.37 5.31 5.32 5.28 5.24 5.20 5.17 5.18 5.15 5.19 5.16 5.14 5.14 5.10 5.03 4.99 4.95 4.91 4.86 4.82 4.71 4.66 4.61 4.62 4.57 4.53 4.48 4.48 4.45 4.39 4.37 4.36 4.35 4.37 4.40 4.41 4.46 4.50 4.58 4.64 4.69 4.73 4.84 4.88 4.91 4.92 4.92 4.92 4.92 4.90 4.86 4.84 4.82 4.70 4.69 4.78 4.77 4.77 4.80 4.80 4.80 4.81 4.81 4.81 4.81 4.80 4.79 4.77 4.76 4.73 4.71 4.68
5.95 5.91 5.87 5.83 5.78 5.72 5.67 5.61 5.55 5.49 5.44 5.38 5.33 5.35 5.30 5.25 5.21 5.18 5.19 5.16 5.19 5.16 5.13 5.10 5.06 5.03 5.00 4.95 4.91 4.86 4.82 4.71 4.67 4.63 4.58 4.61 4.57 4.53 4.50 4.50 4.47 4.42 4.40 4.40 4.40 4.42 4.45 4.47 4.51 4.56 4.64 4.69 4.74 4.84 4.88 4.91 4.94 4.94 4.94 4.93 4.92 4.91 4.85 4.82 4.71 4.69 4.68 4.68 4.79 4.79 4.81 4.82 4.83 4.84 4.84 4.84 4.84 4.84 4.83 4.81 4.79 4.77 4.74 4.70
5.89 5.84 5.80 5.76 5.71 5.66 5.61 5.55 5.50 5.44 5.39 5.34 5.37 5.32 5.30 5.23 5.31 5.27 5.17 5.14 5.17 5.14 5.11 5.07 5.04 4.99 4.96 5.03 4.99 4.82 4.80 4.67 4.64 4.60 4.62 4.58 4.54 4.51 4.49 4.50 4.48 4.45 4.44 4.45 4.49 4.51 4.55 4.58 4.63 4.67 4.71 4.76 4.85 4.90 4.93 4.95 4.93 4.94 4.96 4.95 4.92 4.87 4.84 4.82 4.71 4.69 4.68 4.68 4.79 4.80 4.81 4.84 4.85 4.87 4.88 4.89 4.88 4.88 4.87 4.85 4.83 4.80 4.77 4.74
5.80 5.76 5.72 5.68 5.64 5.60 5.55 5.50 5.44 5.39 5.43 5.40 5.45 5.41 5.37 5.32 5.28 5.25 5.15 5.11 5.14 5.11 5.08 5.05 5.01 4.96 4.92 5.00 4.95 4.91 4.79 4.75 4.70 4.67 4.59 4.56 4.53 4.51 4.49 4.52 4.51 4.49 4.49 4.51 4.55 4.59 4.63 4.66 4.71 4.80 4.79 4.83 4.92 4.96 4.99 4.97 4.96 4.95 4.94 4.95 4.93 4.90 4.85 4.73 4.70 4.68 4.67 4.68 4.69 4.81 4.84 4.86 4.88 4.90 4.92 4.93 4.94 4.91 4.91 4.90 4.88 4.85 4.81 4.76
5.72 5.68 5.63 5.59 5.54 5.52 5.47 5.49 5.46 5.42 5.38 5.45 5.41 5.37 5.34 5.31 5.25 5.22 5.24 5.21 5.12 5.09 5.05 5.02 5.08 5.04 5.01 4.96 4.91 4.80 4.75 4.71 4.67 4.63 4.59 4.52 4.53 4.51 4.50 4.55 4.55 4.54 4.55 4.57 4.63 4.67 4.71 4.75 4.80 4.89 4.87 4.91 4.95 5.03 5.01 5.00 5.00 4.98 4.97 4.97 4.94 4.91 4.81 4.78 4.70 4.68 4.67 4.68 4.74 4.76 4.86 4.88 4.90 4.94 4.96 4.97 4.98 4.96 4.95 4.94 4.92 4.92 4.85 4.80
5.64 5.60 5.55 5.51 5.46 5.41 5.39 5.34 5.40 5.36 5.43 5.40 5.36 5.33 5.30 5.27 5.22 5.19 5.21 5.18 5.15 5.06 5.02 5.08 5.04 5.00 4.95 4.92 4.80 4.75 4.71 4.68 4.64 4.60 4.58 4.51 4.50 4.48 4.51 4.52 4.59 4.59 4.62 4.67 4.71 4.76 4.80 4.85 4.91 4.99 5.01 5.04 5.04 5.07 5.08 5.05 5.04 5.02 5.00 4.96 4.96 4.85 4.81 4.78 4.75 4.68 4.68 4.73 4.75 4.77 4.80 4.91 4.94 4.97 4.99 5.01 5.03 5.03 5.00 4.99 5.01 4.98 4.92 4.87
5.54 5.51 5.47 5.42 5.38 5.33 5.29 5.25 5.34 5.30 5.27 5.34 5.31 5.28 5.25 5.22 5.19 5.20 5.17 5.14 5.11 5.07 5.08 5.04 5.00 4.95 4.90 4.85 4.75 4.71 4.67 4.64 4.61 4.58 4.56 4.55 4.48 4.49 4.50 4.55 4.58 4.67 4.71 4.75 4.80 4.85 4.90 4.97 5.02 5.07 5.11 5.14 5.13 5.14 5.14 5.11 5.09 5.06 5.03 4.99 4.95 4.86 4.82 4.79 4.76 4.74 4.73 4.74 4.76 4.78 4.82 4.94 4.97 5.01 5.03 5.06 5.07 5.13 5.13 5.12 5.09 5.02 4.97 4.92
5.47 5.43 5.39 5.34 5.30 5.25 5.29 5.27 5.24 5.23 5.19 5.16 5.24 5.22 5.19 5.16 5.19 5.17 5.12 5.09 5.06 4.95 4.91 4.99 4.95 4.90 4.85 4.73 4.70 4.66 4.63 4.60 4.52 4.50 4.49 4.49 4.44 4.50 4.49 4.58 4.71 4.84 4.89 4.93 4.98 5.04 5.10 5.18 5.13 5.29 5.22 5.22 5.15 5.14 5.15 5.13 5.15 5.11 5.07 5.02 4.90 4.88 4.83 4.79 4.76 4.69 4.68 4.75 4.77 4.80 4.83 4.89 5.00 5.04 5.07 5.10 5.17 5.18 5.18 5.20 5.12 5.12 5.03 4.98
5.40 5.35 5.31 5.27 5.29 5.25 5.21 5.17 5.16 5.17 5.14 5.11 5.06 5.15 5.13 5.10 5.13 5.11 5.07 5.04 4.92 4.89 4.85 4.81 4.89 4.84 4.72 4.68 4.64 4.61 4.58 4.50 4.49 4.48 4.48 4.48 4.44 4.47 4.61 4.63 4.76 4.90 4.96 5.03 5.07 5.14 5.21 5.29 5.34 5.33 5.39 5.32 5.24 5.23 5.27 5.24 5.16 5.16 5.11 4.99 4.93 4.87 4.85 4.80 4.72 4.70 4.69 4.70 4.78 4.81 4.86 4.91 4.96 5.07 5.11 5.19 5.25 5.26 5.26 5.25 5.21 5.18 5.13 5.07
5.33 5.29 5.24 5.25 5.21 5.17 5.13 5.09 5.06 5.09 5.07 5.04 5.01 4.99 5.00 5.03 5.07 5.05 4.99 4.93 4.86 4.83 4.79 4.75 4.70 4.73 4.68 4.62 4.58 4.49 4.45 4.47 4.46 4.46 4.47 4.48 4.45 4.59 4.64 4.66 4.73 4.86 5.03 5.11 5.10 5.24 5.31 5.39 5.40 5.44 5.50 5.43 5.44 5.39 5.36 5.32 5.27 5.22 5.20 5.13 4.95 4.99 4.94 4.82 4.73 4.71 4.70 4.72 4.79 4.90 4.95 4.93 5.12 5.17 5.24 5.27 5.29 5.30 5.30 5.29 5.26 5.23 5.18 5.13
5.27 5.22 5.21 5.17 5.13 5.09 5.05 5.02 4.98 5.02 4.99 4.97 4.95 4.92 4.93 4.92 4.98 4.95 4.89 4.87 4.84 4.81 4.74 4.71 4.66 4.61 4.62 4.53 4.50 4.43 4.41 4.44 4.44 4.45 4.47 4.53 4.54 4.59 4.65 4.72 4.80 4.91 5.02 5.02 5.10 5.26 5.33 5.45 5.51 5.64 5.67 5.69 5.64 5.49 5.45 5.40 5.34 5.23 5.16 5.08 5.03 5.00 4.89 4.83 4.80 4.77 4.76 4.77 4.80 4.85 4.96 5.03 5.15 5.20 5.22 5.30 5.32 5.34 5.34 5.33 5.31 5.28 5.23 5.18
5.22 5.19 5.15 5.11 5.06 5.04 5.01 4.98 4.95 4.92 4.90 4.91 4.85 4.83 4.81 4.79 4.84 4.83 4.79 4.82 4.79 4.77 4.73 4.69 4.61 4.56 4.49 4.46 4.42 4.34 4.33 4.33 4.34 4.44 4.52 4.56 4.54 4.60 4.67 4.75 4.84 4.96 5.07 5.08 5.17 5.26 5.48 5.55 5.70 5.74 5.78 5.79 5.70 5.67 5.54 5.48 5.36 5.29 5.20 5.12 5.05 4.97 4.90 4.85 4.84 4.82 4.81 4.83 4.81 4.86 4.95 5.04 5.14 5.19 5.24 5.28 5.35 5.37 5.37 5.36 5.35 5.32 5.28 5.23
5.18 5.14 5.10 5.05 5.01 4.99 4.96 4.93 4.90 4.87 4.84 4.77 4.79 4.77 4.75 4.74 4.75 4.76 4.74 4.72 4.70 4.73 4.69 4.65 4.57 4.53 4.45 4.38 4.35 4.32 4.31 4.31 4.33 4.41 4.52 4.56 4.55 4.62 4.69 4.77 4.90 5.00 5.01 5.14 5.23 5.33 5.56 5.72 5.79 5.84 5.87 5.88 5.79 5.76 5.67 5.60 5.43 5.34 5.25 5.16 5.01 4.90 4.86 4.79 4.85 4.82 4.82 4.83 4.88 4.93 4.96 5.04 5.15 5.20 5.25 5.29 5.31 5.33 5.39 5.39 5.38 5.35 5.31 5.25
5.11 5.03 5.05 5.01 4.97 4.93 4.89 4.85 4.82 4.78 4.76 4.73 4.71 4.69 4.74 4.73 4.71 4.72 4.71 4.69 4.67 4.64 4.57 4.59 4.55 4.50 4.39 4.36 4.34 4.32 4.31 4.37 4.38 4.41 4.44 4.55 4.56 4.63 4.71 4.79 4.92 4.94 5.05 5.18 5.29 5.46 5.56 5.80 5.87 5.92 5.95 5.96 5.90 5.79 5.74 5.67 5.59 5.40 5.25 5.15 5.04 4.96 4.87 4.80 4.75 4.73 4.85 4.86 4.88 4.93 5.02 5.05 5.09 5.15 5.25 5.28 5.31 5.34 5.36 5.38 5.37 5.35 5.32 5.28
5.05 4.97 4.90 4.98 4.94 4.90 4.86 4.82 4.79 4.76 4.73 4.70 4.68 4.66 4.71 4.70 4.68 4.66 4.68 4.67 4.61 4.58 4.55 4.51 4.47 4.41 4.38 4.37 4.34 4.35 4.32 4.37 4.39 4.41 4.45 4.44 4.54 4.58 4.67 4.73 4.83 4.96 5.10 5.21 5.42 5.58 5.68 5.80 5.85 5.90 5.99 5.94 5.93 5.85 5.80 5.72 5.64 5.54 5.34 5.23 5.12 4.98 4.89 4.81 4.78 4.75 4.73 4.74 4.88 4.96 5.01 5.06 5.12 5.18 5.23 5.27 5.31 5.34 5.36 5.37 5.38 5.37 5.34 5.31
5.01 4.93 4.85 4.78 4.92 4.88 4.84 4.81 4.76 4.74 4.72 4.69 4.68 4.67 4.66 4.65 4.67 4.66 4.63 4.61 4.61 4.58 4.55 4.51 4.36 4.33 4.40 4.38 4.36 4.44 4.44 4.41 4.42 4.42 4.40 4.44 4.55 4.61 4.67 4.74 4.91 5.00 5.12 5.24 5.46 5.62 5.72 5.84 5.92 5.95 6.04 5.99 5.99 5.95 5.85 5.77 5.73 5.60 5.49 5.27 5.15 5.04 4.93 4.85 4.78 4.74 4.72 4.73 4.80 4.84 4.99 5.04 5.09 5.11 5.17 5.27 5.30 5.33 5.35 5.36 5.39 5.37 5.35 5.32
5.00 4.91 4.84 4.78 4.73 4.68 4.85 4.80 4.77 4.76 4.74 4.71 4.69 4.68 4.67 4.66 4.68 4.67 4.64 4.62 4.60 4.59 4.56 4.41 4.38 4.36 4.34 4.41 4.49 4.48 4.47 4.47 4.45 4.46 4.42 4.46 4.55 4.56 4.58 4.72 4.91 5.01 5.13 5.36 5.48 5.64 5.75 5.87 5.89 5.96 5.94 6.03 6.02 5.99 5.93 5.85 5.74 5.64 5.53 5.41 5.18 5.04 4.94 4.85 4.79 4.73 4.71 4.76 4.78 4.81 4.86 5.01 5.03 5.09 5.15 5.20 5.29 5.33 5.35 5.35 5.36 5.37 5.35 5.33
4.99 4.92 4.85 4.79 4.74 4.69 4.64 4.61 4.82 4.79 4.77 4.74 4.72 4.71 4.70 4.69 4.68 4.69 4.67 4.66 4.63 4.61 4.48 4.45 4.42 4.40 4.38 4.37 4.54 4.52 4.51 4.51 4.51 4.46 4.48 4.51 4.50 4.56 4.63 4.72 4.83 5.05 5.17 5.31 5.49 5.61 5.73 5.82 5.90 5.96 5.96 5.97 6.09 6.06 6.01 5.87 5.77 5.67 5.55 5.43 5.31 5.06 4.95 4.86 4.78 4.73 4.75 4.74 4.75 4.78 4.82 4.94 5.00 5.05 5.11 5.17 5.22 5.30 5.33 5.35 5.36 5.35 5.35 5.33
5.03 4.96 4.89 4.83 4.77 4.72 4.69 4.66 4.59 4.57 4.81 4.79 4.77 4.76 4.75 4.74 4.72 4.71 4.72 4.71 4.69 4.49 4.46 4.51 4.48 4.46 4.44 4.52 4.59 4.58 4.56 4.56 4.55 4.50 4.51 4.49 4.52 4.56 4.62 4.71 4.84 5.07 5.20 5.36 5.49 5.67 5.78 5.85 5.89 5.97 5.95 5.97 6.02 6.07 6.02 5.88 5.79 5.68 5.57 5.45 5.29 5.07 4.95 4.85 4.77 4.64 4.60 4.71 4.72 4.74 4.78 4.80 4.95 5.01 5.07 5.13 5.19 5.24 5.31 5.33 5.35 5.35 5.34 5.33
5.10 5.03 4.96 4.90 4.84 4.78 4.76 4.69 4.66 4.63 4.61 4.86 4.85 4.83 4.82 4.81 4.79 4.78 4.79 4.78 4.58 4.55 4.53 4.50 4.56 4.53 4.61 4.59 4.57 4.64 4.63 4.61 4.61 4.54 4.55 4.51 4.54 4.59 4.62 4.73 4.83 5.06 5.18 5.31 5.47 5.64 5.75 5.82 5.90 5.94 5.97 6.00 6.01 6.07 6.02 5.88 5.79 5.69 5.57 5.42 5.30 5.18 4.95 4.85 4.68 4.62 4.58 4.56 4.68 4.70 4.70 4.75 4.81 4.97 5.03 5.09 5.15 5.24 5.27 5.30 5.32 5.33 5.34 5.33
5.21 5.14 5.07 5.00 4.94 4.83 4.78 4.73 4.69 4.65 4.71 4.79 4.93 4.92 4.91 4.89 4.88 4.86 4.71 4.70 4.67 4.64 4.62 4.59 4.56 4.48 4.46 4.67 4.65 4.63 4.70 4.68 4.66 4.66 4.62 4.62 4.56 4.59 4.61 4.72 4.81 5.04 5.16 5.28 5.49 5.61 5.71 5.78 5.86 5.91 5.94 5.96 6.06 6.05 6.01 5.83 5.79 5.68 5.57 5.42 5.30 5.18 4.88 4.76 4.67 4.60 4.55 4.52 4.52 4.57 4.65 4.69 4.75 4.91 4.97 5.04 5.06 5.19 5.17 5.20 5.23 5.26 5.27 5.31
5.35 5.28 5.21 5.11 5.04 4.97 4.91 4.86 4.82 4.78 4.75 4.72 4.91 4.89 4.88 4.86 4.98 4.96 4.82 4.81 4.78 4.75 4.73 4.70 4.67 4.59 4.58 4.77 4.74 4.59 4.58 4.61 4.61 4.59 4.66 4.65 4.57 4.59 4.63 4.70 4.79 5.01 5.13 5.24 5.44 5.55 5.66 5.72 5.81 5.87 5.89 5.92 6.02 6.01 5.88 5.82 5.68 5.58 5.44 5.32 5.29 5.01 4.88 4.76 4.65 4.58 4.52 4.49 4.52 4.52 4.54 4.64 4.62 4.68 4.82 4.89 5.02 5.07 5.12 5.16 5.19 5.22 5.24 5.25
