data/SP espacial/F10062017.grd
DSAA
132	56
0.0000	120.0000
0.0000	50.0000
2.1372	3.1048
[rows 0 to 37 of 56, columns 0 to 83 of 132]
2.73 2.89 2.89 2.89 2.89 2.89 2.90 2.89 2.89 2.88 2.88 2.87 2.87 2.85 2.85 2.85 2.84 2.84 2.84 2.84 2.83 2.83 2.81 2.80 2.80 2.79 2.79 2.78 2.74 2.73 2.73 2.72 2.70 2.70 2.69 2.68 2.67 2.65 2.64 2.65 2.64 2.64 2.63 2.62 2.56 2.55 2.54 2.50 2.49 2.48 2.52 2.51 2.44 2.44 2.43 2.41 2.41 2.44 2.43 2.42 2.41 2.31 2.31 2.31 2.31 2.31 2.30 2.30 2.29 2.29 2.29 2.28 2.28 2.28 2.27 2.28 2.27 2.24 2.24 2.28 2.27 2.28 2.29 2.29
2.88 2.88 2.89 2.89 2.89 2.89 2.89 2.89 2.89 2.87 2.88 2.88 2.87 2.87 2.85 2.85 2.84 2.84 2.84 2.84 2.83 2.83 2.80 2.80 2.79 2.79 2.78 2.78 2.74 2.73 2.73 2.70 2.70 2.70 2.69 2.68 2.66 2.65 2.64 2.65 2.64 2.64 2.63 2.61 2.56 2.55 2.54 2.49 2.49 2.48 2.51 2.45 2.44 2.43 2.43 2.41 2.40 2.43 2.42 2.42 2.41 2.31 2.30 2.30 2.30 2.30 2.30 2.29 2.29 2.28 2.28 2.28 2.27 2.27 2.27 2.27 2.24 2.24 2.23 2.27 2.27 2.27 2.28 2.29
2.88 2.88 2.88 2.88 2.89 2.89 2.89 2.89 2.89 2.87 2.87 2.87 2.87 2.87 2.87 2.85 2.84 2.84 2.84 2.84 2.83 2.83 2.80 2.80 2.79 2.79 2.78 2.77 2.73 2.73 2.72 2.70 2.69 2.69 2.68 2.67 2.66 2.65 2.64 2.64 2.63 2.63 2.62 2.61 2.56 2.55 2.54 2.49 2.48 2.47 2.51 2.44 2.43 2.43 2.42 2.40 2.40 2.43 2.42 2.41 2.40 2.30 2.30 2.30 2.30 2.30 2.29 2.29 2.28 2.28 2.28 2.27 2.27 2.26 2.27 2.24 2.23 2.23 2.23 2.26 2.26 2.26 2.28 2.29
2.88 2.88 2.88 2.88 2.88 2.88 2.89 2.89 2.89 2.86 2.86 2.87 2.87 2.87 2.87 2.84 2.84 2.84 2.84 2.83 2.83 2.83 2.80 2.79 2.79 2.78 2.78 2.77 2.73 2.73 2.72 2.73 2.69 2.69 2.68 2.67 2.66 2.65 2.64 2.64 2.63 2.63 2.62 2.61 2.56 2.55 2.53 2.48 2.47 2.47 2.44 2.44 2.43 2.42 2.42 2.40 2.39 2.39 2.41 2.40 2.39 2.29 2.29 2.29 2.29 2.29 2.28 2.28 2.28 2.27 2.27 2.27 2.26 2.27 2.23 2.23 2.23 2.23 2.22 2.22 2.26 2.26 2.28 2.28
2.87 2.87 2.87 2.88 2.88 2.88 2.88 2.88 2.89 2.86 2.86 2.86 2.86 2.86 2.87 2.86 2.84 2.84 2.84 2.83 2.83 2.83 2.79 2.79 2.78 2.78 2.77 2.77 2.73 2.73 2.72 2.73 2.72 2.69 2.68 2.67 2.66 2.65 2.63 2.64 2.63 2.63 2.62 2.61 2.55 2.54 2.53 2.48 2.47 2.46 2.44 2.43 2.42 2.42 2.41 2.40 2.40 2.39 2.38 2.40 2.39 2.29 2.29 2.29 2.28 2.28 2.28 2.27 2.27 2.27 2.26 2.26 2.27 2.23 2.23 2.23 2.22 2.22 2.22 2.25 2.24 2.25 2.28 2.28
2.87 2.87 2.87 2.87 2.87 2.88 2.88 2.88 2.88 2.85 2.85 2.85 2.86 2.86 2.86 2.86 2.86 2.84 2.83 2.83 2.83 2.83 2.79 2.79 2.78 2.78 2.77 2.77 2.73 2.72 2.71 2.73 2.72 2.69 2.68 2.67 2.65 2.64 2.63 2.62 2.62 2.62 2.58 2.57 2.57 2.56 2.53 2.47 2.55 2.53 2.43 2.43 2.42 2.41 2.41 2.40 2.39 2.38 2.38 2.37 2.30 2.28 2.28 2.28 2.28 2.28 2.27 2.27 2.26 2.26 2.26 2.27 2.23 2.23 2.22 2.22 2.22 2.22 2.21 2.25 2.25 2.24 2.28 2.27
2.86 2.87 2.87 2.87 2.87 2.87 2.87 2.88 2.88 2.88 2.85 2.85 2.85 2.85 2.85 2.86 2.86 2.83 2.83 2.83 2.83 2.83 2.81 2.78 2.78 2.77 2.77 2.74 2.72 2.72 2.71 2.73 2.72 2.72 2.67 2.66 2.65 2.64 2.63 2.63 2.62 2.61 2.58 2.57 2.57 2.56 2.55 2.47 2.46 2.49 2.43 2.42 2.42 2.41 2.41 2.40 2.39 2.38 2.37 2.36 2.27 2.26 2.28 2.27 2.27 2.27 2.27 2.26 2.26 2.25 2.22 2.23 2.23 2.22 2.22 2.22 2.21 2.21 2.21 2.24 2.24 2.29 2.27 2.27
2.86 2.86 2.86 2.87 2.87 2.87 2.87 2.87 2.87 2.88 2.84 2.84 2.84 2.85 2.85 2.85 2.85 2.86 2.82 2.83 2.83 2.82 2.80 2.78 2.78 2.77 2.74 2.73 2.76 2.71 2.70 2.73 2.72 2.72 2.71 2.66 2.65 2.66 2.65 2.61 2.61 2.60 2.57 2.58 2.57 2.55 2.55 2.47 2.50 2.49 2.42 2.42 2.41 2.42 2.41 2.40 2.39 2.38 2.37 2.27 2.27 2.26 2.25 2.27 2.27 2.28 2.28 2.26 2.25 2.22 2.23 2.22 2.22 2.22 2.21 2.21 2.21 2.21 2.24 2.24 2.24 2.24 2.29 2.27
2.86 2.86 2.86 2.86 2.86 2.86 2.87 2.87 2.87 2.87 2.83 2.83 2.84 2.84 2.84 2.84 2.85 2.85 2.85 2.81 2.81 2.80 2.80 2.80 2.77 2.74 2.73 2.73 2.75 2.75 2.70 2.73 2.72 2.72 2.71 2.70 2.67 2.66 2.64 2.60 2.59 2.60 2.57 2.57 2.56 2.55 2.50 2.51 2.50 2.43 2.41 2.41 2.41 2.41 2.41 2.42 2.38 2.37 2.27 2.27 2.27 2.26 2.26 2.24 2.26 2.28 2.27 2.25 2.22 2.23 2.23 2.22 2.22 2.21 2.21 2.21 2.20 2.20 2.24 2.24 2.24 2.24 2.28 2.27
2.84 2.83 2.86 2.86 2.86 2.86 2.86 2.86 2.87 2.87 2.87 2.83 2.83 2.83 2.83 2.84 2.84 2.84 2.85 2.85 2.81 2.79 2.80 2.79 2.73 2.73 2.72 2.72 2.75 2.75 2.74 2.73 2.72 2.71 2.71 2.70 2.67 2.66 2.64 2.63 2.59 2.57 2.57 2.57 2.56 2.51 2.50 2.51 2.50 2.43 2.41 2.40 2.42 2.41 2.42 2.41 2.38 2.27 2.27 2.27 2.26 2.26 2.25 2.25 2.23 2.27 2.27 2.22 2.23 2.23 2.22 2.21 2.21 2.21 2.20 2.20 2.20 2.20 2.24 2.24 2.24 2.24 2.28 2.29
2.83 2.83 2.83 2.82 2.86 2.86 2.86 2.86 2.86 2.86 2.87 2.82 2.82 2.83 2.83 2.83 2.83 2.84 2.84 2.84 2.84 2.78 2.77 2.78 2.73 2.72 2.72 2.71 2.75 2.74 2.74 2.74 2.72 2.71 2.71 2.69 2.67 2.65 2.64 2.63 2.59 2.58 2.56 2.55 2.56 2.51 2.50 2.51 2.43 2.42 2.42 2.40 2.41 2.40 2.42 2.41 2.40 2.27 2.27 2.26 2.26 2.25 2.25 2.25 2.25 2.25 2.23 2.23 2.23 2.22 2.22 2.21 2.21 2.20 2.20 2.20 2.19 2.23 2.23 2.23 2.24 2.24 2.28 2.28
2.83 2.83 2.82 2.82 2.82 2.82 2.85 2.86 2.86 2.86 2.86 2.81 2.82 2.82 2.82 2.82 2.83 2.83 2.83 2.83 2.84 2.77 2.76 2.76 2.72 2.72 2.71 2.71 2.75 2.74 2.74 2.73 2.72 2.71 2.70 2.69 2.69 2.65 2.64 2.63 2.59 2.58 2.56 2.55 2.51 2.50 2.54 2.53 2.43 2.42 2.41 2.41 2.40 2.40 2.42 2.41 2.27 2.27 2.27 2.26 2.26 2.25 2.25 2.24 2.21 2.22 2.21 2.20 2.22 2.22 2.22 2.20 2.20 2.20 2.19 2.19 2.19 2.23 2.23 2.23 2.23 2.23 2.28 2.28
2.82 2.82 2.82 2.82 2.81 2.81 2.81 2.81 2.85 2.86 2.86 2.81 2.81 2.81 2.81 2.82 2.82 2.82 2.83 2.82 2.82 2.76 2.76 2.70 2.69 2.71 2.70 2.70 2.74 2.74 2.73 2.73 2.72 2.71 2.69 2.68 2.69 2.68 2.64 2.63 2.59 2.58 2.57 2.54 2.51 2.50 2.54 2.53 2.52 2.42 2.41 2.40 2.40 2.39 2.41 2.40 2.27 2.27 2.26 2.26 2.26 2.25 2.24 2.21 2.21 2.22 2.21 2.20 2.20 2.21 2.21 2.20 2.20 2.19 2.19 2.19 2.18 2.23 2.23 2.23 2.23 2.23 2.23 2.28
2.82 2.82 2.82 2.81 2.81 2.81 2.81 2.80 2.80 2.80 2.85 2.81 2.81 2.81 2.81 2.81 2.81 2.81 2.81 2.81 2.78 2.78 2.75 2.75 2.69 2.73 2.73 2.73 2.74 2.74 2.73 2.73 2.72 2.71 2.69 2.68 2.69 2.65 2.64 2.63 2.59 2.58 2.53 2.54 2.55 2.50 2.54 2.53 2.52 2.42 2.43 2.42 2.40 2.41 2.40 2.40 2.29 2.26 2.26 2.26 2.22 2.22 2.22 2.21 2.23 2.23 2.22 2.21 2.20 2.17 2.17 2.16 2.19 2.19 2.18 2.18 2.18 2.23 2.23 2.23 2.23 2.23 2.23 2.28
2.82 2.81 2.81 2.81 2.81 2.80 2.80 2.80 2.80 2.79 2.79 2.79 2.80 2.80 2.80 2.80 2.80 2.80 2.80 2.81 2.77 2.77 2.75 2.75 2.75 2.73 2.72 2.72 2.72 2.71 2.73 2.73 2.72 2.70 2.69 2.68 2.65 2.64 2.64 2.58 2.53 2.54 2.54 2.53 2.55 2.58 2.57 2.53 2.52 2.44 2.42 2.42 2.41 2.40 2.39 2.29 2.29 2.29 2.26 2.22 2.22 2.22 2.21 2.23 2.23 2.23 2.21 2.21 2.21 2.17 2.17 2.16 2.16 2.18 2.18 2.17 2.17 2.22 2.22 2.23 2.23 2.23 2.23 2.23
2.81 2.81 2.81 2.81 2.80 2.80 2.80 2.79 2.79 2.79 2.79 2.78 2.79 2.80 2.79 2.79 2.79 2.79 2.80 2.76 2.76 2.76 2.77 2.74 2.75 2.75 2.72 2.72 2.71 2.71 2.73 2.72 2.71 2.70 2.69 2.68 2.65 2.64 2.63 2.54 2.53 2.55 2.54 2.53 2.55 2.58 2.57 2.53 2.52 2.44 2.42 2.41 2.41 2.40 2.29 2.29 2.29 2.29 2.22 2.22 2.22 2.22 2.21 2.23 2.23 2.23 2.22 2.21 2.21 2.17 2.16 2.16 2.15 2.15 2.17 2.17 2.22 2.22 2.22 2.22 2.22 2.23 2.23 2.23
2.77 2.81 2.80 2.80 2.80 2.80 2.79 2.79 2.79 2.79 2.78 2.78 2.78 2.79 2.78 2.78 2.78 2.79 2.79 2.75 2.75 2.76 2.77 2.77 2.74 2.74 2.72 2.71 2.71 2.71 2.70 2.72 2.70 2.70 2.69 2.64 2.63 2.62 2.61 2.54 2.53 2.55 2.54 2.53 2.59 2.58 2.57 2.52 2.51 2.50 2.40 2.39 2.38 2.40 2.29 2.28 2.28 2.22 2.22 2.22 2.22 2.21 2.23 2.23 2.23 2.23 2.22 2.21 2.20 2.20 2.16 2.15 2.15 2.15 2.14 2.22 2.22 2.22 2.22 2.22 2.22 2.22 2.22 2.23
2.79 2.79 2.80 2.80 2.79 2.79 2.79 2.79 2.78 2.78 2.78 2.78 2.77 2.76 2.77 2.77 2.77 2.78 2.73 2.73 2.75 2.75 2.76 2.77 2.73 2.73 2.73 2.71 2.71 2.70 2.70 2.68 2.70 2.69 2.69 2.64 2.63 2.62 2.61 2.54 2.53 2.55 2.54 2.53 2.59 2.58 2.57 2.52 2.51 2.50 2.40 2.39 2.38 2.28 2.29 2.28 2.28 2.22 2.22 2.22 2.22 2.21 2.23 2.22 2.23 2.23 2.22 2.22 2.18 2.18 2.16 2.15 2.15 2.14 2.14 2.22 2.22 2.22 2.22 2.22 2.22 2.22 2.22 2.22
2.80 2.75 2.75 2.79 2.79 2.79 2.79 2.78 2.78 2.78 2.77 2.77 2.76 2.76 2.69 2.76 2.72 2.72 2.72 2.72 2.74 2.74 2.75 2.76 2.76 2.73 2.73 2.65 2.65 2.70 2.67 2.68 2.70 2.69 2.64 2.64 2.59 2.58 2.57 2.56 2.55 2.56 2.55 2.54 2.58 2.57 2.56 2.58 2.57 2.56 2.41 2.41 2.28 2.28 2.29 2.28 2.22 2.22 2.22 2.22 2.20 2.23 2.23 2.22 2.23 2.23 2.22 2.22 2.18 2.17 2.17 2.15 2.14 2.14 2.20 2.20 2.22 2.22 2.22 2.22 2.22 2.22 2.22 2.22
2.80 2.80 2.80 2.74 2.74 2.78 2.78 2.78 2.78 2.77 2.72 2.76 2.71 2.70 2.69 2.71 2.71 2.71 2.71 2.71 2.73 2.74 2.74 2.75 2.76 2.72 2.72 2.65 2.64 2.64 2.62 2.62 2.62 2.64 2.64 2.63 2.59 2.58 2.55 2.56 2.55 2.56 2.55 2.54 2.58 2.57 2.56 2.58 2.57 2.49 2.41 2.40 2.28 2.28 2.27 2.25 2.21 2.20 2.20 2.21 2.20 2.20 2.23 2.23 2.23 2.22 2.22 2.22 2.21 2.17 2.15 2.15 2.14 2.19 2.19 2.19 2.20 2.22 2.22 2.22 2.22 2.22 2.22 2.21
2.80 2.80 2.80 2.80 2.80 2.74 2.81 2.73 2.73 2.72 2.72 2.71 2.70 2.69 2.69 2.68 2.70 2.70 2.71 2.72 2.72 2.73 2.74 2.74 2.66 2.67 2.64 2.64 2.64 2.62 2.62 2.62 2.62 2.61 2.61 2.60 2.58 2.58 2.55 2.56 2.55 2.56 2.55 2.54 2.55 2.57 2.56 2.58 2.57 2.48 2.41 2.40 2.35 2.28 2.24 2.21 2.21 2.21 2.20 2.21 2.21 2.20 2.20 2.20 2.23 2.22 2.22 2.21 2.17 2.17 2.15 2.15 2.14 2.20 2.20 2.19 2.19 2.22 2.22 2.22 2.22 2.21 2.21 2.21
2.80 2.80 2.80 2.80 2.80 2.79 2.81 2.81 2.73 2.72 2.71 2.70 2.70 2.69 2.68 2.68 2.69 2.69 2.71 2.71 2.71 2.72 2.73 2.66 2.66 2.66 2.66 2.64 2.62 2.62 2.62 2.62 2.61 2.61 2.60 2.60 2.59 2.56 2.55 2.53 2.55 2.56 2.55 2.56 2.55 2.57 2.56 2.58 2.56 2.48 2.45 2.44 2.35 2.24 2.24 2.21 2.21 2.21 2.21 2.20 2.21 2.20 2.20 2.20 2.19 2.22 2.22 2.18 2.17 2.17 2.16 2.15 2.20 2.20 2.20 2.20 2.19 2.19 2.22 2.22 2.21 2.21 2.22 2.22
2.85 2.80 2.80 2.80 2.80 2.79 2.79 2.79 2.79 2.78 2.78 2.70 2.69 2.69 2.68 2.67 2.67 2.70 2.70 2.70 2.71 2.71 2.65 2.65 2.65 2.66 2.66 2.66 2.62 2.62 2.62 2.61 2.61 2.61 2.60 2.60 2.57 2.56 2.56 2.53 2.52 2.55 2.54 2.53 2.54 2.52 2.51 2.57 2.56 2.54 2.45 2.44 2.25 2.25 2.25 2.22 2.21 2.21 2.21 2.21 2.20 2.20 2.20 2.20 2.19 2.19 2.18 2.18 2.17 2.17 2.16 2.20 2.20 2.20 2.20 2.20 2.20 2.19 2.19 2.19 2.19 2.21 2.21 2.22
2.85 2.85 2.80 2.80 2.79 2.79 2.87 2.77 2.77 2.78 2.78 2.77 2.69 2.68 2.68 2.67 2.69 2.68 2.69 2.70 2.70 2.71 2.71 2.65 2.65 2.65 2.65 2.63 2.62 2.61 2.61 2.61 2.61 2.60 2.60 2.57 2.56 2.56 2.56 2.53 2.58 2.59 2.58 2.57 2.56 2.56 2.55 2.57 2.56 2.50 2.45 2.36 2.28 2.28 2.26 2.26 2.22 2.21 2.21 2.21 2.20 2.20 2.20 2.20 2.19 2.21 2.20 2.18 2.17 2.17 2.16 2.22 2.20 2.20 2.20 2.20 2.19 2.19 2.19 2.21 2.19 2.20 2.21 2.21
2.86 2.86 2.85 2.85 2.88 2.88 2.88 2.88 2.77 2.89 2.89 2.88 2.77 2.68 2.67 2.67 2.68 2.68 2.69 2.69 2.70 2.70 2.71 2.72 2.64 2.64 2.63 2.63 2.63 2.61 2.61 2.61 2.60 2.60 2.59 2.57 2.61 2.60 2.57 2.58 2.58 2.59 2.58 2.57 2.57 2.57 2.55 2.57 2.56 2.48 2.41 2.36 2.28 2.28 2.30 2.30 2.26 2.22 2.21 2.21 2.20 2.20 2.20 2.20 2.21 2.21 2.20 2.20 2.17 2.17 2.22 2.22 2.22 2.20 2.20 2.20 2.22 2.21 2.21 2.21 2.20 2.20 2.20 2.20
2.87 2.86 2.86 2.89 2.89 2.89 2.89 2.89 2.89 2.90 2.90 2.89 2.89 2.88 2.83 2.77 2.68 2.68 2.77 2.76 2.69 2.70 2.71 2.71 2.72 2.66 2.66 2.62 2.62 2.63 2.61 2.60 2.60 2.64 2.60 2.60 2.61 2.61 2.57 2.58 2.58 2.59 2.58 2.58 2.59 2.57 2.56 2.58 2.50 2.49 2.41 2.37 2.30 2.30 2.30 2.30 2.30 2.30 2.25 2.24 2.20 2.21 2.21 2.22 2.21 2.21 2.20 2.20 2.21 2.19 2.18 2.22 2.23 2.23 2.22 2.22 2.22 2.22 2.22 2.21 2.20 2.20 2.20 2.20
2.87 2.87 2.89 2.89 2.89 2.89 2.89 2.89 2.89 2.91 2.90 2.90 2.89 2.89 2.84 2.83 2.82 2.77 2.76 2.76 2.76 2.76 2.70 2.82 2.83 2.66 2.66 2.62 2.62 2.62 2.67 2.61 2.64 2.64 2.60 2.60 2.61 2.61 2.60 2.58 2.58 2.59 2.59 2.59 2.60 2.59 2.58 2.51 2.50 2.41 2.41 2.40 2.32 2.30 2.30 2.30 2.30 2.30 2.28 2.28 2.24 2.21 2.23 2.22 2.22 2.21 2.22 2.22 2.21 2.21 2.18 2.25 2.24 2.23 2.22 2.22 2.22 2.22 2.22 2.20 2.20 2.20 2.20 2.20
2.88 2.90 2.90 2.90 2.90 2.90 2.90 2.90 2.90 2.90 2.90 2.91 2.88 2.88 2.87 2.87 2.84 2.80 2.83 2.77 2.77 2.77 2.82 2.83 2.83 2.84 2.66 2.62 2.62 2.62 2.62 2.61 2.64 2.64 2.64 2.62 2.61 2.61 2.61 2.60 2.59 2.58 2.58 2.59 2.60 2.59 2.50 2.52 2.42 2.42 2.41 2.41 2.33 2.33 2.31 2.31 2.31 2.31 2.31 2.30 2.25 2.23 2.23 2.22 2.23 2.23 2.22 2.22 2.21 2.21 2.19 2.25 2.23 2.22 2.22 2.22 2.22 2.22 2.20 2.20 2.19 2.19 2.19 2.20
2.97 2.89 2.89 2.89 2.88 2.91 2.91 2.90 2.90 2.90 2.90 2.88 2.89 2.89 2.88 2.88 2.95 2.86 2.84 2.84 2.82 2.82 2.82 2.83 2.84 2.84 2.79 2.62 2.62 2.62 2.62 2.66 2.64 2.64 2.64 2.62 2.61 2.61 2.60 2.60 2.59 2.60 2.59 2.59 2.60 2.58 2.50 2.41 2.43 2.43 2.42 2.42 2.34 2.33 2.33 2.33 2.31 2.31 2.31 2.31 2.23 2.27 2.28 2.27 2.24 2.23 2.23 2.22 2.22 2.22 2.26 2.20 2.23 2.23 2.23 2.22 2.20 2.20 2.20 2.20 2.20 2.20 2.20 2.19
2.98 2.98 2.89 2.89 2.89 2.88 2.88 2.87 2.87 2.89 2.89 2.89 2.89 2.89 2.95 2.95 2.92 2.92 2.87 2.87 2.83 2.83 2.83 2.82 2.82 2.79 2.68 2.67 2.77 2.62 2.75 2.66 2.64 2.64 2.66 2.65 2.62 2.61 2.61 2.61 2.60 2.60 2.59 2.59 2.60 2.53 2.52 2.42 2.42 2.44 2.43 2.43 2.43 2.34 2.34 2.33 2.33 2.31 2.27 2.27 2.23 2.26 2.28 2.28 2.27 2.26 2.24 2.23 2.23 2.22 2.25 2.20 2.22 2.22 2.23 2.20 2.20 2.20 2.20 2.19 2.19 2.19 2.19 2.19
2.99 2.98 2.98 2.89 2.89 2.89 2.88 2.88 2.87 2.89 2.89 2.89 2.89 2.89 2.96 2.96 2.93 2.93 2.88 2.88 2.84 2.84 2.84 2.84 2.78 2.78 2.69 2.68 2.77 2.77 2.80 2.80 2.79 2.78 2.65 2.65 2.62 2.61 2.63 2.64 2.60 2.60 2.59 2.61 2.54 2.53 2.52 2.43 2.43 2.43 2.43 2.44 2.44 2.35 2.34 2.34 2.34 2.33 2.28 2.28 2.25 2.27 2.26 2.28 2.28 2.28 2.27 2.26 2.23 2.26 2.25 2.24 2.22 2.21 2.20 2.20 2.20 2.20 2.20 2.20 2.20 2.20 2.20 2.20
3.00 2.99 2.99 2.99 2.89 2.89 2.89 2.88 2.90 2.90 2.90 2.90 2.90 2.90 2.92 2.87 2.94 2.93 2.93 2.89 2.88 2.85 2.85 2.79 2.79 2.79 2.77 2.69 2.73 2.72 2.80 2.80 2.80 2.80 2.79 2.66 2.64 2.62 2.62 2.64 2.60 2.60 2.59 2.61 2.52 2.54 2.53 2.44 2.43 2.44 2.44 2.44 2.44 2.43 2.35 2.34 2.36 2.34 2.33 2.26 2.26 2.25 2.27 2.27 2.28 2.28 2.27 2.27 2.29 2.29 2.25 2.25 2.24 2.23 2.23 2.24 2.21 2.21 2.21 2.21 2.20 2.20 2.20 2.20
3.01 3.00 2.96 2.95 2.95 2.94 2.89 2.91 2.90 2.90 2.90 2.90 2.91 2.91 2.93 2.88 2.88 2.88 2.94 2.90 2.90 2.89 2.86 2.81 2.80 2.80 2.78 2.79 2.78 2.73 2.81 2.80 2.80 2.80 2.80 2.78 2.67 2.62 2.62 2.64 2.63 2.60 2.54 2.53 2.53 2.54 2.53 2.43 2.42 2.45 2.45 2.45 2.44 2.44 2.37 2.36 2.34 2.34 2.34 2.33 2.26 2.28 2.28 2.27 2.27 2.28 2.28 2.30 2.30 2.30 2.29 2.25 2.24 2.24 2.23 2.23 2.24 2.24 2.24 2.21 2.22 2.21 2.23 2.23
2.99 2.98 2.97 2.96 2.96 2.95 2.94 2.94 2.95 2.91 2.91 2.91 2.91 2.91 2.89 2.89 2.89 2.89 2.89 2.89 2.82 2.82 2.77 2.77 2.77 2.81 2.81 2.80 2.79 2.79 2.78 2.81 2.80 2.79 2.80 2.80 2.77 2.67 2.64 2.60 2.59 2.58 2.57 2.57 2.57 2.57 2.56 2.47 2.46 2.44 2.46 2.45 2.46 2.45 2.45 2.35 2.35 2.35 2.34 2.34 2.33 2.29 2.28 2.28 2.27 2.26 2.30 2.30 2.30 2.30 2.30 2.25 2.24 2.24 2.24 2.24 2.23 2.25 2.25 2.24 2.24 2.23 2.23 2.23
3.00 2.99 2.98 2.97 2.97 2.96 2.95 2.96 2.96 2.96 2.91 2.92 2.92 2.87 2.89 2.89 2.89 2.89 2.83 2.83 2.83 2.84 2.83 2.78 2.81 2.81 2.81 2.81 2.81 2.80 2.76 2.75 2.80 2.79 2.81 2.75 2.72 2.71 2.60 2.60 2.62 2.62 2.61 2.58 2.57 2.58 2.57 2.47 2.47 2.46 2.49 2.48 2.47 2.46 2.45 2.36 2.36 2.35 2.35 2.34 2.36 2.29 2.29 2.28 2.27 2.28 2.27 2.31 2.31 2.30 2.30 2.29 2.25 2.25 2.24 2.24 2.24 2.24 2.24 2.24 2.25 2.25 2.24 2.24
3.01 3.00 2.99 2.99 2.98 2.97 2.96 2.97 2.97 2.92 2.98 2.87 2.87 2.87 2.87 2.87 2.87 2.84 2.84 2.84 2.84 2.84 2.84 2.82 2.82 2.82 2.81 2.81 2.78 2.77 2.77 2.76 2.70 2.75 2.76 2.75 2.72 2.72 2.60 2.60 2.62 2.62 2.62 2.58 2.58 2.58 2.57 2.48 2.48 2.47 2.49 2.51 2.50 2.49 2.46 2.37 2.36 2.36 2.35 2.37 2.37 2.36 2.29 2.28 2.29 2.28 2.28 2.27 2.31 2.31 2.30 2.30 2.29 2.25 2.25 2.25 2.25 2.25 2.24 2.24 2.24 2.26 2.24 2.24
3.02 3.01 3.00 3.00 2.99 2.94 2.91 2.94 2.93 2.93 2.92 2.92 2.87 2.87 2.87 2.88 2.88 2.84 2.84 2.84 2.84 2.84 2.84 2.83 2.82 2.82 2.82 2.82 2.79 2.78 2.77 2.77 2.73 2.74 2.71 2.71 2.73 2.72 2.61 2.63 2.63 2.63 2.62 2.62 2.58 2.58 2.57 2.49 2.48 2.48 2.50 2.51 2.51 2.50 2.49 2.39 2.37 2.36 2.36 2.38 2.37 2.36 2.34 2.30 2.29 2.29 2.28 2.28 2.27 2.32 2.30 2.30 2.30 2.26 2.26 2.25 2.26 2.25 2.26 2.25 2.25 2.25 2.25 2.24
3.03 2.98 2.97 2.96 2.95 2.94 2.95 2.94 2.94 2.93 2.93 2.92 2.88 2.88 2.88 2.88 2.88 2.84 2.84 2.84 2.84 2.84 2.85 2.83 2.83 2.83 2.82 2.82 2.79 2.78 2.78 2.77 2.73 2.74 2.72 2.71 2.71 2.73 2.61 2.64 2.63 2.63 2.63 2.62 2.58 2.59 2.58 2.49 2.49 2.48 2.53 2.52 2.51 2.50 2.44 2.44 2.39 2.39 2.41 2.40 2.37 2.34 2.34 2.34 2.30 2.29 2.29 2.28 2.33 2.33 2.33 2.30 2.31 2.31 2.27 2.27 2.27 2.26 2.26 2.26 2.26 2.26 2.26 2.26
