data/SP espacial/F17032017.grd
DSAA
132	56
0.0000	120.0000
0.0000	50.0000
3.7589	5.1624
[rows 0 to 37 of 56, columns 0 to 83 of 132]
4.78 4.56 4.56 4.56 4.55 4.55 4.54 4.54 4.53 4.52 4.51 4.51 4.50 4.49 4.48 4.47 4.46 4.45 4.44 4.43 4.42 4.41 4.40 4.39 4.38 4.42 4.42 4.41 4.41 4.41 4.41 4.37 4.36 4.36 4.48 4.49 4.50 4.50 4.51 4.52 4.52 4.54 4.55 4.54 4.55 4.55 4.56 4.58 4.60 4.61 4.62 4.66 4.68 4.70 4.72 4.74 4.81 4.83 4.85 4.87 4.89 4.91 4.94 4.96 4.99 5.01 5.02 5.00 4.98 4.98 4.96 4.95 4.94 4.93 4.93 4.94 4.93 4.90 4.89 4.93 4.93 4.93 4.92 4.92
4.56 4.56 4.56 4.56 4.55 4.55 4.54 4.54 4.54 4.52 4.52 4.51 4.50 4.49 4.49 4.48 4.47 4.45 4.44 4.43 4.42 4.41 4.39 4.38 4.37 4.42 4.41 4.41 4.40 4.40 4.40 4.36 4.35 4.35 4.35 4.48 4.48 4.49 4.50 4.50 4.51 4.52 4.54 4.53 4.54 4.54 4.56 4.57 4.59 4.60 4.64 4.65 4.67 4.69 4.71 4.73 4.74 4.81 4.83 4.85 4.87 4.89 4.92 4.94 4.96 4.98 4.99 4.98 4.97 4.96 4.94 4.93 4.92 4.91 4.92 4.92 4.91 4.88 4.87 4.90 4.91 4.91 4.90 4.90
4.56 4.56 4.56 4.56 4.55 4.55 4.54 4.54 4.54 4.53 4.52 4.51 4.50 4.50 4.49 4.48 4.47 4.46 4.44 4.43 4.43 4.40 4.39 4.38 4.38 4.37 4.40 4.40 4.40 4.40 4.39 4.34 4.35 4.35 4.35 4.47 4.47 4.48 4.49 4.49 4.50 4.51 4.53 4.54 4.53 4.53 4.55 4.56 4.58 4.59 4.63 4.64 4.66 4.68 4.70 4.71 4.73 4.82 4.81 4.83 4.85 4.87 4.89 4.92 4.93 4.94 4.95 4.94 4.95 4.93 4.92 4.91 4.90 4.89 4.90 4.89 4.89 4.88 4.85 4.88 4.88 4.88 4.87 4.88
4.56 4.56 4.56 4.56 4.55 4.55 4.55 4.54 4.54 4.53 4.52 4.51 4.51 4.50 4.49 4.48 4.47 4.46 4.44 4.43 4.43 4.40 4.39 4.38 4.38 4.36 4.40 4.39 4.39 4.39 4.37 4.37 4.35 4.35 4.34 4.34 4.46 4.47 4.48 4.48 4.49 4.50 4.51 4.53 4.51 4.52 4.54 4.55 4.57 4.58 4.62 4.63 4.66 4.67 4.69 4.70 4.72 4.76 4.82 4.81 4.83 4.85 4.87 4.89 4.91 4.91 4.91 4.92 4.91 4.90 4.89 4.88 4.87 4.88 4.87 4.86 4.86 4.86 4.85 4.82 4.86 4.86 4.85 4.85
4.55 4.55 4.55 4.55 4.55 4.55 4.55 4.54 4.54 4.53 4.52 4.52 4.51 4.50 4.49 4.48 4.47 4.46 4.45 4.43 4.43 4.41 4.39 4.39 4.38 4.36 4.35 4.39 4.38 4.36 4.36 4.36 4.37 4.34 4.33 4.33 4.33 4.46 4.47 4.46 4.48 4.49 4.50 4.52 4.50 4.51 4.53 4.54 4.56 4.57 4.61 4.63 4.65 4.66 4.67 4.69 4.72 4.74 4.75 4.81 4.80 4.83 4.84 4.86 4.87 4.87 4.87 4.88 4.88 4.86 4.85 4.85 4.86 4.85 4.84 4.84 4.83 4.83 4.83 4.81 4.78 4.83 4.82 4.82
4.55 4.55 4.55 4.55 4.55 4.55 4.55 4.54 4.54 4.53 4.53 4.52 4.51 4.50 4.49 4.48 4.47 4.46 4.45 4.43 4.42 4.41 4.39 4.39 4.37 4.36 4.35 4.34 4.36 4.36 4.35 4.35 4.36 4.33 4.33 4.33 4.33 4.33 4.34 4.45 4.46 4.48 4.49 4.50 4.49 4.50 4.52 4.53 4.55 4.59 4.60 4.62 4.63 4.65 4.66 4.70 4.71 4.72 4.73 4.74 4.80 4.80 4.81 4.82 4.83 4.84 4.85 4.85 4.84 4.83 4.82 4.81 4.82 4.82 4.81 4.81 4.80 4.80 4.80 4.78 4.78 4.75 4.78 4.78
4.55 4.55 4.55 4.55 4.55 4.55 4.55 4.54 4.54 4.54 4.53 4.52 4.52 4.51 4.50 4.49 4.48 4.46 4.45 4.43 4.42 4.41 4.40 4.38 4.37 4.35 4.34 4.32 4.35 4.35 4.35 4.35 4.35 4.36 4.33 4.33 4.33 4.33 4.32 4.44 4.45 4.46 4.48 4.50 4.51 4.49 4.50 4.52 4.54 4.60 4.59 4.61 4.62 4.64 4.65 4.68 4.69 4.70 4.71 4.72 4.74 4.77 4.78 4.79 4.80 4.81 4.81 4.81 4.81 4.79 4.79 4.80 4.79 4.78 4.78 4.77 4.77 4.77 4.77 4.75 4.74 4.79 4.75 4.74
4.54 4.54 4.55 4.55 4.55 4.55 4.55 4.54 4.54 4.54 4.53 4.53 4.52 4.51 4.50 4.49 4.48 4.48 4.45 4.43 4.42 4.41 4.40 4.38 4.37 4.35 4.33 4.32 4.31 4.34 4.34 4.34 4.34 4.35 4.32 4.32 4.32 4.33 4.34 4.33 4.37 4.45 4.47 4.48 4.50 4.52 4.49 4.52 4.54 4.59 4.60 4.60 4.61 4.63 4.66 4.67 4.68 4.68 4.69 4.70 4.71 4.72 4.70 4.76 4.77 4.78 4.78 4.78 4.77 4.76 4.77 4.76 4.75 4.75 4.75 4.74 4.74 4.74 4.72 4.72 4.71 4.71 4.76 4.71
4.54 4.54 4.54 4.54 4.55 4.55 4.55 4.55 4.54 4.54 4.54 4.53 4.53 4.52 4.51 4.50 4.48 4.48 4.46 4.43 4.43 4.41 4.40 4.38 4.35 4.34 4.32 4.31 4.31 4.34 4.34 4.34 4.34 4.35 4.35 4.32 4.32 4.34 4.34 4.33 4.37 4.38 4.46 4.47 4.49 4.51 4.50 4.51 4.56 4.58 4.59 4.59 4.60 4.64 4.65 4.65 4.66 4.66 4.67 4.68 4.68 4.69 4.68 4.69 4.74 4.76 4.75 4.75 4.74 4.74 4.73 4.72 4.72 4.71 4.71 4.71 4.71 4.71 4.69 4.69 4.68 4.68 4.71 4.68
4.54 4.54 4.54 4.54 4.54 4.54 4.54 4.54 4.54 4.54 4.54 4.54 4.53 4.52 4.51 4.50 4.49 4.49 4.47 4.45 4.43 4.41 4.39 4.36 4.35 4.33 4.32 4.31 4.30 4.30 4.33 4.34 4.34 4.34 4.34 4.35 4.34 4.34 4.34 4.33 4.33 4.37 4.45 4.46 4.48 4.50 4.49 4.54 4.55 4.57 4.58 4.60 4.59 4.63 4.64 4.64 4.65 4.65 4.65 4.65 4.65 4.66 4.68 4.66 4.67 4.73 4.73 4.72 4.72 4.71 4.69 4.68 4.68 4.68 4.68 4.68 4.68 4.68 4.66 4.66 4.65 4.65 4.68 4.68
4.53 4.54 4.54 4.54 4.54 4.54 4.54 4.54 4.55 4.55 4.54 4.54 4.54 4.53 4.52 4.51 4.50 4.50 4.48 4.45 4.43 4.41 4.37 4.36 4.35 4.33 4.32 4.31 4.30 4.30 4.30 4.33 4.33 4.34 4.34 4.34 4.34 4.34 4.35 4.33 4.33 4.35 4.35 4.45 4.47 4.49 4.51 4.53 4.54 4.56 4.57 4.59 4.62 4.62 4.63 4.64 4.63 4.63 4.63 4.62 4.62 4.63 4.65 4.65 4.65 4.67 4.70 4.70 4.69 4.67 4.66 4.65 4.65 4.65 4.65 4.66 4.66 4.64 4.64 4.63 4.63 4.62 4.65 4.64
4.53 4.53 4.53 4.54 4.54 4.54 4.54 4.54 4.54 4.55 4.55 4.54 4.54 4.53 4.53 4.52 4.51 4.51 4.49 4.46 4.44 4.40 4.37 4.37 4.35 4.34 4.32 4.31 4.31 4.30 4.30 4.33 4.33 4.34 4.34 4.37 4.37 4.35 4.35 4.33 4.33 4.35 4.35 4.36 4.46 4.48 4.50 4.52 4.54 4.55 4.56 4.60 4.61 4.61 4.62 4.63 4.62 4.62 4.61 4.60 4.59 4.61 4.63 4.63 4.65 4.65 4.65 4.64 4.66 4.65 4.63 4.61 4.62 4.62 4.63 4.63 4.63 4.62 4.61 4.61 4.60 4.59 4.62 4.62
4.52 4.52 4.53 4.53 4.53 4.54 4.54 4.55 4.54 4.55 4.55 4.55 4.54 4.54 4.53 4.52 4.51 4.52 4.50 4.45 4.43 4.41 4.39 4.37 4.36 4.35 4.33 4.32 4.32 4.31 4.31 4.30 4.34 4.36 4.36 4.37 4.37 4.37 4.33 4.33 4.33 4.35 4.35 4.36 4.38 4.48 4.50 4.51 4.53 4.54 4.55 4.59 4.60 4.62 4.63 4.61 4.61 4.61 4.60 4.59 4.59 4.60 4.62 4.62 4.63 4.63 4.63 4.62 4.60 4.63 4.61 4.60 4.60 4.61 4.61 4.61 4.62 4.60 4.59 4.58 4.57 4.56 4.56 4.59
4.51 4.51 4.52 4.52 4.53 4.53 4.54 4.54 4.55 4.55 4.55 4.55 4.55 4.54 4.54 4.53 4.51 4.50 4.48 4.46 4.45 4.42 4.41 4.38 4.37 4.36 4.35 4.34 4.33 4.32 4.31 4.31 4.34 4.36 4.37 4.37 4.37 4.38 4.33 4.33 4.32 4.34 4.36 4.37 4.38 4.39 4.49 4.53 4.52 4.53 4.57 4.58 4.59 4.60 4.61 4.59 4.60 4.60 4.59 4.59 4.59 4.59 4.61 4.60 4.63 4.64 4.63 4.62 4.59 4.57 4.56 4.55 4.59 4.59 4.60 4.60 4.60 4.58 4.57 4.56 4.55 4.54 4.53 4.57
4.49 4.50 4.51 4.51 4.52 4.53 4.53 4.54 4.55 4.55 4.56 4.56 4.56 4.55 4.54 4.53 4.52 4.51 4.49 4.47 4.46 4.44 4.42 4.40 4.39 4.38 4.36 4.35 4.34 4.33 4.32 4.31 4.34 4.37 4.37 4.37 4.37 4.38 4.33 4.32 4.32 4.33 4.36 4.37 4.38 4.40 4.43 4.53 4.54 4.53 4.56 4.57 4.58 4.59 4.60 4.61 4.59 4.58 4.58 4.58 4.58 4.59 4.60 4.61 4.62 4.62 4.61 4.61 4.60 4.57 4.56 4.55 4.54 4.58 4.59 4.59 4.59 4.56 4.55 4.54 4.53 4.52 4.51 4.50
4.48 4.49 4.49 4.50 4.51 4.52 4.53 4.54 4.54 4.55 4.56 4.56 4.56 4.56 4.54 4.54 4.53 4.52 4.51 4.50 4.48 4.46 4.42 4.42 4.40 4.39 4.38 4.36 4.35 4.34 4.33 4.32 4.35 4.38 4.38 4.37 4.38 4.38 4.33 4.32 4.33 4.34 4.34 4.38 4.39 4.42 4.43 4.44 4.54 4.52 4.56 4.57 4.58 4.58 4.59 4.60 4.58 4.58 4.58 4.58 4.58 4.59 4.59 4.61 4.61 4.63 4.63 4.60 4.59 4.56 4.55 4.55 4.54 4.53 4.58 4.58 4.55 4.54 4.54 4.53 4.52 4.51 4.50 4.48
4.47 4.47 4.48 4.49 4.50 4.51 4.52 4.53 4.54 4.55 4.56 4.57 4.57 4.57 4.55 4.55 4.54 4.53 4.52 4.51 4.49 4.45 4.43 4.42 4.42 4.40 4.39 4.38 4.37 4.35 4.34 4.33 4.36 4.39 4.39 4.38 4.38 4.38 4.35 4.33 4.33 4.34 4.35 4.38 4.39 4.42 4.43 4.44 4.46 4.48 4.56 4.56 4.57 4.58 4.58 4.60 4.60 4.57 4.57 4.57 4.58 4.58 4.60 4.60 4.60 4.62 4.62 4.59 4.59 4.58 4.55 4.55 4.54 4.53 4.53 4.54 4.54 4.53 4.52 4.51 4.50 4.49 4.48 4.47
4.46 4.47 4.47 4.48 4.49 4.50 4.51 4.53 4.54 4.55 4.56 4.57 4.57 4.57 4.56 4.56 4.56 4.55 4.51 4.50 4.49 4.47 4.45 4.43 4.42 4.41 4.39 4.39 4.38 4.36 4.35 4.38 4.37 4.37 4.37 4.39 4.39 4.39 4.38 4.33 4.34 4.34 4.35 4.36 4.41 4.42 4.43 4.45 4.46 4.50 4.50 4.51 4.52 4.58 4.59 4.59 4.59 4.56 4.57 4.57 4.57 4.58 4.58 4.59 4.61 4.61 4.62 4.62 4.59 4.58 4.55 4.55 4.54 4.53 4.53 4.54 4.53 4.52 4.51 4.50 4.49 4.48 4.46 4.45
4.45 4.45 4.46 4.46 4.48 4.49 4.50 4.52 4.53 4.55 4.56 4.57 4.57 4.58 4.57 4.58 4.56 4.55 4.53 4.51 4.50 4.47 4.46 4.44 4.42 4.42 4.40 4.39 4.37 4.37 4.34 4.39 4.38 4.38 4.37 4.40 4.40 4.40 4.41 4.34 4.34 4.35 4.35 4.36 4.39 4.43 4.44 4.45 4.46 4.49 4.51 4.52 4.52 4.53 4.59 4.59 4.59 4.59 4.56 4.57 4.50 4.57 4.58 4.58 4.61 4.61 4.61 4.61 4.58 4.58 4.58 4.50 4.54 4.54 4.50 4.49 4.52 4.51 4.50 4.49 4.48 4.46 4.45 4.44
4.43 4.44 4.45 4.46 4.47 4.48 4.50 4.51 4.53 4.54 4.55 4.55 4.57 4.57 4.58 4.58 4.58 4.57 4.54 4.52 4.50 4.48 4.46 4.44 4.43 4.43 4.41 4.40 4.38 4.37 4.40 4.39 4.38 4.38 4.41 4.40 4.40 4.40 4.41 4.38 4.35 4.35 4.36 4.38 4.39 4.43 4.44 4.45 4.47 4.49 4.50 4.53 4.53 4.54 4.53 4.58 4.53 4.53 4.53 4.50 4.50 4.51 4.57 4.60 4.60 4.60 4.61 4.61 4.61 4.58 4.51 4.51 4.51 4.46 4.46 4.44 4.48 4.48 4.49 4.48 4.47 4.45 4.44 4.40
4.41 4.42 4.43 4.45 4.46 4.48 4.49 4.50 4.51 4.53 4.55 4.55 4.57 4.58 4.59 4.59 4.59 4.58 4.54 4.52 4.51 4.48 4.46 4.45 4.42 4.41 4.42 4.40 4.39 4.42 4.41 4.40 4.39 4.38 4.38 4.41 4.41 4.42 4.42 4.39 4.35 4.36 4.36 4.38 4.40 4.41 4.45 4.46 4.49 4.50 4.50 4.54 4.54 4.54 4.54 4.54 4.54 4.54 4.53 4.51 4.51 4.51 4.53 4.53 4.60 4.60 4.60 4.61 4.55 4.55 4.52 4.52 4.52 4.47 4.46 4.45 4.44 4.48 4.46 4.45 4.43 4.43 4.41 4.39
4.40 4.41 4.42 4.43 4.45 4.47 4.48 4.49 4.50 4.52 4.53 4.55 4.57 4.58 4.59 4.60 4.61 4.60 4.55 4.52 4.49 4.48 4.46 4.43 4.42 4.41 4.40 4.41 4.44 4.42 4.41 4.40 4.40 4.39 4.38 4.42 4.41 4.42 4.42 4.39 4.40 4.36 4.38 4.39 4.40 4.41 4.45 4.48 4.49 4.51 4.51 4.52 4.55 4.55 4.55 4.55 4.55 4.55 4.54 4.54 4.51 4.52 4.53 4.53 4.54 4.60 4.60 4.55 4.55 4.55 4.56 4.53 4.49 4.48 4.47 4.46 4.45 4.43 4.46 4.44 4.44 4.42 4.42 4.40
4.38 4.40 4.41 4.43 4.44 4.46 4.47 4.49 4.49 4.51 4.53 4.55 4.56 4.57 4.58 4.60 4.62 4.58 4.54 4.52 4.49 4.46 4.44 4.43 4.42 4.41 4.40 4.40 4.44 4.43 4.42 4.41 4.40 4.40 4.39 4.38 4.43 4.43 4.43 4.40 4.40 4.39 4.39 4.39 4.40 4.42 4.44 4.49 4.51 4.52 4.52 4.53 4.56 4.56 4.56 4.57 4.56 4.56 4.55 4.55 4.54 4.53 4.53 4.54 4.54 4.55 4.55 4.55 4.56 4.56 4.56 4.51 4.50 4.48 4.47 4.46 4.45 4.45 4.42 4.40 4.38 4.43 4.41 4.40
4.38 4.39 4.40 4.42 4.43 4.45 4.45 4.47 4.48 4.49 4.51 4.53 4.54 4.55 4.57 4.58 4.57 4.56 4.53 4.50 4.48 4.46 4.47 4.43 4.41 4.40 4.40 4.43 4.44 4.43 4.42 4.41 4.41 4.41 4.41 4.40 4.43 4.43 4.43 4.41 4.40 4.39 4.40 4.39 4.40 4.42 4.44 4.47 4.52 4.49 4.54 4.52 4.55 4.55 4.54 4.54 4.57 4.57 4.56 4.56 4.56 4.54 4.54 4.54 4.55 4.58 4.58 4.56 4.56 4.56 4.56 4.52 4.49 4.48 4.47 4.46 4.46 4.44 4.42 4.40 4.40 4.36 4.41 4.39
4.38 4.39 4.40 4.41 4.42 4.42 4.43 4.45 4.47 4.48 4.49 4.50 4.52 4.53 4.54 4.55 4.53 4.53 4.50 4.49 4.47 4.47 4.47 4.46 4.41 4.39 4.43 4.42 4.41 4.42 4.41 4.42 4.41 4.42 4.41 4.41 4.44 4.44 4.39 4.43 4.41 4.40 4.41 4.42 4.42 4.44 4.45 4.48 4.49 4.46 4.49 4.52 4.56 4.56 4.57 4.57 4.55 4.58 4.58 4.59 4.58 4.58 4.55 4.55 4.59 4.59 4.59 4.59 4.56 4.56 4.52 4.52 4.51 4.48 4.47 4.47 4.45 4.43 4.41 4.39 4.37 4.35 4.33 4.31
4.38 4.38 4.39 4.40 4.39 4.41 4.42 4.43 4.45 4.46 4.48 4.48 4.49 4.50 4.51 4.52 4.50 4.49 4.49 4.47 4.48 4.46 4.47 4.45 4.44 4.41 4.40 4.41 4.40 4.45 4.45 4.43 4.43 4.42 4.42 4.41 4.45 4.39 4.40 4.44 4.45 4.43 4.42 4.44 4.42 4.46 4.47 4.50 4.46 4.47 4.50 4.53 4.59 4.57 4.58 4.57 4.57 4.57 4.60 4.60 4.59 4.55 4.55 4.59 4.60 4.59 4.59 4.59 4.55 4.52 4.51 4.51 4.47 4.46 4.47 4.46 4.44 4.42 4.40 4.38 4.37 4.35 4.33 4.31
4.37 4.38 4.38 4.37 4.38 4.39 4.40 4.41 4.43 4.44 4.45 4.46 4.47 4.48 4.48 4.48 4.48 4.47 4.46 4.45 4.49 4.47 4.46 4.44 4.43 4.41 4.39 4.42 4.42 4.45 4.45 4.43 4.43 4.42 4.43 4.41 4.42 4.43 4.43 4.44 4.43 4.44 4.47 4.46 4.47 4.46 4.47 4.48 4.49 4.49 4.50 4.51 4.56 4.58 4.59 4.58 4.58 4.61 4.59 4.59 4.62 4.56 4.60 4.60 4.60 4.59 4.56 4.55 4.55 4.55 4.51 4.49 4.49 4.48 4.49 4.45 4.43 4.41 4.40 4.38 4.37 4.35 4.33 4.31
4.37 4.37 4.36 4.37 4.37 4.38 4.39 4.40 4.40 4.41 4.42 4.43 4.44 4.45 4.43 4.44 4.45 4.45 4.43 4.48 4.47 4.46 4.45 4.44 4.43 4.44 4.40 4.42 4.46 4.45 4.44 4.43 4.42 4.43 4.41 4.41 4.43 4.43 4.44 4.45 4.44 4.47 4.49 4.48 4.49 4.50 4.49 4.49 4.49 4.50 4.51 4.52 4.55 4.55 4.60 4.59 4.62 4.62 4.61 4.61 4.63 4.61 4.62 4.61 4.56 4.56 4.55 4.55 4.55 4.55 4.53 4.48 4.50 4.49 4.48 4.46 4.42 4.41 4.39 4.37 4.35 4.34 4.32 4.31
4.42 4.41 4.36 4.36 4.36 4.37 4.37 4.38 4.38 4.39 4.39 4.40 4.41 4.40 4.40 4.41 4.41 4.42 4.47 4.46 4.46 4.45 4.46 4.45 4.44 4.42 4.46 4.43 4.41 4.41 4.41 4.40 4.40 4.40 4.40 4.41 4.43 4.44 4.45 4.47 4.50 4.49 4.47 4.49 4.50 4.51 4.50 4.50 4.50 4.51 4.52 4.53 4.56 4.56 4.59 4.59 4.63 4.63 4.62 4.62 4.58 4.63 4.56 4.56 4.57 4.56 4.55 4.55 4.57 4.57 4.53 4.48 4.49 4.48 4.47 4.46 4.44 4.43 4.38 4.37 4.35 4.33 4.32 4.31
4.43 4.42 4.42 4.35 4.35 4.35 4.36 4.36 4.36 4.36 4.37 4.37 4.36 4.36 4.39 4.37 4.43 4.42 4.45 4.45 4.46 4.46 4.45 4.45 4.44 4.46 4.45 4.44 4.43 4.41 4.41 4.39 4.39 4.40 4.40 4.40 4.43 4.45 4.46 4.48 4.51 4.50 4.49 4.50 4.52 4.53 4.54 4.51 4.52 4.52 4.53 4.54 4.52 4.60 4.60 4.60 4.60 4.64 4.62 4.61 4.59 4.60 4.57 4.56 4.56 4.55 4.59 4.58 4.57 4.56 4.50 4.47 4.47 4.46 4.46 4.44 4.43 4.42 4.41 4.38 4.37 4.35 4.33 4.31
4.43 4.43 4.42 4.42 4.41 4.34 4.34 4.34 4.34 4.34 4.37 4.36 4.36 4.37 4.38 4.39 4.40 4.39 4.40 4.45 4.45 4.45 4.45 4.44 4.46 4.46 4.45 4.44 4.43 4.41 4.41 4.40 4.39 4.39 4.42 4.44 4.43 4.45 4.45 4.46 4.48 4.52 4.53 4.54 4.54 4.53 4.54 4.53 4.57 4.57 4.56 4.57 4.55 4.61 4.61 4.61 4.61 4.61 4.59 4.58 4.61 4.60 4.59 4.57 4.59 4.59 4.58 4.57 4.56 4.51 4.49 4.49 4.45 4.44 4.45 4.44 4.43 4.42 4.41 4.39 4.37 4.35 4.33 4.31
4.43 4.43 4.42 4.41 4.41 4.40 4.39 4.35 4.35 4.34 4.34 4.33 4.33 4.34 4.35 4.37 4.37 4.40 4.42 4.43 4.45 4.45 4.45 4.47 4.46 4.46 4.44 4.43 4.42 4.38 4.38 4.38 4.39 4.39 4.42 4.44 4.43 4.46 4.45 4.47 4.50 4.52 4.54 4.55 4.56 4.55 4.55 4.54 4.54 4.58 4.56 4.57 4.58 4.59 4.62 4.62 4.62 4.60 4.60 4.62 4.61 4.60 4.63 4.62 4.59 4.58 4.58 4.57 4.51 4.50 4.49 4.47 4.46 4.46 4.46 4.45 4.43 4.42 4.41 4.39 4.37 4.35 4.33 4.31
4.44 4.43 4.42 4.42 4.41 4.40 4.39 4.34 4.33 4.33 4.30 4.30 4.31 4.32 4.33 4.34 4.36 4.38 4.40 4.42 4.44 4.45 4.45 4.47 4.47 4.46 4.44 4.41 4.41 4.40 4.38 4.38 4.37 4.41 4.42 4.45 4.47 4.43 4.46 4.49 4.51 4.53 4.55 4.57 4.58 4.56 4.56 4.54 4.56 4.57 4.57 4.57 4.58 4.59 4.62 4.62 4.60 4.60 4.60 4.59 4.61 4.64 4.63 4.62 4.60 4.58 4.57 4.53 4.51 4.49 4.47 4.46 4.46 4.46 4.45 4.45 4.44 4.43 4.42 4.39 4.38 4.35 4.34 4.32
4.45 4.45 4.44 4.43 4.42 4.41 4.40 4.39 4.38 4.36 4.28 4.27 4.29 4.31 4.33 4.34 4.35 4.37 4.40 4.42 4.49 4.50 4.54 4.53 4.53 4.44 4.43 4.41 4.40 4.40 4.40 4.38 4.37 4.40 4.43 4.45 4.42 4.44 4.47 4.49 4.51 4.55 4.57 4.60 4.60 4.59 4.59 4.56 4.56 4.57 4.57 4.58 4.54 4.55 4.57 4.61 4.60 4.60 4.59 4.59 4.59 4.64 4.62 4.61 4.60 4.59 4.54 4.52 4.50 4.48 4.46 4.46 4.46 4.45 4.45 4.45 4.44 4.43 4.42 4.41 4.39 4.36 4.34 4.32
4.46 4.45 4.45 4.44 4.43 4.42 4.41 4.40 4.38 4.36 4.34 4.28 4.30 4.37 4.33 4.34 4.35 4.37 4.47 4.49 4.51 4.54 4.55 4.54 4.53 4.52 4.50 4.42 4.42 4.41 4.45 4.44 4.41 4.41 4.41 4.43 4.43 4.43 4.45 4.49 4.51 4.54 4.56 4.56 4.57 4.56 4.55 4.54 4.56 4.56 4.56 4.57 4.56 4.54 4.55 4.59 4.59 4.59 4.58 4.58 4.61 4.63 4.62 4.61 4.60 4.58 4.53 4.52 4.50 4.48 4.46 4.46 4.46 4.45 4.45 4.45 4.44 4.43 4.41 4.39 4.39 4.37 4.34 4.33
4.47 4.47 4.46 4.45 4.44 4.43 4.42 4.45 4.44 4.42 4.41 4.40 4.37 4.38 4.40 4.41 4.42 4.46 4.48 4.50 4.52 4.55 4.56 4.55 4.54 4.53 4.53 4.52 4.49 4.48 4.47 4.47 4.47 4.44 4.44 4.40 4.42 4.44 4.45 4.49 4.52 4.53 4.55 4.56 4.55 4.54 4.54 4.53 4.53 4.55 4.53 4.54 4.54 4.51 4.53 4.57 4.57 4.57 4.57 4.60 4.60 4.59 4.61 4.60 4.59 4.58 4.52 4.51 4.49 4.48 4.47 4.46 4.45 4.46 4.45 4.45 4.44 4.42 4.41 4.40 4.38 4.38 4.34 4.33
4.53 4.52 4.52 4.51 4.50 4.49 4.48 4.47 4.45 4.44 4.44 4.43 4.40 4.41 4.42 4.43 4.45 4.48 4.50 4.51 4.53 4.54 4.58 4.56 4.56 4.56 4.55 4.54 4.52 4.51 4.50 4.50 4.50 4.45 4.41 4.42 4.43 4.44 4.45 4.49 4.51 4.52 4.53 4.54 4.52 4.52 4.52 4.51 4.52 4.53 4.52 4.52 4.48 4.49 4.49 4.55 4.55 4.55 4.55 4.58 4.58 4.58 4.57 4.59 4.58 4.57 4.52 4.50 4.49 4.48 4.47 4.46 4.46 4.46 4.45 4.45 4.44 4.42 4.41 4.40 4.39 4.37 4.35 4.33
4.55 4.54 4.54 4.53 4.52 4.51 4.50 4.48 4.48 4.47 4.47 4.46 4.46 4.43 4.44 4.46 4.47 4.50 4.52 4.53 4.55 4.56 4.59 4.58 4.58 4.58 4.58 4.57 4.55 4.54 4.54 4.54 4.48 4.51 4.52 4.43 4.44 4.44 4.45 4.50 4.50 4.51 4.51 4.52 4.50 4.50 4.50 4.49 4.50 4.50 4.50 4.50 4.45 4.46 4.47 4.51 4.53 4.53 4.57 4.57 4.57 4.56 4.56 4.58 4.57 4.56 4.51 4.50 4.49 4.48 4.47 4.46 4.46 4.45 4.46 4.45 4.44 4.42 4.41 4.40 4.39 4.38 4.36 4.34
