data/SP espacial/F17062017.grd
DSAA
132	56
0.0000	120.0000
0.0000	50.0000
2.5981	3.6800
[rows 0 to 37 of 56, columns 0 to 83 of 132]
3.68 3.36 3.35 3.35 3.35 3.35 3.34 3.35 3.34 3.34 3.34 3.33 3.32 3.29 3.28 3.27 3.26 3.25 3.24 3.23 3.22 3.21 3.18 3.18 3.17 3.17 3.17 3.17 3.15 3.15 3.15 3.14 3.09 3.09 3.08 3.08 3.07 3.04 3.03 3.02 3.01 3.00 2.99 2.98 2.91 2.90 2.89 2.87 2.87 2.86 2.88 2.87 2.87 2.87 2.86 2.89 2.88 2.92 2.92 2.91 2.91 2.80 2.80 2.80 2.80 2.80 2.80 2.80 2.81 2.81 2.81 2.81 2.82 2.82 2.82 2.83 2.83 2.83 2.83 2.86 2.86 2.87 2.90 2.90
3.36 3.36 3.35 3.35 3.35 3.34 3.34 3.34 3.34 3.34 3.34 3.33 3.33 3.32 3.28 3.27 3.26 3.25 3.24 3.23 3.22 3.21 3.18 3.18 3.18 3.18 3.17 3.17 3.16 3.15 3.15 3.10 3.10 3.10 3.09 3.08 3.07 3.04 3.03 3.02 3.02 3.00 2.99 2.98 2.91 2.90 2.89 2.88 2.87 2.86 2.88 2.88 2.87 2.86 2.86 2.89 2.88 2.92 2.91 2.91 2.90 2.80 2.80 2.80 2.80 2.80 2.80 2.80 2.80 2.81 2.81 2.81 2.81 2.82 2.82 2.82 2.83 2.83 2.83 2.85 2.86 2.86 2.90 2.90
3.35 3.35 3.35 3.35 3.35 3.34 3.34 3.34 3.34 3.34 3.34 3.33 3.33 3.32 3.28 3.28 3.27 3.26 3.25 3.24 3.23 3.22 3.19 3.18 3.18 3.18 3.18 3.18 3.16 3.16 3.15 3.11 3.10 3.10 3.10 3.09 3.08 3.05 3.04 3.03 3.02 3.00 2.99 2.99 2.91 2.90 2.90 2.88 2.87 2.86 2.88 2.88 2.87 2.86 2.85 2.88 2.88 2.91 2.91 2.90 2.90 2.79 2.80 2.80 2.80 2.80 2.80 2.80 2.80 2.80 2.81 2.81 2.81 2.81 2.82 2.83 2.83 2.83 2.83 2.85 2.85 2.86 2.89 2.90
3.35 3.35 3.35 3.35 3.34 3.34 3.34 3.34 3.33 3.34 3.34 3.33 3.33 3.32 3.28 3.28 3.27 3.26 3.25 3.24 3.23 3.23 3.19 3.19 3.19 3.18 3.18 3.18 3.16 3.16 3.14 3.13 3.11 3.11 3.10 3.09 3.08 3.07 3.04 3.03 3.02 3.01 3.00 2.99 2.91 2.90 2.90 2.88 2.87 2.86 2.88 2.87 2.87 2.86 2.85 2.88 2.88 2.88 2.90 2.90 2.89 2.79 2.79 2.80 2.80 2.80 2.80 2.80 2.80 2.80 2.80 2.80 2.81 2.83 2.82 2.82 2.83 2.83 2.84 2.84 2.85 2.86 2.89 2.90
3.35 3.35 3.35 3.34 3.34 3.34 3.34 3.34 3.33 3.35 3.34 3.33 3.33 3.32 3.32 3.28 3.28 3.27 3.26 3.25 3.24 3.23 3.20 3.19 3.19 3.19 3.19 3.18 3.17 3.15 3.15 3.13 3.13 3.12 3.11 3.10 3.09 3.08 3.05 3.04 3.02 3.01 3.00 2.99 2.91 2.90 2.90 2.88 2.87 2.86 2.88 2.87 2.86 2.86 2.85 2.88 2.88 2.88 2.87 2.89 2.89 2.79 2.79 2.80 2.80 2.80 2.80 2.80 2.80 2.80 2.80 2.80 2.82 2.81 2.82 2.82 2.82 2.83 2.83 2.86 2.85 2.85 2.89 2.89
3.34 3.34 3.34 3.34 3.34 3.34 3.34 3.33 3.33 3.35 3.34 3.34 3.33 3.32 3.32 3.31 3.27 3.27 3.26 3.25 3.24 3.23 3.20 3.20 3.19 3.19 3.19 3.19 3.15 3.15 3.15 3.14 3.14 3.13 3.12 3.11 3.10 3.08 3.07 3.03 3.03 3.01 2.96 2.96 2.94 2.94 2.90 2.88 2.91 2.90 2.88 2.87 2.86 2.86 2.85 2.89 2.88 2.87 2.87 2.86 2.79 2.79 2.79 2.79 2.80 2.80 2.80 2.80 2.80 2.80 2.80 2.82 2.81 2.81 2.81 2.82 2.82 2.82 2.83 2.86 2.86 2.85 2.88 2.88
3.34 3.34 3.34 3.34 3.34 3.34 3.33 3.33 3.33 3.33 3.34 3.34 3.33 3.33 3.32 3.31 3.31 3.26 3.27 3.26 3.25 3.24 3.22 3.20 3.20 3.19 3.19 3.16 3.16 3.16 3.16 3.15 3.15 3.14 3.13 3.12 3.10 3.09 3.07 3.05 3.04 3.02 2.97 2.96 2.94 2.93 2.93 2.91 2.90 2.90 2.88 2.87 2.86 2.85 2.85 2.89 2.88 2.87 2.86 2.86 2.76 2.76 2.79 2.79 2.80 2.80 2.79 2.79 2.79 2.79 2.80 2.80 2.80 2.81 2.81 2.81 2.82 2.82 2.83 2.85 2.86 2.87 2.87 2.88
3.33 3.33 3.33 3.33 3.33 3.33 3.33 3.33 3.33 3.33 3.34 3.34 3.33 3.33 3.32 3.32 3.31 3.29 3.25 3.26 3.25 3.24 3.22 3.20 3.20 3.18 3.16 3.17 3.17 3.17 3.17 3.16 3.16 3.15 3.15 3.13 3.11 3.08 3.07 3.02 3.04 3.02 2.97 2.93 2.92 2.93 2.93 2.91 2.90 2.90 2.87 2.87 2.86 2.86 2.85 2.88 2.88 2.87 2.86 2.76 2.76 2.76 2.76 2.79 2.79 2.79 2.79 2.79 2.79 2.80 2.80 2.80 2.80 2.80 2.81 2.81 2.81 2.82 2.85 2.85 2.86 2.86 2.88 2.87
3.33 3.33 3.33 3.33 3.33 3.33 3.33 3.33 3.33 3.33 3.34 3.34 3.33 3.33 3.32 3.32 3.31 3.29 3.29 3.25 3.26 3.23 3.22 3.21 3.17 3.17 3.17 3.17 3.17 3.18 3.18 3.17 3.17 3.18 3.15 3.14 3.10 3.09 3.04 3.02 3.00 3.02 2.97 2.93 2.92 2.93 2.92 2.91 2.90 2.87 2.86 2.85 2.86 2.86 2.85 2.85 2.87 2.87 2.76 2.76 2.76 2.76 2.76 2.76 2.80 2.79 2.79 2.79 2.77 2.79 2.79 2.79 2.80 2.80 2.80 2.81 2.81 2.82 2.84 2.85 2.86 2.86 2.88 2.87
3.28 3.28 3.33 3.33 3.33 3.33 3.33 3.32 3.32 3.32 3.32 3.34 3.33 3.33 3.33 3.32 3.32 3.30 3.29 3.28 3.26 3.21 3.22 3.20 3.17 3.17 3.17 3.17 3.18 3.18 3.19 3.18 3.19 3.19 3.16 3.15 3.11 3.09 3.04 3.02 3.00 2.96 2.95 2.92 2.91 2.92 2.91 2.91 2.90 2.87 2.86 2.85 2.86 2.85 2.86 2.85 2.87 2.76 2.76 2.76 2.76 2.76 2.76 2.76 2.76 2.79 2.79 2.78 2.79 2.79 2.79 2.79 2.79 2.80 2.80 2.80 2.81 2.81 2.84 2.85 2.85 2.86 2.88 2.88
3.28 3.28 3.28 3.28 3.32 3.32 3.32 3.32 3.32 3.32 3.32 3.34 3.33 3.33 3.33 3.32 3.32 3.30 3.29 3.27 3.26 3.21 3.18 3.20 3.17 3.17 3.17 3.17 3.18 3.18 3.19 3.20 3.20 3.20 3.17 3.15 3.11 3.06 3.04 3.02 3.00 2.95 2.95 2.93 2.91 2.92 2.91 2.90 2.87 2.86 2.86 2.85 2.85 2.85 2.86 2.85 2.84 2.76 2.76 2.76 2.76 2.76 2.76 2.76 2.76 2.76 2.80 2.80 2.79 2.79 2.78 2.78 2.79 2.79 2.80 2.80 2.81 2.84 2.84 2.85 2.85 2.86 2.88 2.88
3.28 3.27 3.27 3.27 3.27 3.27 3.32 3.32 3.32 3.32 3.32 3.33 3.33 3.33 3.32 3.32 3.32 3.30 3.28 3.27 3.26 3.19 3.18 3.18 3.17 3.17 3.17 3.18 3.18 3.19 3.19 3.20 3.21 3.21 3.19 3.16 3.10 3.05 3.03 3.01 2.96 2.94 2.94 2.93 2.92 2.91 2.92 2.92 2.86 2.86 2.85 2.84 2.85 2.84 2.85 2.84 2.76 2.76 2.76 2.76 2.76 2.76 2.76 2.76 2.77 2.77 2.77 2.77 2.79 2.79 2.78 2.78 2.79 2.79 2.80 2.80 2.81 2.84 2.84 2.85 2.85 2.86 2.88 2.88
3.27 3.27 3.27 3.27 3.26 3.26 3.26 3.26 3.31 3.31 3.31 3.34 3.33 3.32 3.32 3.32 3.31 3.29 3.28 3.26 3.25 3.19 3.19 3.15 3.15 3.18 3.18 3.18 3.18 3.19 3.19 3.20 3.21 3.20 3.17 3.15 3.10 3.08 3.03 3.01 2.96 2.94 2.93 2.94 2.92 2.91 2.92 2.91 2.91 2.85 2.85 2.84 2.84 2.84 2.85 2.84 2.76 2.76 2.76 2.76 2.76 2.76 2.76 2.77 2.77 2.77 2.77 2.77 2.76 2.79 2.78 2.78 2.79 2.79 2.80 2.80 2.80 2.84 2.84 2.85 2.84 2.85 2.85 2.88
3.26 3.26 3.26 3.26 3.26 3.26 3.26 3.25 3.25 3.25 3.31 3.34 3.34 3.32 3.32 3.31 3.31 3.28 3.27 3.26 3.24 3.24 3.19 3.17 3.16 3.18 3.18 3.19 3.18 3.19 3.19 3.20 3.20 3.19 3.14 3.15 3.09 3.07 3.02 3.00 2.95 2.94 2.93 2.94 2.91 2.91 2.92 2.91 2.90 2.85 2.85 2.84 2.84 2.83 2.82 2.84 2.73 2.76 2.76 2.76 2.74 2.75 2.75 2.77 2.77 2.77 2.77 2.77 2.76 2.75 2.75 2.75 2.79 2.79 2.80 2.79 2.80 2.84 2.83 2.84 2.84 2.85 2.85 2.88
3.26 3.26 3.26 3.25 3.25 3.25 3.25 3.25 3.25 3.24 3.24 3.24 3.33 3.33 3.31 3.28 3.28 3.27 3.26 3.26 3.24 3.24 3.17 3.17 3.17 3.19 3.19 3.19 3.19 3.19 3.19 3.19 3.19 3.14 3.13 3.11 3.08 3.06 3.04 2.98 2.98 2.94 2.93 2.91 2.91 2.93 2.92 2.91 2.90 2.86 2.85 2.84 2.83 2.82 2.82 2.72 2.72 2.72 2.76 2.74 2.75 2.75 2.75 2.77 2.77 2.77 2.77 2.77 2.76 2.76 2.75 2.75 2.75 2.80 2.79 2.79 2.80 2.83 2.83 2.84 2.84 2.85 2.85 2.85
3.25 3.25 3.25 3.25 3.25 3.24 3.24 3.24 3.24 3.24 3.23 3.23 3.32 3.32 3.28 3.27 3.27 3.26 3.26 3.25 3.24 3.24 3.22 3.17 3.17 3.17 3.19 3.19 3.19 3.19 3.18 3.18 3.14 3.13 3.11 3.10 3.07 3.05 3.03 2.99 2.97 2.94 2.92 2.91 2.90 2.92 2.91 2.90 2.89 2.86 2.84 2.83 2.83 2.82 2.70 2.70 2.72 2.72 2.74 2.74 2.75 2.75 2.75 2.77 2.77 2.77 2.77 2.77 2.77 2.76 2.76 2.76 2.76 2.76 2.79 2.79 2.82 2.83 2.84 2.84 2.85 2.85 2.85 2.85
3.32 3.24 3.24 3.24 3.24 3.24 3.23 3.23 3.23 3.23 3.23 3.22 3.22 3.31 3.27 3.27 3.26 3.26 3.25 3.24 3.24 3.22 3.22 3.22 3.17 3.17 3.19 3.19 3.18 3.18 3.18 3.17 3.12 3.11 3.10 3.11 3.09 3.07 3.06 2.98 2.96 2.93 2.91 2.90 2.93 2.92 2.91 2.89 2.89 2.88 2.82 2.81 2.81 2.82 2.70 2.70 2.70 2.74 2.74 2.74 2.75 2.75 2.77 2.77 2.77 2.77 2.77 2.77 2.77 2.77 2.76 2.76 2.76 2.76 2.76 2.82 2.83 2.83 2.84 2.84 2.85 2.85 2.85 2.86
3.34 3.33 3.23 3.23 3.23 3.23 3.23 3.22 3.22 3.22 3.22 3.21 3.21 3.17 3.26 3.26 3.26 3.25 3.25 3.25 3.22 3.22 3.22 3.22 3.18 3.18 3.18 3.18 3.18 3.18 3.17 3.12 3.11 3.10 3.09 3.09 3.08 3.06 3.05 2.97 2.96 2.92 2.91 2.90 2.92 2.91 2.90 2.89 2.88 2.88 2.82 2.81 2.80 2.69 2.69 2.70 2.70 2.74 2.74 2.74 2.75 2.75 2.78 2.78 2.77 2.77 2.77 2.77 2.76 2.76 2.76 2.76 2.76 2.77 2.77 2.83 2.83 2.84 2.84 2.85 2.85 2.85 2.86 2.86
3.40 3.34 3.34 3.22 3.22 3.22 3.22 3.21 3.21 3.21 3.21 3.21 3.16 3.16 3.21 3.25 3.29 3.29 3.25 3.24 3.21 3.21 3.21 3.21 3.21 3.17 3.17 3.16 3.16 3.17 3.12 3.11 3.10 3.09 3.09 3.08 3.03 3.02 3.00 2.97 2.95 2.95 2.94 2.93 2.89 2.88 2.87 2.89 2.89 2.88 2.82 2.82 2.69 2.69 2.69 2.69 2.72 2.72 2.74 2.74 2.76 2.78 2.78 2.78 2.77 2.77 2.77 2.77 2.76 2.76 2.76 2.76 2.77 2.77 2.80 2.81 2.84 2.84 2.85 2.85 2.85 2.86 2.86 2.86
3.40 3.40 3.39 3.32 3.32 3.21 3.21 3.20 3.20 3.20 3.23 3.18 3.19 3.18 3.18 3.28 3.28 3.28 3.24 3.24 3.21 3.21 3.21 3.21 3.21 3.17 3.17 3.16 3.15 3.15 3.10 3.09 3.08 3.06 3.08 3.07 3.02 3.01 2.97 2.96 2.94 2.94 2.93 2.92 2.88 2.87 2.87 2.89 2.88 2.84 2.81 2.81 2.68 2.69 2.69 2.70 2.73 2.73 2.74 2.76 2.76 2.77 2.78 2.78 2.77 2.77 2.77 2.77 2.77 2.76 2.76 2.76 2.76 2.79 2.80 2.81 2.81 2.85 2.85 2.86 2.86 2.86 2.86 2.85
3.40 3.39 3.39 3.38 3.37 3.31 3.28 3.22 3.22 3.22 3.21 3.18 3.18 3.18 3.18 3.18 3.27 3.27 3.25 3.25 3.20 3.20 3.20 3.20 3.20 3.20 3.15 3.15 3.14 3.10 3.09 3.08 3.06 3.05 3.04 3.06 3.01 3.00 2.96 2.95 2.94 2.94 2.92 2.91 2.88 2.87 2.86 2.88 2.87 2.83 2.81 2.80 2.78 2.68 2.70 2.73 2.73 2.73 2.74 2.76 2.77 2.77 2.77 2.77 2.78 2.77 2.77 2.77 2.76 2.76 2.76 2.76 2.76 2.80 2.81 2.82 2.82 2.85 2.86 2.86 2.86 2.84 2.85 2.85
3.40 3.39 3.38 3.38 3.37 3.36 3.28 3.27 3.21 3.20 3.17 3.16 3.17 3.17 3.17 3.17 3.27 3.26 3.24 3.24 3.24 3.20 3.20 3.19 3.19 3.19 3.19 3.14 3.10 3.09 3.08 3.06 3.05 3.04 3.03 3.05 3.04 2.99 2.95 2.94 2.93 2.93 2.91 2.89 2.88 2.86 2.85 2.87 2.86 2.82 2.81 2.80 2.77 2.69 2.69 2.72 2.73 2.73 2.74 2.74 2.77 2.77 2.77 2.77 2.77 2.78 2.77 2.76 2.76 2.76 2.75 2.76 2.79 2.80 2.81 2.82 2.83 2.84 2.86 2.86 2.84 2.84 2.83 2.83
3.38 3.39 3.38 3.37 3.37 3.36 3.35 3.34 3.24 3.24 3.24 3.15 3.15 3.16 3.16 3.16 3.16 3.24 3.23 3.23 3.23 3.23 3.19 3.18 3.18 3.18 3.18 3.18 3.09 3.08 3.06 3.05 3.04 3.03 3.02 3.01 2.99 2.98 2.96 2.94 2.92 2.92 2.90 2.89 2.88 2.87 2.87 2.85 2.85 2.84 2.80 2.80 2.68 2.69 2.69 2.72 2.73 2.73 2.74 2.74 2.75 2.77 2.77 2.77 2.77 2.77 2.77 2.76 2.76 2.76 2.75 2.78 2.79 2.80 2.81 2.83 2.84 2.81 2.81 2.81 2.81 2.83 2.83 2.83
3.37 3.36 3.38 3.37 3.36 3.36 3.32 3.33 3.32 3.24 3.23 3.23 3.14 3.15 3.15 3.15 3.13 3.13 3.22 3.22 3.22 3.23 3.23 3.17 3.17 3.17 3.17 3.13 3.08 3.07 3.05 3.04 3.05 3.04 2.99 2.98 3.00 2.97 2.95 2.93 2.94 2.92 2.91 2.88 2.87 2.88 2.88 2.84 2.84 2.82 2.79 2.67 2.68 2.69 2.67 2.68 2.73 2.73 2.73 2.74 2.74 2.76 2.76 2.76 2.77 2.78 2.77 2.76 2.76 2.76 2.76 2.79 2.80 2.81 2.82 2.83 2.81 2.81 2.81 2.81 2.80 2.80 2.83 2.83
3.37 3.36 3.35 3.35 3.33 3.32 3.32 3.31 3.32 3.23 3.23 3.23 3.23 3.13 3.14 3.14 3.12 3.12 3.21 3.21 3.22 3.22 3.22 3.23 3.16 3.16 3.12 3.11 3.11 3.05 3.04 3.05 3.04 3.07 2.99 2.98 2.99 2.98 2.95 2.96 2.93 2.91 2.90 2.89 2.86 2.88 2.87 2.83 2.83 2.78 2.69 2.67 2.67 2.68 2.68 2.69 2.67 2.73 2.73 2.73 2.74 2.74 2.76 2.76 2.77 2.77 2.77 2.77 2.76 2.76 2.79 2.79 2.80 2.81 2.82 2.79 2.80 2.80 2.81 2.81 2.80 2.80 2.80 2.80
3.36 3.36 3.35 3.33 3.33 3.32 3.31 3.31 3.30 3.23 3.22 3.22 3.22 3.22 3.19 3.11 3.10 3.10 3.13 3.14 3.21 3.21 3.22 3.22 3.22 3.23 3.23 3.10 3.09 3.16 3.13 3.09 3.08 3.08 3.07 2.97 2.99 2.96 2.94 2.95 2.94 2.93 2.89 2.88 2.85 2.87 2.86 2.83 2.77 2.77 2.69 2.66 2.65 2.67 2.68 2.68 2.69 2.69 2.73 2.73 2.73 2.74 2.75 2.76 2.77 2.77 2.77 2.77 2.76 2.75 2.75 2.80 2.80 2.80 2.78 2.79 2.80 2.80 2.80 2.80 2.80 2.80 2.80 2.80
3.36 3.35 3.34 3.33 3.33 3.32 3.31 3.31 3.30 3.22 3.22 3.22 3.22 3.22 3.18 3.18 3.10 3.13 3.14 3.14 3.13 3.13 3.21 3.28 3.28 3.29 3.23 3.15 3.15 3.13 3.13 3.10 3.09 3.08 3.07 3.09 3.06 3.05 3.04 3.02 2.94 2.93 2.92 2.88 2.87 2.85 2.84 2.70 2.70 2.66 2.66 2.67 2.64 2.66 2.67 2.67 2.68 2.69 2.73 2.73 2.74 2.74 2.75 2.75 2.75 2.76 2.76 2.76 2.76 2.76 2.75 2.79 2.78 2.78 2.79 2.79 2.79 2.80 2.80 2.80 2.80 2.80 2.80 2.80
3.36 3.34 3.34 3.33 3.33 3.35 3.35 3.34 3.33 3.33 3.32 3.21 3.23 3.22 3.22 3.22 3.17 3.16 3.21 3.13 3.13 3.19 3.19 3.19 3.28 3.29 3.25 3.22 3.14 3.16 3.16 3.15 3.14 3.08 3.08 3.07 3.07 3.05 3.04 3.02 2.93 2.92 2.91 2.87 2.86 2.85 2.73 2.70 2.66 2.66 2.66 2.66 2.65 2.66 2.66 2.67 2.68 2.69 2.69 2.69 2.74 2.76 2.75 2.75 2.74 2.74 2.74 2.74 2.76 2.76 2.76 2.79 2.77 2.78 2.78 2.79 2.79 2.79 2.77 2.77 2.78 2.78 2.78 2.80
3.33 3.38 3.37 3.37 3.37 3.35 3.35 3.34 3.33 3.33 3.32 3.33 3.22 3.22 3.22 3.22 3.24 3.15 3.21 3.26 3.26 3.19 3.19 3.20 3.16 3.16 3.26 3.12 3.21 3.16 3.16 3.15 3.14 3.15 3.08 3.07 3.07 3.05 3.04 3.02 3.01 2.92 2.88 2.86 2.85 2.84 2.73 2.69 2.65 2.65 2.66 2.66 2.65 2.65 2.67 2.67 2.68 2.68 2.68 2.69 2.69 2.72 2.74 2.74 2.74 2.74 2.74 2.74 2.73 2.73 2.78 2.75 2.77 2.78 2.78 2.78 2.76 2.77 2.77 2.77 2.77 2.78 2.78 2.78
3.32 3.32 3.37 3.37 3.37 3.36 3.36 3.35 3.35 3.35 3.34 3.33 3.33 3.32 3.23 3.23 3.20 3.24 3.26 3.26 3.26 3.26 3.22 3.16 3.16 3.17 3.15 3.13 3.13 3.21 3.20 3.17 3.16 3.15 3.14 3.08 3.07 3.05 3.04 3.02 3.01 2.96 2.87 2.86 2.84 2.74 2.74 2.69 2.68 2.65 2.65 2.65 2.68 2.66 2.66 2.67 2.67 2.67 2.65 2.66 2.69 2.69 2.73 2.73 2.74 2.74 2.72 2.72 2.72 2.72 2.75 2.75 2.75 2.75 2.78 2.76 2.76 2.76 2.77 2.76 2.77 2.77 2.78 2.78
3.32 3.32 3.32 3.37 3.37 3.37 3.36 3.36 3.35 3.35 3.34 3.33 3.33 3.32 3.23 3.28 3.22 3.22 3.24 3.26 3.22 3.22 3.23 3.23 3.23 3.16 3.15 3.14 3.13 3.12 3.20 3.17 3.16 3.15 3.14 3.13 3.09 3.09 3.08 3.00 2.98 2.96 2.86 2.85 2.75 2.73 2.72 2.70 2.68 2.68 2.66 2.69 2.69 2.66 2.66 2.66 2.66 2.67 2.64 2.64 2.68 2.68 2.69 2.72 2.72 2.72 2.72 2.73 2.72 2.74 2.75 2.77 2.74 2.74 2.75 2.75 2.76 2.76 2.76 2.77 2.77 2.77 2.77 2.78
3.31 3.31 3.31 3.32 3.37 3.37 3.37 3.36 3.34 3.36 3.35 3.34 3.36 3.33 3.32 3.31 3.22 3.22 3.20 3.21 3.23 3.23 3.24 3.24 3.23 3.23 3.15 3.15 3.14 3.13 3.12 3.18 3.17 3.15 3.14 3.13 3.09 3.08 3.08 3.00 2.90 2.88 2.86 2.85 2.83 2.73 2.72 2.70 2.70 2.68 2.65 2.68 2.67 2.67 2.66 2.66 2.66 2.65 2.65 2.67 2.67 2.68 2.67 2.67 2.71 2.71 2.71 2.72 2.74 2.75 2.76 2.77 2.77 2.76 2.76 2.77 2.75 2.75 2.76 2.76 2.76 2.77 2.77 2.78
3.31 3.31 3.30 3.30 3.30 3.30 3.38 3.36 3.35 3.39 3.38 3.38 3.35 3.34 3.32 3.31 3.22 3.22 3.20 3.21 3.22 3.24 3.25 3.24 3.24 3.24 3.24 3.16 3.15 3.14 3.13 3.12 3.17 3.16 3.14 3.13 3.10 2.97 3.07 2.96 2.91 2.89 2.87 2.85 2.83 2.73 2.72 2.70 2.71 2.67 2.70 2.68 2.66 2.67 2.65 2.65 2.64 2.64 2.64 2.65 2.67 2.66 2.66 2.66 2.67 2.70 2.70 2.73 2.74 2.75 2.75 2.76 2.76 2.76 2.76 2.76 2.76 2.76 2.77 2.76 2.78 2.76 2.79 2.80
3.29 3.30 3.30 3.31 3.31 3.31 3.31 3.31 3.41 3.40 3.40 3.37 3.36 3.35 3.34 3.32 3.31 3.20 3.21 3.22 3.23 3.24 3.25 3.25 3.25 3.25 3.25 3.25 3.17 3.16 3.14 3.13 3.12 3.08 3.07 3.05 2.99 2.98 2.96 2.97 2.95 2.90 2.88 2.86 2.84 2.83 2.81 2.71 2.71 2.71 2.70 2.70 2.65 2.65 2.65 2.64 2.64 2.64 2.64 2.64 2.64 2.65 2.65 2.66 2.66 2.66 2.71 2.72 2.73 2.74 2.75 2.75 2.75 2.75 2.75 2.75 2.75 2.76 2.76 2.77 2.77 2.78 2.78 2.79
3.31 3.31 3.31 3.32 3.32 3.32 3.36 3.36 3.36 3.36 3.39 3.39 3.38 3.37 3.35 3.34 3.31 3.31 3.23 3.24 3.25 3.27 3.27 3.27 3.27 3.27 3.27 3.26 3.18 3.17 3.16 3.14 3.13 3.09 3.08 3.01 2.99 2.99 2.97 2.98 2.92 2.87 2.85 2.84 2.82 2.78 2.77 2.68 2.71 2.66 2.70 2.69 2.69 2.65 2.65 2.63 2.63 2.64 2.64 2.64 2.63 2.64 2.65 2.65 2.65 2.71 2.72 2.71 2.72 2.73 2.74 2.74 2.74 2.74 2.74 2.74 2.74 2.75 2.75 2.76 2.76 2.77 2.78 2.78
3.33 3.33 3.33 3.33 3.33 3.37 3.38 3.37 3.37 3.37 3.37 3.41 3.40 3.39 3.38 3.37 3.34 3.34 3.25 3.26 3.28 3.29 3.29 3.30 3.29 3.29 3.28 3.27 3.26 3.18 3.17 3.16 3.15 3.11 3.09 3.02 2.98 2.96 2.98 2.95 2.93 2.87 2.85 2.83 2.83 2.78 2.77 2.68 2.67 2.66 2.68 2.68 2.69 2.64 2.65 2.63 2.63 2.63 2.63 2.62 2.62 2.62 2.64 2.64 2.71 2.71 2.72 2.72 2.71 2.72 2.72 2.72 2.73 2.73 2.74 2.74 2.74 2.74 2.75 2.75 2.76 2.76 2.76 2.77
3.34 3.34 3.34 3.39 3.39 3.36 3.36 3.36 3.36 3.36 3.39 3.41 3.42 3.41 3.40 3.37 3.36 3.36 3.26 3.27 3.30 3.30 3.31 3.31 3.32 3.28 3.28 3.29 3.28 3.27 3.19 3.18 3.16 3.09 3.05 3.03 2.99 2.97 2.99 2.96 2.94 2.88 2.86 2.84 2.80 2.79 2.77 2.68 2.67 2.65 2.67 2.67 2.64 2.64 2.64 2.68 2.63 2.63 2.63 2.62 2.62 2.62 2.65 2.71 2.71 2.71 2.72 2.72 2.72 2.76 2.71 2.71 2.72 2.73 2.73 2.73 2.78 2.74 2.78 2.78 2.79 2.79 2.80 2.76
3.36 3.40 3.40 3.37 3.37 3.37 3.37 3.37 3.37 3.37 3.37 3.37 3.40 3.39 3.37 3.35 3.39 3.39 3.28 3.29 3.32 3.32 3.33 3.33 3.34 3.30 3.30 3.31 3.30 3.24 3.20 3.15 3.09 3.07 3.06 3.04 3.00 2.98 2.96 2.97 2.94 2.89 2.87 2.85 2.81 2.79 2.78 2.68 2.67 2.67 2.67 2.67 2.63 2.63 2.67 2.67 2.69 2.69 2.68 2.68 2.61 2.65 2.66 2.66 2.71 2.71 2.71 2.72 2.75 2.76 2.76 2.70 2.75 2.76 2.76 2.77 2.77 2.77 2.77 2.78 2.78 2.79 2.79 2.80
