data/SP espacial/F22022017.grd
DSAA
132	56
0.0000	120.0000
0.0000	50.0000
3.4093	6.0100
[rows 0 to 37 of 56, columns 0 to 83 of 132]
6.01 5.24 5.21 5.20 5.20 5.20 5.22 5.25 5.28 5.32 5.37 5.44 5.50 5.60 5.65 5.70 5.75 5.79 5.83 5.86 5.89 5.92 5.91 5.81 5.71 5.61 5.51 5.41 5.35 5.25 5.15 5.06 4.90 4.82 4.74 4.67 4.61 4.48 4.44 4.43 4.40 4.37 4.35 4.34 4.24 4.25 4.26 4.26 4.27 4.27 4.34 4.35 4.18 4.17 4.14 4.26 4.22 4.18 4.12 4.08 4.03 3.98 3.92 3.87 3.84 3.77 3.76 3.80 3.84 3.83 3.87 3.92 3.97 4.03 4.12 4.19 4.25 4.33 4.50 4.55 4.61 4.56 4.61 4.64
5.18 5.18 5.17 5.16 5.16 5.17 5.19 5.22 5.26 5.31 5.35 5.41 5.49 5.55 5.66 5.71 5.75 5.79 5.83 5.86 5.89 5.90 5.86 5.79 5.70 5.60 5.50 5.39 5.33 5.23 5.13 4.96 4.87 4.78 4.70 4.63 4.57 4.44 4.40 4.39 4.36 4.34 4.32 4.31 4.22 4.23 4.24 4.24 4.25 4.27 4.34 4.19 4.19 4.17 4.15 4.26 4.22 4.18 4.13 4.08 4.04 3.99 3.93 3.88 3.85 3.80 3.78 3.80 3.78 3.83 3.87 3.92 3.97 4.03 4.13 4.20 4.26 4.34 4.40 4.56 4.53 4.58 4.62 4.66
5.09 5.10 5.10 5.10 5.11 5.13 5.15 5.19 5.23 5.28 5.34 5.39 5.45 5.54 5.57 5.70 5.74 5.78 5.82 5.85 5.86 5.86 5.81 5.75 5.67 5.57 5.47 5.36 5.30 5.19 5.09 4.93 4.83 4.74 4.66 4.58 4.52 4.39 4.35 4.34 4.31 4.30 4.29 4.28 4.20 4.21 4.23 4.23 4.25 4.26 4.33 4.20 4.19 4.18 4.16 4.26 4.23 4.19 4.14 4.10 4.06 4.01 3.95 3.89 3.87 3.83 3.82 3.82 3.80 3.84 3.88 3.93 3.98 4.04 4.14 4.21 4.27 4.36 4.42 4.58 4.55 4.60 4.65 4.68
4.99 5.01 5.02 5.04 5.06 5.08 5.11 5.15 5.19 5.26 5.31 5.37 5.43 5.50 5.56 5.68 5.73 5.77 5.80 5.82 5.82 5.81 5.75 5.70 5.62 5.53 5.43 5.32 5.25 5.15 4.94 4.80 4.78 4.69 4.61 4.53 4.47 4.41 4.30 4.29 4.27 4.26 4.25 4.26 4.18 4.20 4.22 4.23 4.25 4.26 4.20 4.21 4.20 4.19 4.17 4.27 4.24 4.21 4.13 4.12 4.08 4.03 3.99 3.92 3.88 3.87 3.85 3.81 3.82 3.86 3.90 3.95 4.00 4.10 4.16 4.23 4.29 4.33 4.40 4.50 4.58 4.63 4.68 4.71
4.91 4.93 4.95 4.97 5.00 5.03 5.07 5.11 5.16 5.22 5.28 5.35 5.41 5.47 5.53 5.60 5.71 5.74 5.77 5.78 5.78 5.76 5.70 5.64 5.56 5.47 5.37 5.27 5.20 5.00 4.89 4.76 4.65 4.64 4.56 4.48 4.41 4.36 4.26 4.25 4.23 4.22 4.22 4.23 4.16 4.18 4.21 4.22 4.25 4.27 4.21 4.22 4.22 4.21 4.19 4.23 4.26 4.23 4.16 4.12 4.11 4.07 4.02 3.96 3.92 3.92 3.90 3.85 3.85 3.88 3.92 3.97 4.05 4.12 4.18 4.26 4.33 4.37 4.43 4.49 4.62 4.67 4.71 4.75
4.82 4.85 4.87 4.90 4.94 4.97 5.02 5.07 5.12 5.19 5.25 5.32 5.39 5.45 5.52 5.57 5.63 5.72 5.74 5.74 5.73 5.70 5.64 5.57 5.50 5.41 5.31 5.21 5.05 4.94 4.84 4.71 4.61 4.58 4.50 4.43 4.36 4.31 4.27 4.19 4.19 4.18 4.14 4.15 4.19 4.22 4.20 4.22 4.28 4.30 4.22 4.23 4.24 4.23 4.22 4.31 4.29 4.26 4.20 4.16 4.12 4.11 4.06 4.00 3.97 3.93 3.90 3.89 3.89 3.91 3.94 3.99 4.07 4.14 4.22 4.29 4.37 4.42 4.48 4.54 4.57 4.70 4.75 4.78
4.74 4.77 4.80 4.83 4.87 4.92 4.97 5.02 5.08 5.14 5.21 5.29 5.36 5.43 5.50 5.56 5.61 5.64 5.70 5.70 5.68 5.64 5.58 5.51 5.43 5.34 5.25 5.13 5.00 4.89 4.78 4.65 4.55 4.46 4.44 4.37 4.31 4.26 4.23 4.20 4.19 4.18 4.11 4.12 4.17 4.20 4.23 4.17 4.20 4.20 4.24 4.25 4.26 4.26 4.25 4.34 4.32 4.29 4.24 4.20 4.20 4.15 4.11 4.06 4.02 3.98 3.95 3.93 3.93 3.94 3.97 4.03 4.10 4.17 4.25 4.33 4.41 4.47 4.54 4.59 4.69 4.74 4.79 4.82
4.67 4.69 4.73 4.77 4.82 4.87 4.92 4.98 5.04 5.10 5.17 5.25 5.33 5.41 5.48 5.55 5.60 5.66 5.63 5.65 5.62 5.58 5.51 5.44 5.36 5.22 5.16 5.06 4.92 4.83 4.72 4.60 4.50 4.41 4.33 4.31 4.25 4.18 4.15 4.18 4.15 4.15 4.09 4.12 4.15 4.19 4.22 4.17 4.21 4.24 4.23 4.28 4.29 4.29 4.29 4.37 4.35 4.33 4.28 4.28 4.25 4.18 4.17 4.11 4.08 4.04 4.00 3.98 3.96 3.96 4.01 4.05 4.12 4.20 4.29 4.38 4.47 4.53 4.60 4.65 4.74 4.79 4.83 4.85
4.59 4.62 4.66 4.71 4.76 4.82 4.88 4.94 5.00 5.06 5.13 5.21 5.30 5.39 5.47 5.54 5.59 5.65 5.64 5.58 5.58 5.50 5.44 5.37 5.27 5.19 5.10 5.00 4.86 4.75 4.66 4.54 4.44 4.34 4.27 4.21 4.18 4.15 4.13 4.14 4.13 4.12 4.06 4.10 4.13 4.17 4.16 4.18 4.22 4.25 4.25 4.28 4.32 4.32 4.32 4.33 4.38 4.37 4.35 4.33 4.30 4.25 4.21 4.18 4.14 4.09 4.05 4.02 4.00 3.99 4.03 4.07 4.14 4.23 4.34 4.44 4.54 4.61 4.67 4.72 4.72 4.84 4.87 4.90
4.59 4.62 4.61 4.66 4.72 4.78 4.84 4.90 4.96 5.02 5.09 5.17 5.26 5.36 5.46 5.54 5.60 5.64 5.61 5.56 5.51 5.42 5.36 5.26 5.20 5.12 5.04 4.94 4.82 4.70 4.59 4.48 4.37 4.28 4.22 4.17 4.14 4.11 4.11 4.09 4.11 4.08 4.09 4.08 4.11 4.12 4.16 4.18 4.23 4.26 4.28 4.31 4.35 4.36 4.37 4.37 4.42 4.41 4.40 4.38 4.36 4.31 4.28 4.24 4.20 4.15 4.11 4.07 4.04 4.04 4.04 4.08 4.16 4.27 4.39 4.50 4.61 4.69 4.75 4.76 4.79 4.90 4.92 4.95
4.52 4.56 4.62 4.69 4.69 4.75 4.81 4.87 4.93 4.99 5.05 5.13 5.23 5.34 5.45 5.54 5.61 5.63 5.59 5.52 5.44 5.35 5.25 5.19 5.13 5.05 4.97 4.89 4.77 4.66 4.54 4.43 4.31 4.22 4.17 4.14 4.12 4.10 4.09 4.08 4.09 4.06 4.07 4.09 4.10 4.11 4.16 4.19 4.24 4.28 4.32 4.34 4.35 4.40 4.41 4.41 4.42 4.45 4.44 4.44 4.43 4.39 4.34 4.30 4.26 4.22 4.18 4.13 4.10 4.07 4.06 4.08 4.18 4.31 4.44 4.58 4.70 4.78 4.80 4.83 4.86 4.88 4.97 4.99
4.45 4.53 4.60 4.67 4.74 4.80 4.80 4.85 4.91 4.96 5.02 5.07 5.19 5.30 5.41 5.52 5.62 5.61 5.54 5.46 5.38 5.27 5.18 5.12 5.06 4.99 4.91 4.84 4.73 4.62 4.50 4.38 4.26 4.17 4.13 4.11 4.10 4.09 4.08 4.07 4.06 4.06 4.08 4.08 4.06 4.12 4.17 4.22 4.26 4.30 4.35 4.37 4.39 4.41 4.45 4.45 4.48 4.48 4.49 4.49 4.50 4.45 4.40 4.36 4.32 4.28 4.24 4.19 4.15 4.12 4.09 4.08 4.21 4.36 4.50 4.64 4.78 4.84 4.87 4.90 4.92 4.94 5.01 5.03
4.51 4.55 4.61 4.68 4.73 4.79 4.84 4.89 4.89 4.95 5.00 5.08 5.16 5.26 5.36 5.45 5.52 5.51 5.46 5.38 5.30 5.22 5.14 5.07 5.00 4.93 4.85 4.77 4.68 4.57 4.46 4.35 4.25 4.17 4.13 4.10 4.08 4.07 4.07 4.08 4.07 4.08 4.09 4.07 4.12 4.16 4.19 4.24 4.29 4.33 4.38 4.40 4.43 4.46 4.49 4.50 4.52 4.52 4.52 4.52 4.51 4.49 4.45 4.41 4.37 4.34 4.30 4.25 4.22 4.19 4.18 4.20 4.30 4.43 4.56 4.70 4.82 4.88 4.93 4.96 4.98 4.99 5.06 5.07
4.57 4.60 4.65 4.69 4.74 4.79 4.84 4.88 4.92 4.96 4.99 5.06 5.13 5.21 5.29 5.36 5.40 5.40 5.36 5.30 5.24 5.17 5.09 5.03 4.95 4.87 4.80 4.72 4.63 4.53 4.43 4.33 4.24 4.17 4.13 4.10 4.08 4.07 4.08 4.09 4.10 4.11 4.10 4.11 4.15 4.19 4.22 4.27 4.32 4.37 4.40 4.44 4.47 4.50 4.53 4.54 4.55 4.55 4.55 4.54 4.53 4.51 4.48 4.45 4.42 4.38 4.34 4.31 4.29 4.27 4.28 4.32 4.40 4.50 4.62 4.74 4.84 4.92 4.97 5.00 5.03 5.04 5.10 5.10
4.63 4.65 4.69 4.72 4.76 4.80 4.83 4.87 4.90 4.94 4.98 5.03 5.09 5.15 5.22 5.26 5.29 5.29 5.26 5.22 5.17 5.11 5.04 4.98 4.91 4.82 4.75 4.67 4.58 4.49 4.40 4.31 4.23 4.17 4.13 4.10 4.09 4.08 4.09 4.11 4.10 4.12 4.14 4.16 4.19 4.23 4.27 4.32 4.36 4.40 4.44 4.48 4.52 4.55 4.57 4.58 4.59 4.59 4.57 4.57 4.56 4.53 4.51 4.48 4.46 4.43 4.40 4.37 4.36 4.35 4.37 4.41 4.49 4.58 4.69 4.79 4.88 4.96 5.01 5.05 5.07 5.08 5.13 5.13
4.68 4.70 4.73 4.75 4.78 4.80 4.83 4.86 4.88 4.92 4.95 4.99 5.04 5.08 5.13 5.17 5.19 5.19 5.17 5.14 5.10 5.04 4.99 4.92 4.86 4.79 4.70 4.62 4.54 4.46 4.37 4.29 4.22 4.16 4.13 4.10 4.09 4.10 4.11 4.12 4.13 4.16 4.18 4.21 4.24 4.28 4.31 4.36 4.40 4.44 4.49 4.53 4.56 4.59 4.61 4.62 4.62 4.62 4.60 4.59 4.58 4.56 4.54 4.52 4.49 4.46 4.44 4.43 4.42 4.43 4.45 4.50 4.57 4.65 4.75 4.85 4.93 5.00 5.05 5.09 5.11 5.11 5.16 5.16
4.76 4.75 4.77 4.78 4.80 4.81 4.83 4.84 4.86 4.89 4.92 4.95 4.98 5.02 5.06 5.08 5.09 5.09 5.07 5.05 5.01 4.97 4.92 4.87 4.80 4.74 4.65 4.58 4.50 4.43 4.35 4.27 4.21 4.16 4.12 4.11 4.11 4.11 4.13 4.15 4.17 4.19 4.22 4.25 4.29 4.32 4.36 4.41 4.45 4.49 4.53 4.57 4.60 4.63 4.65 4.66 4.66 4.64 4.63 4.61 4.60 4.58 4.56 4.55 4.53 4.50 4.48 4.48 4.48 4.49 4.52 4.57 4.63 4.72 4.81 4.90 4.98 5.05 5.10 5.13 5.14 5.15 5.19 5.18
4.82 4.83 4.80 4.81 4.81 4.82 4.82 4.83 4.84 4.86 4.88 4.91 4.93 4.96 4.99 5.00 5.01 5.00 4.99 4.95 4.94 4.90 4.85 4.81 4.74 4.69 4.63 4.55 4.48 4.40 4.32 4.25 4.19 4.14 4.12 4.12 4.12 4.13 4.15 4.17 4.20 4.23 4.26 4.30 4.34 4.37 4.41 4.45 4.50 4.54 4.57 4.61 4.64 4.67 4.69 4.69 4.69 4.67 4.65 4.63 4.62 4.60 4.59 4.57 4.55 4.54 4.52 4.52 4.52 4.54 4.57 4.62 4.69 4.77 4.86 4.95 5.03 5.10 5.15 5.17 5.18 5.18 5.17 5.13
4.81 4.82 4.82 4.83 4.82 4.81 4.81 4.81 4.82 4.83 4.85 4.86 4.88 4.90 4.92 4.92 4.95 4.94 4.89 4.87 4.85 4.82 4.78 4.74 4.70 4.65 4.60 4.56 4.49 4.38 4.31 4.23 4.17 4.13 4.12 4.11 4.12 4.14 4.16 4.19 4.23 4.27 4.31 4.35 4.38 4.42 4.46 4.50 4.54 4.58 4.62 4.65 4.69 4.71 4.72 4.73 4.71 4.70 4.67 4.65 4.62 4.62 4.60 4.59 4.58 4.57 4.56 4.55 4.56 4.57 4.60 4.64 4.72 4.81 4.91 5.00 5.09 5.15 5.18 5.20 5.21 5.20 5.17 5.15
4.84 4.84 4.83 4.82 4.81 4.81 4.80 4.80 4.80 4.80 4.82 4.82 4.86 4.87 4.87 4.87 4.87 4.85 4.80 4.78 4.77 4.74 4.71 4.68 4.65 4.60 4.56 4.54 4.47 4.40 4.31 4.24 4.18 4.13 4.10 4.10 4.12 4.14 4.17 4.22 4.26 4.30 4.35 4.39 4.44 4.48 4.51 4.55 4.59 4.63 4.66 4.69 4.73 4.74 4.75 4.76 4.73 4.71 4.68 4.65 4.63 4.61 4.62 4.61 4.60 4.60 4.59 4.58 4.58 4.59 4.60 4.65 4.73 4.83 4.93 5.04 5.14 5.20 5.23 5.23 5.23 5.21 5.18 5.16
4.88 4.87 4.84 4.82 4.79 4.78 4.77 4.74 4.75 4.76 4.78 4.79 4.80 4.80 4.80 4.79 4.78 4.77 4.75 4.73 4.69 4.66 4.64 4.62 4.62 4.60 4.57 4.52 4.46 4.38 4.30 4.22 4.15 4.11 4.09 4.09 4.12 4.15 4.18 4.23 4.28 4.34 4.39 4.44 4.49 4.53 4.56 4.60 4.63 4.67 4.70 4.73 4.76 4.78 4.79 4.78 4.75 4.72 4.69 4.65 4.63 4.62 4.61 4.60 4.63 4.63 4.62 4.60 4.57 4.57 4.60 4.65 4.73 4.84 4.96 5.08 5.18 5.25 5.26 5.25 5.24 5.22 5.19 5.16
4.90 4.87 4.83 4.80 4.77 4.74 4.73 4.70 4.71 4.72 4.73 4.74 4.74 4.73 4.72 4.71 4.70 4.68 4.67 4.65 4.62 4.58 4.56 4.57 4.57 4.56 4.55 4.51 4.45 4.36 4.27 4.19 4.12 4.08 4.07 4.08 4.12 4.15 4.19 4.24 4.31 4.37 4.43 4.49 4.54 4.57 4.60 4.64 4.67 4.71 4.74 4.77 4.79 4.81 4.82 4.81 4.77 4.74 4.70 4.66 4.63 4.61 4.61 4.61 4.62 4.65 4.64 4.60 4.58 4.57 4.58 4.62 4.72 4.85 4.98 5.12 5.24 5.30 5.30 5.27 5.25 5.22 5.19 5.15
4.92 4.86 4.81 4.76 4.72 4.70 4.67 4.66 4.66 4.66 4.67 4.68 4.67 4.65 4.64 4.62 4.60 4.60 4.58 4.57 4.55 4.52 4.50 4.51 4.51 4.51 4.51 4.50 4.43 4.34 4.25 4.17 4.09 4.04 4.06 4.08 4.11 4.15 4.20 4.26 4.32 4.39 4.46 4.53 4.58 4.61 4.64 4.67 4.71 4.74 4.77 4.80 4.81 4.83 4.85 4.83 4.79 4.75 4.70 4.66 4.62 4.60 4.60 4.61 4.62 4.65 4.64 4.61 4.58 4.56 4.56 4.57 4.70 4.84 4.98 5.13 5.28 5.33 5.30 5.27 5.24 5.20 5.15 5.11
4.85 4.81 4.76 4.72 4.68 4.65 4.60 4.59 4.59 4.59 4.59 4.59 4.58 4.57 4.55 4.54 4.53 4.51 4.51 4.49 4.48 4.45 4.44 4.46 4.46 4.46 4.45 4.43 4.37 4.30 4.22 4.15 4.09 4.06 4.07 4.09 4.11 4.16 4.21 4.27 4.33 4.41 4.48 4.54 4.60 4.63 4.66 4.70 4.73 4.76 4.79 4.82 4.83 4.84 4.85 4.84 4.79 4.75 4.70 4.66 4.63 4.60 4.60 4.60 4.61 4.62 4.61 4.59 4.57 4.56 4.57 4.61 4.71 4.83 4.96 5.10 5.22 5.27 5.26 5.24 5.20 5.16 5.12 5.07
4.78 4.75 4.70 4.66 4.62 4.55 4.53 4.52 4.51 4.50 4.50 4.49 4.48 4.47 4.46 4.45 4.44 4.43 4.43 4.42 4.40 4.40 4.39 4.39 4.41 4.40 4.38 4.36 4.31 4.25 4.19 4.14 4.09 4.08 4.08 4.09 4.12 4.16 4.21 4.28 4.34 4.42 4.49 4.55 4.61 4.65 4.68 4.72 4.75 4.78 4.81 4.83 4.84 4.85 4.84 4.82 4.80 4.74 4.70 4.66 4.63 4.60 4.58 4.58 4.58 4.58 4.58 4.57 4.56 4.56 4.58 4.63 4.70 4.81 4.92 5.04 5.14 5.19 5.19 5.18 5.15 5.11 5.07 5.03
4.71 4.67 4.63 4.59 4.51 4.48 4.46 4.44 4.42 4.41 4.40 4.39 4.38 4.37 4.36 4.35 4.36 4.35 4.35 4.34 4.34 4.35 4.35 4.34 4.34 4.32 4.31 4.29 4.26 4.20 4.17 4.13 4.10 4.08 4.08 4.10 4.12 4.16 4.22 4.28 4.35 4.43 4.49 4.56 4.61 4.66 4.70 4.74 4.77 4.79 4.82 4.83 4.84 4.84 4.83 4.81 4.78 4.75 4.70 4.66 4.62 4.60 4.58 4.57 4.55 4.54 4.54 4.53 4.55 4.56 4.59 4.62 4.71 4.80 4.90 4.99 5.05 5.10 5.11 5.10 5.08 5.05 5.01 4.97
4.64 4.60 4.56 4.47 4.43 4.40 4.38 4.35 4.33 4.32 4.30 4.28 4.26 4.25 4.25 4.27 4.27 4.28 4.26 4.28 4.29 4.30 4.30 4.29 4.28 4.27 4.26 4.25 4.22 4.17 4.14 4.11 4.09 4.08 4.08 4.09 4.12 4.17 4.23 4.29 4.36 4.44 4.50 4.57 4.62 4.67 4.71 4.75 4.78 4.80 4.82 4.83 4.84 4.84 4.82 4.80 4.77 4.72 4.67 4.63 4.59 4.58 4.55 4.54 4.53 4.52 4.51 4.51 4.52 4.54 4.57 4.62 4.69 4.76 4.83 4.91 4.97 5.01 5.02 5.02 5.01 4.98 4.95 4.91
4.60 4.52 4.42 4.39 4.36 4.33 4.30 4.27 4.25 4.23 4.20 4.17 4.16 4.16 4.15 4.16 4.18 4.19 4.20 4.22 4.24 4.24 4.25 4.26 4.25 4.23 4.22 4.20 4.17 4.13 4.10 4.08 4.06 4.07 4.08 4.10 4.12 4.17 4.23 4.30 4.37 4.44 4.52 4.58 4.63 4.68 4.72 4.76 4.79 4.81 4.83 4.83 4.84 4.83 4.81 4.78 4.74 4.70 4.66 4.62 4.56 4.53 4.52 4.50 4.50 4.49 4.49 4.49 4.48 4.50 4.54 4.59 4.64 4.71 4.77 4.83 4.88 4.92 4.94 4.94 4.92 4.90 4.87 4.83
4.46 4.40 4.39 4.35 4.31 4.27 4.23 4.19 4.16 4.13 4.10 4.08 4.06 4.06 4.06 4.07 4.09 4.11 4.14 4.17 4.19 4.22 4.23 4.23 4.25 4.23 4.20 4.17 4.15 4.11 4.08 4.06 4.04 4.05 4.07 4.10 4.13 4.18 4.24 4.31 4.38 4.45 4.52 4.59 4.64 4.69 4.73 4.77 4.79 4.81 4.83 4.83 4.84 4.82 4.79 4.76 4.72 4.68 4.64 4.59 4.53 4.50 4.48 4.46 4.45 4.44 4.44 4.44 4.46 4.48 4.50 4.54 4.59 4.65 4.70 4.75 4.80 4.83 4.85 4.85 4.84 4.82 4.79 4.76
4.38 4.33 4.29 4.28 4.24 4.20 4.16 4.12 4.08 4.05 4.01 3.99 3.97 3.96 3.97 3.99 4.01 4.03 4.08 4.13 4.17 4.20 4.24 4.25 4.24 4.22 4.19 4.15 4.12 4.10 4.07 4.04 4.03 4.03 4.06 4.09 4.13 4.19 4.25 4.32 4.39 4.46 4.53 4.60 4.66 4.70 4.75 4.77 4.80 4.81 4.83 4.83 4.83 4.81 4.78 4.75 4.70 4.66 4.60 4.55 4.49 4.46 4.43 4.41 4.39 4.38 4.39 4.40 4.41 4.43 4.46 4.49 4.53 4.58 4.63 4.68 4.72 4.74 4.75 4.75 4.74 4.72 4.70 4.67
4.31 4.26 4.23 4.19 4.17 4.14 4.10 4.05 4.01 3.97 3.94 3.91 3.89 3.88 3.88 3.90 3.93 3.97 4.04 4.10 4.16 4.21 4.26 4.26 4.25 4.22 4.18 4.15 4.12 4.08 4.05 4.02 4.01 4.02 4.05 4.09 4.15 4.19 4.26 4.34 4.41 4.48 4.55 4.61 4.67 4.72 4.75 4.78 4.80 4.81 4.82 4.82 4.81 4.80 4.77 4.73 4.68 4.63 4.58 4.53 4.46 4.42 4.38 4.35 4.34 4.32 4.32 4.32 4.35 4.37 4.40 4.41 4.48 4.52 4.56 4.61 4.64 4.66 4.67 4.67 4.65 4.63 4.61 4.58
4.24 4.20 4.17 4.14 4.11 4.09 4.05 4.01 3.96 3.92 3.88 3.84 3.82 3.83 3.82 3.85 3.86 3.91 3.99 4.08 4.19 4.23 4.29 4.29 4.27 4.23 4.20 4.15 4.11 4.08 4.05 4.03 4.01 4.01 4.04 4.09 4.15 4.22 4.27 4.35 4.43 4.49 4.56 4.63 4.68 4.73 4.76 4.78 4.80 4.81 4.81 4.81 4.81 4.79 4.76 4.72 4.68 4.61 4.55 4.48 4.42 4.37 4.34 4.30 4.28 4.26 4.25 4.26 4.27 4.29 4.31 4.34 4.38 4.43 4.48 4.52 4.56 4.58 4.59 4.58 4.57 4.54 4.52 4.48
4.17 4.14 4.12 4.10 4.07 4.04 4.02 3.97 3.93 3.88 3.83 3.79 3.79 3.79 3.77 3.80 3.81 3.88 3.99 4.09 4.21 4.30 4.34 4.34 4.31 4.26 4.21 4.16 4.12 4.09 4.06 4.03 4.00 4.00 4.04 4.10 4.17 4.24 4.29 4.37 4.45 4.51 4.58 4.65 4.70 4.74 4.77 4.78 4.79 4.79 4.80 4.79 4.79 4.78 4.76 4.72 4.66 4.59 4.52 4.45 4.37 4.33 4.28 4.25 4.21 4.19 4.18 4.19 4.21 4.23 4.25 4.27 4.31 4.36 4.40 4.45 4.49 4.50 4.50 4.49 4.48 4.45 4.44 4.42
4.10 4.10 4.09 4.08 4.06 4.03 3.97 3.94 3.90 3.87 3.81 3.76 3.77 3.77 3.77 3.77 3.77 3.86 3.99 4.12 4.22 4.33 4.39 4.37 4.33 4.30 4.24 4.18 4.15 4.12 4.09 4.05 4.01 4.00 4.07 4.13 4.20 4.27 4.33 4.39 4.46 4.53 4.60 4.67 4.72 4.75 4.77 4.78 4.78 4.78 4.78 4.77 4.76 4.76 4.75 4.70 4.63 4.55 4.48 4.41 4.34 4.28 4.24 4.20 4.16 4.12 4.12 4.13 4.15 4.16 4.18 4.20 4.24 4.28 4.33 4.37 4.42 4.43 4.42 4.41 4.40 4.39 4.37 4.35
4.15 4.11 4.09 4.04 4.02 4.00 3.96 3.95 3.91 3.86 3.81 3.79 3.78 3.79 3.79 3.80 3.83 3.91 4.03 4.13 4.24 4.34 4.39 4.39 4.36 4.32 4.29 4.24 4.21 4.18 4.15 4.12 4.09 4.08 4.13 4.19 4.25 4.31 4.36 4.42 4.48 4.56 4.62 4.68 4.72 4.75 4.77 4.77 4.77 4.76 4.76 4.74 4.73 4.72 4.70 4.65 4.58 4.51 4.44 4.37 4.31 4.24 4.20 4.15 4.12 4.06 4.05 4.08 4.09 4.10 4.12 4.14 4.17 4.21 4.24 4.28 4.32 4.34 4.34 4.33 4.32 4.31 4.30 4.29
4.15 4.11 4.08 4.05 4.03 4.00 3.97 3.97 3.93 3.91 3.84 3.84 3.83 3.83 3.84 3.87 3.91 3.99 4.09 4.17 4.27 4.35 4.40 4.41 4.40 4.37 4.36 4.30 4.29 4.26 4.23 4.20 4.18 4.18 4.21 4.26 4.31 4.36 4.40 4.45 4.51 4.58 4.63 4.68 4.72 4.74 4.76 4.76 4.76 4.74 4.73 4.71 4.70 4.67 4.64 4.59 4.53 4.46 4.40 4.34 4.28 4.23 4.16 4.12 4.06 4.03 4.01 4.01 4.05 4.05 4.07 4.08 4.11 4.13 4.16 4.19 4.22 4.24 4.25 4.24 4.24 4.24 4.22 4.21
4.20 4.15 4.12 4.09 4.06 4.07 4.06 4.04 4.00 3.95 3.92 3.89 3.89 3.89 3.91 3.94 3.99 4.05 4.13 4.23 4.32 4.39 4.43 4.45 4.45 4.44 4.41 4.38 4.35 4.32 4.32 4.30 4.28 4.29 4.31 4.34 4.37 4.41 4.45 4.49 4.55 4.60 4.65 4.69 4.72 4.74 4.75 4.75 4.74 4.72 4.70 4.67 4.65 4.62 4.59 4.52 4.48 4.42 4.35 4.30 4.25 4.20 4.13 4.07 4.03 4.01 3.99 3.97 3.97 3.98 4.01 4.02 4.04 4.06 4.08 4.11 4.12 4.15 4.15 4.17 4.18 4.18 4.18 4.16
4.25 4.27 4.22 4.18 4.15 4.11 4.12 4.08 4.04 4.01 3.98 3.96 3.96 3.97 3.99 4.03 4.08 4.14 4.22 4.30 4.38 4.45 4.49 4.52 4.52 4.52 4.50 4.47 4.45 4.42 4.39 4.37 4.37 4.37 4.39 4.41 4.44 4.47 4.50 4.53 4.58 4.63 4.67 4.70 4.72 4.74 4.74 4.73 4.71 4.69 4.67 4.63 4.61 4.57 4.51 4.46 4.40 4.34 4.29 4.23 4.21 4.14 4.11 4.07 4.02 3.99 3.97 3.95 3.95 3.94 3.94 3.97 3.95 3.97 3.98 4.00 4.03 4.05 4.07 4.08 4.10 4.11 4.12 4.13
