data/SP espacial/H_Al_SP.grd
DSAA
132	56
0.0000	120.0000
0.0000	50.0000
33.9710	103.7934
[rows 0 to 33 of 56, columns 0 to 76 of 132]
72.00 77.24 79.64 81.02 81.93 82.58 83.07 83.47 83.81 84.11 83.47 83.73 83.98 84.24 84.85 85.11 85.38 85.65 85.95 86.27 86.65 87.19 87.79 87.21 87.06 87.50 87.57 87.63 87.69 87.73 87.75 88.02 88.92 88.82 88.32 88.14 87.89 87.57 87.70 87.07 86.70 85.31 83.02 78.70 75.98 82.06 84.83 86.40 87.38 88.41 88.89 89.25 89.20 89.38 89.53 90.00 90.08 89.51 89.56 89.59 89.61 89.61 89.59 89.49 89.27 88.69 88.41 88.83 89.05 89.20 89.31 89.39 89.44 89.47 89.48 89.47 89.43
77.21 78.44 80.05 81.20 82.01 82.61 83.07 83.45 83.77 84.06 84.33 83.69 83.94 84.20 84.81 85.09 85.36 85.65 85.94 86.26 86.61 86.99 87.21 87.15 87.11 87.61 87.70 87.78 87.86 87.92 87.95 88.22 89.10 89.01 88.88 88.35 88.11 87.80 87.95 87.91 87.05 85.82 84.00 81.76 81.06 83.41 85.43 86.76 87.63 88.59 89.04 89.06 89.29 89.46 89.58 90.04 90.11 89.55 89.60 89.63 89.64 89.66 89.64 89.57 89.42 89.18 88.73 88.96 89.16 89.31 89.42 89.51 89.57 89.61 89.62 89.62 90.12
79.57 80.01 80.81 81.58 82.20 82.70 83.10 83.44 83.73 84.00 84.26 84.17 83.89 84.16 84.42 85.05 85.33 85.62 85.92 86.21 86.23 86.78 86.97 87.07 87.60 87.72 87.85 87.96 88.06 88.13 88.44 88.72 89.31 89.23 89.11 88.59 88.37 88.09 88.29 88.33 87.62 86.71 85.61 84.58 84.63 85.42 86.48 87.37 88.03 88.87 89.24 89.21 89.40 89.54 89.65 90.08 90.14 89.60 89.64 89.67 89.68 89.71 89.71 89.69 89.64 89.60 89.02 89.16 89.31 89.44 89.56 89.65 89.72 89.77 89.79 90.31 90.27
80.87 81.09 81.51 81.99 82.43 82.82 83.15 83.44 83.69 83.93 84.17 84.08 84.35 84.09 84.37 85.00 85.30 85.59 85.88 86.17 86.15 86.69 86.90 87.08 87.71 87.87 88.03 88.17 88.28 88.64 88.96 88.96 89.55 89.48 88.74 88.59 88.68 88.43 88.68 88.82 88.29 87.67 87.03 86.54 86.72 87.03 87.55 88.07 88.51 89.21 89.20 89.39 89.53 89.64 89.72 90.13 90.17 90.22 89.67 89.70 89.72 89.76 89.78 89.80 89.82 89.85 89.22 89.34 89.47 89.60 89.72 89.82 89.90 89.63 90.49 90.49 90.45
81.65 81.78 82.03 82.33 82.64 82.93 83.19 83.42 83.63 83.84 84.05 83.96 84.23 84.52 84.83 84.61 85.25 85.56 85.86 86.15 86.11 86.37 86.92 87.63 87.84 88.05 88.24 88.41 88.82 89.18 89.23 89.24 89.55 89.77 89.05 88.91 88.73 88.79 88.54 89.34 88.95 88.54 88.16 87.89 88.12 88.23 88.47 88.75 89.00 89.22 89.46 89.58 89.67 89.74 89.79 89.83 90.20 90.24 89.95 89.73 89.76 89.80 89.84 89.89 89.94 90.02 89.38 89.50 89.63 89.77 89.90 90.01 89.79 90.66 90.69 90.69 90.66
82.14 82.23 82.39 82.59 82.81 83.02 83.21 83.38 83.54 83.70 83.88 83.79 84.06 84.38 84.72 85.07 84.89 85.54 85.84 86.14 86.11 86.39 86.98 87.75 88.01 88.26 88.50 88.70 89.38 89.48 89.54 89.56 89.54 89.48 89.39 89.25 89.09 88.90 88.97 89.84 89.57 89.31 89.08 88.91 89.16 89.17 89.25 89.36 89.47 89.57 89.71 89.77 89.81 89.83 89.85 90.20 90.22 90.25 89.96 89.99 89.47 89.82 89.88 89.95 90.03 90.12 89.50 89.64 89.80 89.96 90.11 89.93 90.82 90.88 90.92 90.92 90.90
82.43 82.49 82.61 82.76 82.92 83.07 83.20 83.31 83.40 83.50 83.64 83.54 83.83 84.20 84.59 84.99 85.37 86.03 85.85 86.15 86.13 86.44 87.58 87.90 88.21 88.52 88.81 89.56 89.72 89.83 89.89 89.93 89.92 90.20 89.77 89.63 89.46 89.28 89.67 90.31 90.13 89.98 89.85 89.49 89.41 89.95 89.92 89.91 89.90 89.63 89.96 89.95 89.93 89.91 89.90 90.22 90.22 90.24 89.94 89.97 90.00 90.06 89.89 89.97 90.07 90.19 89.60 89.77 89.96 90.16 90.81 90.96 91.07 91.14 91.19 91.20 91.18
82.56 82.62 82.73 82.86 82.99 83.10 83.17 83.21 83.21 83.22 83.28 83.16 83.50 83.95 84.45 84.92 85.35 85.72 86.37 86.19 86.17 86.50 87.69 88.06 88.44 88.84 89.69 89.96 90.14 90.24 90.30 90.36 90.38 90.33 90.21 90.03 89.83 89.65 89.76 90.18 90.36 90.58 90.28 90.25 90.19 90.06 90.53 90.13 90.02 89.93 90.18 90.10 90.03 89.97 89.92 90.21 90.20 90.20 89.91 89.93 89.96 89.74 90.10 89.96 90.07 89.92 90.10 89.87 90.12 90.83 90.79 91.26 91.38 91.45 91.50 91.53 91.53
82.55 82.62 82.75 82.90 83.02 83.10 83.13 83.08 82.97 82.81 82.71 82.55 82.99 83.62 84.29 84.90 85.40 85.79 86.10 86.73 86.22 86.57 87.47 88.22 89.21 89.69 90.15 90.50 90.67 90.72 90.76 90.85 90.94 90.92 90.74 90.47 90.21 90.26 90.10 90.56 90.81 90.86 90.97 91.05 91.00 90.79 90.84 90.58 90.36 90.54 90.38 90.24 90.10 89.99 89.90 89.85 90.14 90.15 89.86 89.86 89.88 89.67 89.76 90.14 90.02 89.89 90.09 89.94 90.70 90.79 91.15 91.66 91.77 91.80 91.85 91.93 91.98
82.34 82.46 82.69 82.90 83.04 83.11 83.09 82.96 82.69 82.26 81.79 81.47 82.17 83.19 84.15 84.96 85.58 85.95 86.19 86.76 87.10 87.48 87.56 88.89 89.43 90.08 90.77 91.32 91.43 91.28 91.24 91.42 91.71 91.77 91.42 90.94 90.81 90.53 90.38 90.87 90.93 91.38 91.69 92.01 92.02 91.60 91.40 90.98 90.67 90.77 90.56 90.36 90.15 89.96 89.79 89.73 90.03 89.80 89.79 89.74 89.72 89.55 89.68 89.78 90.12 89.76 89.97 90.34 90.54 91.09 91.68 92.30 92.30 92.20 92.23 92.42 92.63
81.75 82.13 82.59 82.90 83.08 83.14 83.09 82.89 82.45 81.65 80.29 79.22 80.89 82.72 84.07 85.17 86.06 86.32 86.32 86.49 87.10 88.02 88.47 88.97 89.60 90.43 91.58 92.85 92.63 91.85 91.63 91.98 92.87 93.28 92.26 91.37 91.06 90.74 90.58 91.10 91.22 91.55 92.19 93.36 93.60 92.78 91.90 91.32 91.26 90.96 90.71 90.46 89.89 89.88 89.50 89.41 89.63 89.75 89.72 89.54 89.35 89.35 89.59 89.71 89.71 89.60 89.94 90.58 90.61 91.41 92.51 93.58 93.06 92.57 92.55 92.99 93.80
80.00 81.85 82.58 82.95 83.15 83.22 83.16 82.93 82.42 81.38 79.00 73.14 79.91 82.51 84.07 85.34 86.94 86.77 86.40 86.50 86.78 88.01 89.29 89.82 90.20 90.56 92.08 95.63 93.86 92.12 91.77 92.24 93.98 96.11 92.81 91.79 91.17 90.84 90.69 91.23 91.39 91.79 92.61 94.56 96.04 93.36 92.20 91.54 91.44 91.12 90.85 89.99 89.98 89.61 89.10 88.85 89.58 89.76 89.71 89.39 88.13 89.18 89.55 89.68 89.97 89.27 89.38 90.05 90.61 91.55 93.22 97.63 93.63 92.71 92.66 93.32 95.53
81.42 82.26 82.76 83.08 83.27 83.35 83.31 83.11 82.68 81.88 80.52 79.62 81.07 82.85 84.15 85.20 86.06 86.30 86.30 86.46 87.25 88.46 88.63 89.72 90.32 90.31 91.45 92.72 92.51 91.74 91.54 91.90 92.57 92.85 92.45 91.61 91.10 90.83 91.27 91.28 91.43 91.77 92.39 93.59 93.82 93.02 92.19 91.62 91.21 91.25 90.98 90.12 90.13 89.80 89.65 89.54 89.77 89.88 89.83 89.63 89.42 89.40 89.62 90.13 90.08 89.89 90.06 90.10 90.74 91.32 92.40 93.48 92.96 92.48 92.47 92.91 93.51
82.01 82.14 83.04 83.27 83.44 83.53 83.53 83.41 83.15 82.72 82.24 82.15 82.51 83.44 84.32 85.04 85.59 85.93 86.62 86.88 87.17 88.37 88.51 89.55 90.06 90.65 90.53 91.08 91.21 91.08 91.07 91.27 91.31 91.19 91.62 91.22 90.91 90.73 91.22 91.25 91.37 91.93 92.25 92.57 92.59 92.23 92.02 91.62 91.28 91.36 90.77 90.55 90.33 89.84 89.65 90.05 89.78 90.07 90.02 89.93 90.31 90.35 90.44 90.22 90.24 90.27 90.46 90.83 90.58 91.39 91.95 92.32 92.11 92.02 92.07 91.99 92.23
82.33 82.42 82.56 83.48 83.63 83.75 83.79 83.77 83.66 83.50 83.38 83.44 83.47 83.99 84.54 85.03 85.43 86.24 86.51 86.78 87.08 87.67 88.62 89.33 89.76 90.20 90.64 90.99 90.38 90.46 90.54 90.67 90.25 90.79 90.99 90.82 90.67 90.58 91.13 91.16 91.25 91.75 91.92 92.04 92.03 91.85 91.59 91.59 91.34 91.10 90.90 90.72 90.25 90.08 89.94 90.08 90.02 89.97 90.22 90.65 90.58 90.56 90.58 90.31 90.35 90.42 90.58 90.83 91.16 91.02 91.36 91.61 91.74 91.55 91.31 91.43 91.51
82.49 82.58 82.72 82.88 83.82 83.97 84.08 84.14 84.16 84.16 84.17 84.27 84.47 84.44 84.76 85.08 85.88 86.14 86.40 86.67 86.97 87.54 88.44 88.77 89.46 89.81 90.14 90.42 90.63 89.93 90.04 90.15 89.65 90.21 90.17 90.46 90.41 90.40 91.01 91.06 91.49 91.60 91.71 91.77 91.76 91.65 91.49 91.59 91.39 91.20 91.03 90.89 90.44 90.30 89.85 89.75 90.25 90.16 90.92 90.82 90.75 90.70 90.68 90.36 90.39 90.45 90.57 90.75 90.97 90.70 90.92 91.11 91.26 91.38 90.90 90.99 91.37
82.53 82.64 82.80 82.99 83.20 83.89 84.06 84.52 84.63 84.72 84.80 84.89 85.00 84.80 84.96 85.65 85.83 86.04 86.28 86.54 86.84 87.39 88.26 88.55 89.19 89.48 89.75 89.99 90.18 90.35 89.62 89.73 89.19 89.77 89.78 90.15 90.17 90.22 90.29 91.31 91.40 91.50 91.60 91.65 91.65 91.58 91.46 91.62 91.46 91.30 90.87 90.75 90.64 90.53 90.08 89.98 89.87 91.21 91.07 90.95 90.85 90.77 90.38 90.37 90.37 90.42 90.49 90.60 90.75 90.92 90.54 90.69 90.85 91.00 91.15 90.99 91.07
82.45 82.58 82.80 83.05 83.33 83.60 84.35 84.58 84.77 84.94 85.06 85.12 85.13 85.99 85.63 85.65 85.72 85.87 86.10 86.38 86.69 86.98 88.08 88.35 88.95 89.20 89.43 89.63 89.81 89.97 90.11 89.63 89.69 89.74 89.81 89.88 89.95 90.04 90.15 91.21 91.33 91.46 91.57 91.65 91.66 91.60 91.50 91.68 91.54 91.41 91.01 90.92 90.84 90.41 90.33 90.22 90.09 91.38 91.20 91.03 90.90 90.80 90.38 90.34 90.32 90.33 90.37 90.42 89.66 89.72 90.16 90.29 90.46 90.66 90.86 90.77 90.89
82.19 82.37 82.68 83.04 83.41 83.78 84.63 84.95 85.25 85.51 85.68 85.73 86.16 85.94 85.71 85.54 85.48 85.58 85.83 86.17 86.52 86.84 87.92 88.18 88.41 88.96 89.16 89.34 89.50 89.65 90.05 90.14 89.36 89.43 89.52 89.62 89.73 89.87 90.38 91.13 91.30 91.47 91.63 91.75 91.78 91.72 91.61 91.09 90.97 90.88 90.79 90.73 90.70 90.69 90.65 90.53 91.18 90.94 91.29 91.07 90.90 90.42 90.34 90.27 90.23 90.20 90.20 90.20 89.38 89.37 89.40 89.85 90.05 90.32 90.95 91.23 90.84
81.67 81.94 82.42 82.95 83.46 83.94 84.91 85.34 85.76 86.16 86.46 86.52 86.74 86.26 86.04 85.25 84.99 85.06 85.42 85.89 86.35 86.74 87.78 88.03 88.25 88.44 88.93 89.08 89.22 89.37 89.73 89.80 89.87 89.45 89.25 89.38 89.53 89.70 90.26 91.06 91.29 91.54 91.80 92.01 92.07 91.96 91.78 91.22 91.08 90.99 90.94 90.93 90.97 91.05 91.08 91.44 91.46 91.11 90.78 91.04 90.81 90.66 90.25 90.17 90.10 90.03 89.99 89.95 89.90 88.98 89.21 89.27 89.54 90.29 90.77 91.21 91.22
80.64 81.14 82.00 82.81 83.50 84.10 84.65 85.71 86.30 86.95 87.58 88.18 87.59 86.93 85.94 84.96 84.26 83.86 84.56 85.57 86.22 86.70 87.70 87.93 88.13 88.30 88.73 88.84 88.74 88.87 88.98 89.50 89.51 89.85 89.29 89.16 89.34 89.89 90.14 90.98 91.29 91.66 92.10 92.52 92.63 92.36 92.01 91.36 91.18 91.09 91.07 91.12 92.13 91.53 92.19 92.33 91.86 91.31 90.81 90.90 90.60 90.47 90.43 90.35 89.94 89.80 89.73 89.69 89.09 88.80 88.46 88.36 88.82 89.87 90.66 91.39 91.95
77.93 79.21 80.79 82.69 83.55 84.25 84.88 86.05 86.80 87.80 89.64 90.51 88.91 87.36 85.78 83.98 81.93 81.91 83.76 85.28 86.16 86.81 87.70 87.88 88.05 88.20 88.56 88.57 88.51 88.67 88.78 88.82 89.34 89.30 89.40 89.72 90.01 89.74 90.02 90.89 91.27 91.77 92.50 93.51 93.82 92.94 92.23 91.47 91.83 91.14 91.42 91.52 92.34 92.52 93.29 93.49 92.40 91.49 90.79 90.15 90.06 90.16 90.29 90.23 90.00 89.44 89.36 89.04 88.83 88.30 87.31 86.53 87.97 89.43 90.62 91.81 93.07
72.00 78.22 80.63 81.97 82.87 83.58 84.76 85.45 87.11 88.31 90.73 96.78 90.00 87.41 85.29 82.89 77.45 79.73 83.74 85.43 85.80 86.70 87.80 87.52 87.61 87.94 88.04 88.05 88.61 88.92 89.04 89.55 89.16 88.59 89.64 90.14 90.50 90.83 90.42 91.68 92.07 92.28 93.14 94.93 96.11 93.72 92.81 92.02 91.79 91.69 91.42 91.55 92.13 92.82 94.68 95.34 92.76 91.59 90.77 89.92 88.16 89.88 90.22 90.17 89.88 89.10 88.67 88.93 88.70 88.03 86.32 80.58 87.02 89.18 90.60 92.12 95.04
78.18 79.50 81.13 82.27 83.10 83.77 84.93 85.56 86.31 88.09 89.48 90.36 89.14 87.36 85.33 83.74 81.72 82.48 84.36 84.95 85.81 86.47 87.17 87.46 87.56 88.10 87.98 88.04 88.70 88.85 88.94 89.51 89.37 89.33 89.69 90.35 90.70 90.68 91.93 91.49 91.87 92.36 93.05 93.97 94.27 93.21 92.58 92.22 91.67 91.97 91.34 91.48 92.03 92.53 93.54 93.51 92.42 91.52 90.81 90.16 89.68 90.18 90.30 90.22 89.99 89.63 89.54 88.99 88.77 88.23 87.25 86.68 87.89 89.34 90.54 91.74 92.79
80.63 81.13 81.97 82.76 83.42 84.53 85.05 85.58 86.15 86.79 88.15 88.28 87.68 87.21 85.71 84.94 83.96 83.98 84.60 85.31 85.89 86.31 86.99 87.12 87.51 88.09 87.94 88.42 88.46 88.80 88.86 89.52 89.24 89.30 89.76 90.00 90.60 90.89 91.76 92.05 91.59 91.98 92.43 92.86 93.00 92.47 92.19 91.99 91.87 92.22 91.89 91.34 91.81 92.04 92.23 92.11 91.92 91.36 90.85 90.42 90.13 90.00 90.45 90.34 90.19 90.02 89.92 89.87 88.96 88.66 88.58 88.47 88.92 89.68 90.48 90.93 91.51
82.04 82.32 82.79 83.31 84.32 84.76 85.18 85.58 85.98 86.36 86.64 87.46 87.16 86.65 86.34 85.79 85.17 85.13 84.53 84.88 86.03 86.29 86.97 87.09 87.17 88.06 88.12 88.39 88.41 89.11 89.14 89.19 89.23 89.61 89.74 89.91 90.49 90.74 91.58 91.83 92.09 92.36 91.86 92.11 92.22 91.86 91.77 91.70 92.06 92.07 91.76 91.18 91.58 91.67 91.69 91.55 91.26 90.89 90.54 90.23 90.33 90.42 90.29 90.16 90.37 90.26 90.17 90.09 90.00 89.04 88.92 89.27 89.21 89.65 90.14 90.61 90.95
83.05 83.23 83.51 84.36 84.69 85.01 85.31 85.61 85.89 86.12 86.28 86.29 86.13 85.85 85.80 85.77 85.56 85.85 85.05 85.21 85.89 86.03 87.02 87.09 87.14 88.02 88.05 88.34 89.07 88.53 88.54 88.57 88.62 89.55 89.65 89.79 90.97 91.17 91.38 91.59 91.80 92.00 91.80 92.32 92.43 91.73 91.77 91.41 91.47 91.54 91.62 91.72 91.78 91.43 91.39 91.27 91.06 90.80 90.53 90.28 90.07 90.53 90.39 90.28 90.17 90.08 90.35 90.29 90.24 90.20 89.29 89.71 89.56 89.84 90.16 90.48 90.71
83.35 83.99 84.67 84.85 85.05 85.26 85.47 85.67 85.87 86.04 86.15 86.18 86.11 86.25 86.09 85.93 86.12 85.10 86.02 86.05 86.10 86.15 87.06 87.08 87.09 88.38 88.74 87.69 88.45 88.44 88.42 88.42 88.45 89.42 89.51 89.63 90.79 90.98 91.16 91.34 91.50 91.25 91.38 91.87 91.98 92.09 91.01 91.13 91.25 91.37 91.49 91.60 91.68 91.68 91.26 91.15 90.98 90.77 90.54 90.31 90.11 90.61 90.47 90.36 90.27 90.19 90.12 90.08 90.41 90.42 89.90 89.97 89.77 90.00 90.25 90.48 90.65
84.37 84.69 84.73 84.78 84.84 85.51 85.63 85.77 85.92 86.05 86.15 85.91 85.92 86.17 86.11 86.05 85.99 86.51 86.07 86.02 86.86 86.82 87.49 87.48 87.47 87.81 88.08 88.03 88.00 87.97 87.93 88.23 88.23 88.27 89.30 89.43 90.58 90.77 90.93 91.07 90.80 90.88 91.34 91.42 91.52 91.67 90.64 90.84 91.03 91.21 91.38 91.52 91.63 91.65 91.61 91.51 91.00 90.80 90.58 90.35 90.90 90.38 90.53 90.41 90.31 90.24 90.20 90.17 90.17 90.20 90.62 90.14 89.93 90.15 90.37 90.58 90.73
85.18 85.17 85.34 85.24 85.18 85.17 85.21 85.29 85.40 85.82 85.92 86.00 86.07 86.13 86.45 86.49 87.05 87.53 87.37 87.19 87.06 86.95 87.58 87.53 87.50 87.20 87.15 88.00 87.92 87.85 87.76 88.01 87.96 87.97 88.06 89.17 90.34 90.54 90.70 90.81 90.49 90.89 90.87 90.88 90.98 90.81 91.08 90.54 90.82 91.07 91.29 91.49 91.65 91.73 91.74 91.64 91.46 90.88 90.97 90.74 90.89 90.39 90.54 90.43 90.33 90.26 90.21 90.20 90.22 90.26 90.69 90.25 90.41 90.62 90.53 90.76 90.93
86.21 86.08 85.77 85.72 85.50 85.39 85.36 85.40 85.50 85.91 86.04 86.15 86.26 86.40 86.84 87.55 87.64 87.56 87.80 87.50 87.62 87.47 87.66 87.58 87.52 87.21 87.15 87.09 87.00 86.87 87.57 87.72 87.57 87.54 87.67 87.91 89.10 89.35 89.53 90.59 90.58 90.47 89.94 89.83 89.90 90.21 90.63 91.06 91.42 91.73 91.62 91.51 91.76 91.94 92.01 91.93 91.68 91.34 91.01 90.71 90.81 90.34 90.25 90.41 90.31 90.22 90.18 90.18 90.21 90.58 90.66 89.94 90.12 90.39 90.71 91.04 91.29
87.73 87.31 86.56 85.93 85.79 85.56 85.48 85.49 85.60 86.02 86.21 86.37 86.49 86.92 87.25 87.74 88.57 88.44 88.96 88.45 88.09 87.60 87.73 87.62 87.02 86.95 87.18 87.14 87.02 86.83 86.57 86.54 86.18 86.81 87.12 87.57 88.86 89.16 89.36 90.40 89.94 89.68 89.25 88.80 88.80 89.38 90.12 90.76 91.25 91.64 91.59 91.58 91.66 92.03 92.54 92.47 92.04 91.82 91.33 90.89 90.61 90.50 90.18 90.11 90.22 90.09 90.05 90.12 90.47 90.51 89.78 89.87 90.10 90.18 90.63 91.16 91.91
90.52 89.07 87.36 86.31 85.72 85.40 85.54 85.55 85.67 86.13 86.47 86.75 86.92 87.09 87.61 88.64 90.42 90.04 89.57 88.70 88.19 87.92 87.79 87.23 87.07 86.99 87.00 87.30 87.15 86.86 86.47 85.88 85.19 84.74 86.35 87.25 88.68 89.06 89.27 88.97 89.77 89.33 88.46 87.08 86.73 88.30 89.63 90.52 91.13 91.97 92.00 91.66 91.88 92.52 93.57 93.59 92.82 91.98 91.29 90.61 90.08 89.97 90.09 90.05 89.88 89.75 89.72 90.24 90.41 90.42 90.24 89.53 89.69 90.23 90.88 91.78 92.93
98.00 90.45 87.74 86.45 85.77 85.41 85.27 85.27 85.91 86.16 86.68 87.82 87.01 87.12 87.73 89.20 93.46 92.67 89.90 88.76 88.18 87.91 87.81 87.28 87.07 87.00 87.07 87.55 87.34 86.90 86.46 85.70 83.98 81.98 85.20 86.37 88.65 89.08 89.30 88.99 88.83 88.88 87.76 85.03 83.17 87.35 89.10 90.44 91.12 91.62 92.03 92.42 91.99 92.83 94.75 95.53 93.16 92.07 91.27 90.35 88.20 89.74 90.07 90.06 89.82 89.10 89.33 90.17 90.41 90.39 89.98 88.12 89.55 90.26 91.01 92.20 94.99
