data/SP espacial/HLIFS_SP.grd
DSAA
132	56
0.0000	120.0000
0.0000	50.0000
22311.4800	37354.0759
[rows 28 to 55 of 56, columns 63 to 125 of 132]
29148.45 29008.81 28869.49 28710.00 28533.68 28336.98 28169.27 28002.55 27894.09 27824.99 27799.97 27816.26 27866.31 27980.06 28072.81 28279.74 28418.34 28558.83 28697.88 28833.58 28859.72 29000.99 29029.97 29071.44 29099.72 29115.60 29119.78 29232.21 29245.10 29206.62 29154.24 29088.29 29009.41 28752.29 28658.57 28560.38 28459.19 28356.71 27961.27 27860.37 27908.59 27655.02 27733.76 27742.75 27782.37 27859.90 27980.71 28101.56 28301.96 28530.77 28772.83 29013.45 29241.56 29451.77 29625.79 29809.34 29958.54 30135.83 30321.82 30523.48 30731.68 31008.08 31218.60
29114.09 28999.42 28874.97 28715.81 28580.79 28443.12 28313.16 28214.92 28098.67 28052.06 28022.27 28012.91 28084.44 28141.15 28219.01 28313.11 28404.70 28532.17 28663.23 28795.75 28929.11 29063.78 29051.23 29129.16 29152.46 29162.10 29235.96 29263.41 29240.91 29232.76 29176.55 29107.98 28900.69 28652.33 28701.54 28610.61 28517.23 28422.95 28032.98 27941.37 27823.60 27786.31 27768.24 27865.80 27909.29 27992.77 28105.20 28244.30 28467.84 28721.40 29005.16 29185.65 29466.42 29666.02 29840.34 30000.63 30161.40 30341.75 30506.68 30727.24 30963.79 31208.18 31454.07
29124.03 29011.85 28916.20 28813.48 28705.36 28591.51 28514.44 28419.49 28398.42 28293.26 28266.49 28272.86 28288.47 28328.07 28392.79 28478.73 28577.67 28660.29 28782.67 28906.36 29030.77 29156.32 29136.22 29215.66 29233.36 29328.44 29301.38 29317.29 29286.73 29241.32 29218.44 29029.89 28915.72 28831.68 28625.38 28681.46 28595.78 28354.64 28126.85 28044.18 27966.96 27931.91 27913.75 27917.71 28034.37 27967.63 28235.45 28399.03 28657.64 28948.73 29183.59 29459.78 29749.69 29932.94 30078.44 30209.48 30344.50 30509.64 30719.67 30968.26 31200.16 31474.61 31747.09
29264.53 29103.89 29032.80 28957.62 28879.95 28874.92 28784.72 28732.08 28658.73 28608.13 28597.93 28581.39 28594.58 28539.42 28592.23 28674.20 28770.18 28825.11 28937.68 29050.64 29163.81 29277.77 29355.21 29404.13 29427.10 29409.15 29476.50 29435.19 29360.14 29308.55 29189.65 29118.12 28861.93 28914.20 28714.27 28630.05 28573.82 28459.91 28242.62 28169.17 28126.72 28094.24 28075.52 28074.18 28014.79 28093.67 28238.32 28545.73 28853.15 29131.23 29471.49 29779.56 30078.33 30161.63 30268.31 30435.63 30527.11 30667.91 30891.62 31176.19 31413.33 31718.48 32015.14
29403.66 29378.53 29207.33 29156.46 29196.74 29137.08 29064.06 28984.02 28945.22 28924.82 28898.75 28873.73 28849.98 28854.54 28900.81 28993.07 28998.86 29121.02 29128.30 29351.31 29436.74 29518.62 29477.11 29513.60 29537.56 29602.68 29563.81 29488.09 29428.65 29369.31 29257.99 29184.99 29088.98 28970.25 28891.97 28745.04 28690.15 28573.11 28418.42 28295.84 28253.61 28222.42 28259.51 28254.82 28175.21 28256.57 28345.87 28619.28 29006.46 29399.23 29789.48 30136.44 30384.88 30499.78 30560.94 30690.08 30721.48 30810.86 31069.01 31408.36 31674.69 32003.63 32316.84
29624.78 29618.21 29579.60 29512.35 29496.70 29457.37 29397.80 29321.80 29280.24 29269.30 29246.98 29214.74 29173.34 29123.07 29174.05 29274.44 29365.13 29446.45 29471.25 29542.56 29609.59 29673.40 29615.81 29637.25 29654.36 29714.87 29663.43 29577.60 29511.07 29356.87 29144.82 29064.85 29177.49 29106.54 29018.37 28951.92 28753.53 28706.50 28617.01 28502.70 28468.79 28361.44 28352.33 28356.23 28464.64 28460.92 28451.31 28840.80 29251.58 29684.02 30102.48 30512.88 30790.11 30846.67 30883.88 30999.09 30989.31 30952.42 31320.64 31703.75 31979.68 32315.90 32632.30
29936.38 29946.33 29947.06 29931.53 29869.22 29839.78 29791.93 29730.47 29688.02 29681.51 29649.96 29611.60 29567.73 29532.05 29546.16 29673.66 29733.37 29752.34 29797.06 29758.56 29804.13 29847.62 29768.16 29769.37 29775.88 29781.67 29724.03 29676.07 29600.69 29451.15 29240.75 29161.41 29278.88 29206.21 29145.65 28963.30 28806.57 28898.89 28832.54 28693.36 28616.93 28607.33 28612.11 28675.79 28755.09 28803.10 28878.87 29168.70 29575.84 29963.92 30358.33 30721.81 30973.06 31086.13 31144.40 31179.95 31412.26 31500.04 31754.84 31845.64 32187.72 32521.84 32842.88
30323.75 30360.51 30360.56 30356.72 30347.79 30277.07 30238.15 30208.16 30155.02 30107.46 30098.67 30054.73 30011.33 29979.35 30037.31 30050.74 30073.30 30094.71 30075.50 30004.27 30024.31 30038.24 29966.26 29918.21 29901.54 29905.22 29836.90 29781.71 29636.33 29554.29 29347.46 29269.13 29298.30 29378.07 29189.60 29140.73 28992.49 28958.86 29024.38 28921.21 28869.53 28875.67 28899.47 28979.76 29046.48 29145.33 29311.79 29563.62 29907.47 30308.24 30670.97 30996.90 31247.12 31412.00 31520.32 31603.37 31691.70 31827.33 32003.58 32283.47 32586.01 32889.70 33183.96
30782.06 30799.71 30813.04 30818.88 30814.65 30797.63 30786.99 30698.16 30646.32 30593.45 30577.35 30527.21 30479.08 30513.08 30465.97 30472.45 30459.82 30448.07 30433.86 30416.01 30250.41 30245.43 30141.90 30075.74 30039.94 30037.60 29957.05 29892.98 29750.61 29664.07 29494.47 29469.70 29599.51 29548.59 29365.32 29325.11 29187.63 29164.57 29243.70 29074.37 29088.98 29121.25 29237.01 29304.25 29404.35 29531.88 29725.77 29974.19 30296.90 30673.23 31011.26 31319.83 31575.85 31772.96 31923.91 32050.80 32179.13 32334.75 32498.14 32741.36 33004.98 33273.13 33534.96
31289.57 31266.61 31292.40 31307.62 31308.85 31318.83 31288.09 31245.39 31154.80 31120.29 31059.34 31036.39 30979.84 30972.12 30917.30 30867.80 30821.75 30776.74 30731.24 30684.70 30637.16 30528.51 30453.37 30242.73 30188.34 30176.24 30082.72 30024.11 29972.95 29889.04 29696.59 29628.99 29570.60 29584.63 29544.74 29513.76 29389.23 29377.31 29469.95 29311.74 29343.55 29395.22 29470.34 29634.63 29749.49 29908.27 30121.32 30372.73 30688.60 31053.49 31380.37 31684.66 31949.51 32169.35 32350.77 32508.66 32661.29 32825.56 32982.53 33199.25 33429.37 33662.72 33890.37
31754.19 31747.18 31787.99 31813.46 31819.75 31832.14 31799.96 31740.51 31681.21 31616.17 31547.96 31478.29 31490.67 31414.42 31336.85 31258.80 31180.68 31102.85 31025.75 30949.91 30875.78 30803.63 30653.03 30561.40 30343.63 30318.04 30264.51 30147.57 30119.73 30034.30 29851.87 29788.25 29735.04 29756.41 29725.21 29703.94 29594.47 29594.02 29699.82 29553.44 29601.66 29671.13 29765.66 29890.36 30089.32 30268.40 30447.02 30756.90 31076.97 31443.03 31771.76 32081.26 32356.98 32593.36 32794.27 32970.38 33135.04 33300.26 33453.32 33648.28 33849.55 34050.75 34245.05
32212.61 32300.77 32290.70 32327.77 32366.93 32349.40 32311.27 32243.73 32178.03 32105.99 32030.14 31951.87 31938.65 31845.57 31745.35 31639.06 31529.16 31418.59 31309.89 31204.82 31104.33 31008.69 30952.94 30835.36 30704.52 30576.45 30424.90 30228.85 30082.12 30007.47 30004.12 29851.60 29799.76 29822.47 29799.64 29892.95 29766.85 29776.68 29651.79 29796.05 29859.28 29944.18 30054.48 30195.14 30365.96 30559.33 30803.00 31169.87 31486.61 31775.27 32107.72 32424.17 32709.38 32957.15 33170.59 33358.96 33533.30 33703.06 33837.29 34006.53 34178.68 34349.72 34514.41
32650.73 32772.94 32792.95 32842.92 32881.57 32856.76 32796.78 32732.38 32658.65 32578.77 32495.32 32414.86 32310.97 32259.77 32137.46 32002.42 31859.93 31716.21 31576.07 31442.40 31316.52 31300.84 31123.03 30989.12 30854.71 30664.35 30560.11 30358.90 30224.75 30150.22 30063.25 30002.37 29956.69 29987.51 29974.49 29976.19 29963.83 29986.43 29876.91 30036.94 30113.62 30211.39 30333.60 30475.42 30655.92 30879.44 31134.86 31513.02 31852.63 32174.43 32533.32 32872.10 33172.47 33427.80 33643.45 33830.81 34001.01 34162.09 34281.81 34432.27 34581.35 34726.33 34862.63
33060.02 33227.02 33358.17 33379.87 33381.82 33341.46 33267.19 33192.45 33110.34 33022.18 32995.79 32825.37 32715.11 32590.66 32507.83 32342.11 32164.88 31987.28 31816.30 31655.40 31505.90 31461.88 31272.12 31124.65 30991.06 30874.74 30685.59 30483.21 30359.15 30285.03 30200.91 30145.42 30212.40 30194.60 30144.00 30157.03 30156.69 30192.19 30098.76 30165.83 30363.13 30471.58 30602.25 30744.88 30930.14 31173.79 31437.00 31764.94 32198.81 32568.95 32966.53 33336.64 33653.02 33908.23 34115.40 34292.84 34453.20 34602.55 34707.85 34839.84 34968.00 35090.48 35202.24
33457.77 33650.20 33831.40 33872.61 33851.38 33803.25 33690.35 33607.18 33519.24 33475.64 33364.51 33257.43 33081.49 32956.00 32893.06 32648.93 32433.48 32221.98 32022.06 31836.49 31754.55 31592.88 31394.47 31237.30 31109.83 30986.37 30750.85 30597.25 30481.00 30408.15 30326.97 30277.88 30349.78 30341.88 30305.80 30330.89 30343.32 30392.02 30315.77 30396.07 30607.33 30725.22 30849.06 31003.27 31186.13 31409.62 31702.74 32052.80 32458.75 32951.89 33400.41 33814.61 34147.44 34387.97 34572.41 34732.20 34880.37 35017.93 35109.45 35222.79 35332.28 35436.91 35529.86
33755.09 34051.06 34296.21 34391.59 34278.15 34167.09 34056.01 33960.67 33911.68 33786.22 33660.05 33549.71 33453.56 33285.51 33191.79 32939.20 32682.40 32409.11 32184.91 31978.91 31865.80 31688.08 31483.40 31320.87 31207.36 30978.78 30851.33 30695.39 30602.63 30515.75 30438.34 30397.07 30474.58 30477.69 30457.76 30495.74 30521.80 30584.21 30526.64 30620.54 30733.60 30973.84 31100.99 31257.58 31434.08 31638.12 31925.68 32309.16 32775.45 33274.56 33817.63 34297.75 34650.20 34843.59 34990.31 35129.79 35269.08 35400.72 35478.18 35571.83 35665.34 35757.79 35841.26
33884.48 34269.61 34629.88 34733.09 34546.17 34390.93 34273.96 34184.85 34162.43 33998.15 33859.16 33745.01 33655.18 33589.05 33405.82 33101.53 32817.86 32554.33 32310.42 32141.76 31933.90 31742.57 31557.44 31339.48 31228.03 31058.20 30923.17 30812.10 30690.61 30604.44 30532.35 30500.65 30584.62 30599.97 30597.94 30649.74 30690.39 30767.14 30730.14 30838.45 30964.92 31204.72 31353.69 31516.95 31693.93 31883.89 32085.94 32579.18 33085.60 33607.76 34174.12 34717.22 35103.12 35214.91 35334.90 35462.88 35598.55 35741.34 35796.63 35874.67 35956.75 36040.21 36121.88
33998.97 34274.41 34536.57 34686.39 34610.96 34469.25 34362.10 34268.40 34213.07 34082.57 33949.21 33829.28 33720.98 33601.28 33423.61 33150.65 32871.51 32604.12 32352.65 32175.30 31956.65 31753.82 31574.85 31363.26 31239.79 31080.77 30958.32 30855.80 30744.62 30614.73 30563.21 30554.14 30678.14 30707.02 30646.23 30706.23 30847.40 30939.18 30924.88 31048.59 31189.93 31338.92 31608.42 31785.62 31978.01 32202.23 32486.81 32890.88 33402.92 33899.79 34404.26 34907.32 35255.29 35443.95 35585.40 35718.61 35849.97 35971.42 36043.20 36123.30 36200.37 36273.84 36336.24
34016.77 34228.94 34377.90 34450.58 34432.97 34422.22 34336.22 34245.21 34185.16 34067.53 33942.20 33816.11 33685.38 33532.15 33332.77 33113.06 32852.26 32592.08 32340.95 32160.44 31934.67 31714.57 31490.72 31348.25 31219.75 31069.58 30961.21 30871.84 30775.93 30665.24 30625.73 30630.15 30753.88 30797.50 30761.35 30837.00 30931.52 31098.60 31109.15 31249.13 31400.63 31573.04 31853.14 32055.67 32281.35 32540.86 32856.45 33232.67 33672.78 34154.53 34599.47 35028.47 35352.23 35583.38 35757.69 35905.52 36038.43 36156.06 36236.58 36322.84 36399.33 36465.80 36516.42
33950.80 34172.31 34208.84 34269.67 34337.43 34231.18 34226.69 34147.69 34090.19 33980.97 33860.71 33730.95 33588.04 33422.75 33226.64 33021.66 32777.29 32527.59 32280.99 32100.90 31837.53 31651.60 31446.20 31302.25 31174.67 31034.63 30938.25 30835.29 30785.86 30694.55 30687.39 30688.70 30811.11 30870.43 30861.33 30953.19 31063.75 31243.60 31369.96 31437.71 31608.43 31798.89 32100.88 32325.59 32574.91 32856.55 33180.69 33536.79 33935.66 34352.29 34768.92 35126.80 35446.07 35687.70 35880.90 36041.98 36181.01 36301.63 36391.30 36482.72 36561.03 36625.71 36673.45
33898.79 34013.33 34020.06 34067.76 34138.87 34109.19 34134.39 33994.76 33940.10 33839.14 33723.84 33594.16 33447.69 33280.25 33089.01 32892.30 32660.50 32420.76 32179.99 31914.64 31764.45 31577.35 31370.78 31228.26 31104.67 30974.47 30892.20 30806.62 30722.67 30706.92 30716.46 30749.58 30849.54 30925.26 30945.30 31053.60 31180.30 31324.85 31519.45 31614.32 31803.86 31999.60 32335.47 32579.59 32846.58 33140.21 33463.83 33802.51 34167.49 34541.42 34906.04 35243.66 35535.84 35774.21 35973.81 36142.64 36287.54 36412.60 36513.08 36609.41 36691.19 36757.96 36807.83
33746.69 33824.80 33883.21 33904.76 33911.63 33891.86 33849.10 33854.83 33746.88 33654.81 33545.73 33419.45 33274.76 33110.11 32924.99 32721.41 32511.38 32280.19 32026.37 31864.96 31662.63 31475.02 31267.58 31127.96 30998.84 30893.84 30816.12 30758.40 30701.43 30704.01 30731.50 30781.87 30918.32 30961.78 31012.69 31137.25 31279.80 31439.91 31651.82 31771.49 31977.18 32205.14 32551.75 32812.02 33091.78 33391.53 33690.27 34034.57 34370.94 34709.37 35037.62 35343.54 35613.63 35846.45 36044.64 36215.85 36364.18 36492.82 36605.45 36706.62 36792.90 36864.03 36918.85
33564.65 33611.55 33645.91 33656.99 33662.57 33649.53 33617.42 33566.25 33529.94 33438.62 33337.03 33216.47 33076.67 32917.38 32739.20 32544.11 32336.77 32112.88 31899.78 31690.32 31537.26 31348.83 31139.66 31014.48 30886.55 30790.83 30727.07 30692.37 30665.69 30687.94 30734.35 30802.49 30890.62 30967.61 31063.17 31203.39 31361.03 31535.82 31782.93 31924.95 32147.57 32392.04 32658.05 33019.80 33309.27 33607.98 33911.03 34237.47 34548.79 34856.80 35153.96 35432.69 35675.79 35906.30 36095.80 36265.30 36414.26 36544.80 36670.57 36776.18 36867.33 36943.91 37005.20
33359.33 33377.44 33389.50 33391.88 33396.45 33389.94 33368.11 33328.11 33268.54 33206.06 33106.10 32992.65 32859.37 32706.79 32536.00 32348.91 32142.14 31959.01 31750.30 31549.09 31357.37 31203.62 30990.56 30875.97 30751.70 30666.04 30618.42 30610.91 30618.39 30661.57 30727.39 30813.26 30917.55 30994.35 31096.69 31251.48 31422.98 31634.48 31884.36 32060.68 32298.37 32557.41 32837.11 33200.97 33498.79 33809.00 34104.86 34398.89 34702.71 34983.13 35252.33 35506.16 35744.22 35959.15 36137.40 36291.90 36439.09 36569.70 36709.44 36818.68 36914.41 36996.65 37064.94
33137.35 33126.59 33115.93 33111.54 33117.75 33120.03 33109.48 33080.71 33031.34 32960.66 32865.51 32753.96 32627.95 32482.66 32319.42 32140.07 31955.75 31797.69 31599.38 31397.56 31206.07 31023.93 30881.02 30718.58 30595.21 30520.45 30492.74 30501.58 30563.81 30628.72 30713.70 30816.45 30935.75 31013.44 31155.13 31281.17 31464.84 31731.42 31964.94 32176.67 32427.22 32698.66 32990.14 33299.79 33690.06 33984.39 34274.40 34552.11 34832.87 35086.47 35329.38 35559.91 35797.70 35999.31 36182.01 36317.11 36438.63 36567.59 36722.12 36833.86 36933.29 37020.58 37095.52
32906.98 32864.97 32827.58 32818.38 32832.51 32848.12 32850.14 32832.14 32791.98 32729.34 32644.64 32588.41 32386.69 32248.81 32093.12 32043.15 31826.03 31637.65 31445.14 31242.05 31051.04 30865.14 30720.49 30547.46 30418.35 30356.05 30355.49 30398.98 30508.30 30594.30 30696.88 30814.62 30946.91 31143.61 31174.97 31340.79 31583.61 31779.25 32112.12 32271.18 32532.00 32813.24 33114.18 33433.20 33833.90 34133.86 34421.60 34681.83 34917.66 35163.13 35380.94 35589.86 35832.91 36021.43 36194.55 36303.13 36445.05 36537.94 36708.12 36820.96 36922.72 37013.68 37093.92
32680.16 32604.85 32529.05 32516.96 32553.03 32586.12 32599.61 32590.01 32556.80 32500.41 32421.68 32385.07 32283.23 32008.51 32049.01 31882.45 31658.87 31478.34 31292.53 31088.59 30900.03 30712.40 30565.93 30375.53 30223.80 30179.12 30219.95 30314.23 30460.21 30563.88 30680.63 30810.22 30986.77 31170.42 31361.90 31505.69 31604.80 31933.40 32216.44 32342.87 32610.91 32898.72 33205.85 33531.34 33941.82 34252.05 34547.62 34784.52 34985.83 35206.80 35402.07 35592.01 35846.88 36023.20 36186.77 36336.14 36401.86 36522.46 36667.42 36779.27 36881.51 36974.67 37059.01
32472.14 32373.90 32253.87 32241.12 32307.27 32349.29 32366.99 32360.60 32330.68 32277.99 32203.44 32108.09 32091.13 31980.41 31884.74 31726.26 31538.20 31323.04 31145.48 30942.35 30760.01 30764.29 30467.30 30238.35 30044.12 30031.95 30114.98 30217.90 30393.16 30542.54 30668.36 30870.16 31009.38 31191.70 31388.72 31534.95 31709.85 31980.16 32307.21 32559.10 32664.97 32954.57 33262.82 33588.94 34110.45 34316.55 34641.43 34834.82 35004.83 35209.94 35388.66 35564.12 35837.06 36002.73 36157.38 36299.55 36335.58 36451.12 36555.58 36713.28 36814.37 36907.27 36992.24
