data/SP espacial/HLIFS_SP.grd
DSAA
132	56
0.0000	120.0000
0.0000	50.0000
22311.4800	37354.0759
[rows 0 to 27 of 56, columns 0 to 62 of 132]
22311.48 24291.75 24571.40 24864.03 25167.74 25484.07 25811.87 26137.53 26477.04 26903.58 27254.43 27536.15 27899.57 28385.56 28724.73 29068.67 29414.71 29759.99 30101.50 30436.19 30761.12 31073.62 31364.60 31393.24 31406.17 31403.41 31385.52 31353.54 31345.16 31298.73 31246.46 31189.44 31327.80 31281.02 31264.49 31252.04 31242.09 31180.54 31153.92 31128.22 31090.34 31014.47 30975.51 30922.25 30969.55 31142.60 31302.43 31443.89 31571.49 31686.35 31785.81 31874.37 31903.20 31980.67 32041.17 32077.85 32099.40 32051.85 32033.37 31997.91 31945.65 31924.90 31841.67
24092.89 24251.37 24499.11 24778.63 25078.52 25394.22 25723.25 26063.85 26397.74 26810.21 27167.49 27532.50 27852.01 28228.98 28681.48 29037.76 29396.17 29753.37 30105.49 30448.01 30774.64 31071.45 31308.04 31400.37 31436.13 31444.29 31432.32 31403.69 31376.88 31331.96 31281.80 31364.40 31330.28 31297.27 31289.80 31288.74 31292.24 31279.78 31271.51 31243.04 31225.09 31170.76 31154.81 31142.14 31196.03 31326.22 31473.17 31602.77 31726.61 31838.05 31955.39 32033.62 32121.38 32191.35 32244.41 32276.02 32291.51 32255.45 32232.61 32193.41 32138.15 32082.25 31998.68
24150.91 24275.84 24482.16 24737.26 25023.08 25330.76 25655.56 25995.13 26337.94 26733.05 27095.47 27466.37 27844.05 28197.05 28618.03 29008.62 29376.53 29742.17 30100.27 30443.96 30763.14 31040.83 31255.70 31379.95 31445.07 31470.87 31468.78 31445.46 31403.45 31360.03 31311.75 31359.10 31331.68 31312.40 31315.85 31328.82 31349.20 31385.41 31400.20 31377.36 31386.46 31363.28 31381.28 31409.09 31458.70 31564.42 31688.78 31798.46 31911.63 32014.57 32143.53 32266.62 32345.20 32406.42 32451.16 32476.71 32485.86 32459.54 32432.81 32390.93 32334.48 32250.73 32171.25
24202.97 24312.18 24492.72 24724.76 24994.56 25292.79 25612.75 25949.91 26301.11 26676.02 27040.75 27414.87 27796.62 28184.04 28577.04 28982.09 29357.47 29729.65 30092.07 30436.13 30750.56 31021.08 31225.61 31366.58 31451.85 31492.89 31500.09 31481.56 31425.99 31382.96 31398.95 31362.99 31330.20 31324.31 31340.37 31369.99 31410.65 31458.82 31537.16 31527.07 31567.74 31579.29 31629.71 31685.80 31728.71 31825.06 31932.14 32021.36 32120.44 32211.41 32418.83 32504.01 32571.90 32623.25 32658.81 32677.26 32679.61 32670.67 32630.51 32586.59 32530.14 32424.50 32351.22
24248.76 24350.39 24515.99 24733.57 24991.91 25281.50 25595.19 25927.82 26275.77 26638.59 27003.04 27377.85 27761.28 28151.36 28545.72 28940.44 29340.99 29719.42 30087.04 30434.23 30749.47 31020.49 31219.70 31371.20 31468.52 31519.14 31531.94 31515.43 31446.19 31410.61 31368.08 31331.45 31314.70 31330.49 31360.70 31409.56 31473.81 31549.03 31679.03 31687.46 31762.24 31809.12 31888.91 31967.50 32004.63 32097.03 32191.41 32262.07 32345.78 32422.72 32669.96 32741.98 32798.01 32838.57 32864.19 32885.76 32879.61 32856.34 32824.14 32775.59 32719.64 32596.74 32530.07
24290.93 24391.58 24551.27 24760.80 25011.02 25293.30 25600.58 25927.54 26270.43 26620.37 26982.16 27355.28 27738.13 28128.79 28524.96 28923.79 29318.18 29714.18 30089.50 30444.07 30765.74 31042.40 31239.79 31398.31 31501.53 31555.65 31568.99 31550.28 31436.30 31384.26 31337.85 31298.46 31285.68 31328.03 31373.84 31444.67 31535.91 31641.68 31755.95 31890.20 31964.88 32047.22 32160.09 32260.51 32282.21 32373.09 32459.71 32513.02 32591.13 32651.12 32918.22 32976.00 33019.41 33048.62 33063.75 33080.89 33063.25 33033.14 33009.44 32961.22 32853.05 32760.42 32700.19
24336.48 24438.65 24596.85 24803.17 25049.02 25326.16 25627.71 25948.50 26284.92 26634.78 26978.19 27347.40 27727.58 28116.84 28512.96 28913.57 29315.61 29673.51 30101.57 30468.60 30802.38 31089.15 31307.28 31450.60 31554.33 31605.94 31614.37 31507.67 31423.38 31362.60 31307.91 31262.29 31250.54 31283.72 31376.78 31472.80 31594.73 31734.38 31826.60 32042.47 32200.68 32353.69 32431.86 32552.43 32568.93 32657.01 32729.12 32764.07 32816.38 33068.21 33157.96 33200.86 33231.43 33249.24 33267.20 33261.76 33234.80 33196.25 33176.02 33123.82 32997.43 32927.59 32854.56
24386.48 24491.56 24652.42 24860.21 25105.51 25379.91 25676.76 25991.16 26319.88 26661.31 26991.66 27354.82 27730.55 28116.62 28510.56 28910.79 29316.21 29723.70 30073.87 30508.63 30860.99 31162.87 31387.27 31529.86 31628.24 31631.09 31572.05 31519.91 31427.66 31347.11 31278.68 31221.63 31206.26 31247.65 31329.85 31492.48 31649.39 31696.77 31888.13 32288.71 32406.76 32593.19 32706.21 32831.17 32948.83 32944.96 33001.84 33017.74 33126.80 33154.19 33345.08 33410.68 33428.82 33450.02 33443.98 33427.99 33389.84 33340.44 33318.15 33182.90 33127.13 33083.35 33010.39
24440.87 24551.03 24719.64 24933.91 25182.31 25456.18 25749.29 26057.18 26377.02 26707.83 27023.64 27378.69 27748.89 28130.60 28519.81 28915.85 29321.60 29738.90 30159.03 30509.97 30932.93 31251.75 31498.72 31660.11 31716.19 31646.23 31608.31 31545.84 31436.77 31344.91 31252.55 31176.74 31150.16 31154.63 31302.69 31463.96 31567.06 31782.44 32140.25 32465.55 32692.60 32829.98 32981.11 33127.07 33250.89 33234.18 33323.72 33344.51 33355.69 33360.89 33546.30 33559.03 33605.51 33618.71 33603.54 33610.14 33523.63 33459.92 33353.14 33284.72 33225.02 33182.14 33141.93
24534.49 24628.79 24803.18 25029.06 25283.29 25558.01 25847.98 26149.33 26459.42 26777.35 27105.66 27420.61 27786.12 28164.06 28545.84 28931.06 29329.66 29755.66 30199.27 30635.72 31024.52 31354.75 31643.66 31760.20 31724.38 31703.49 31656.18 31585.75 31462.56 31351.81 31237.98 31132.53 31046.72 31084.62 31267.55 31475.82 31622.08 31874.98 32269.80 32532.17 32889.81 33047.47 33290.27 33423.41 33553.62 33568.40 33574.84 33569.38 33555.78 33542.69 33718.80 33717.35 33769.82 33762.73 33783.76 33738.07 33630.61 33516.64 33427.78 33348.86 33283.46 33239.79 33204.45
24595.61 24712.46 24901.79 25125.49 25413.76 25689.05 25975.89 26271.03 26571.64 26875.71 27184.49 27482.44 27849.28 28226.90 28599.47 28965.31 29339.40 29772.31 30246.00 30712.04 31152.01 31499.76 31776.05 31878.28 31794.97 31758.28 31707.45 31638.89 31507.34 31379.30 31244.26 31112.64 30972.91 30997.48 31241.02 31404.23 31695.78 32111.51 32398.14 32684.11 33065.41 33227.19 33522.44 33776.03 33854.84 33825.43 33787.03 33753.56 33716.03 33686.56 33665.86 33839.04 33882.58 33872.24 33894.64 33837.91 33738.45 33564.84 33459.23 33368.45 33295.34 33248.43 33215.29
24660.44 24848.44 25058.67 25289.27 25537.99 25802.26 26135.27 26425.08 26718.63 27012.90 27304.81 27569.51 27956.41 28333.22 28696.91 29044.82 29374.77 29815.66 30311.76 30786.04 31237.96 31577.15 31928.46 31927.60 31831.77 31791.72 31746.80 31696.70 31562.82 31429.50 31291.41 31148.60 30964.86 30935.13 31248.30 31487.25 31839.02 32226.98 32526.32 32823.40 33092.82 33385.80 33690.81 33990.14 34081.84 34004.75 33963.89 33904.08 33829.55 33785.42 33751.45 33974.82 33949.35 33929.02 33953.98 33889.74 33696.08 33560.28 33440.85 33338.97 33255.60 33202.95 33165.78
24964.43 25085.34 25275.40 25496.80 25739.30 25998.31 26270.49 26552.87 26902.05 27195.05 27492.05 27814.65 28127.46 28490.96 28847.40 29194.88 29548.44 29959.68 30409.96 30848.05 31218.22 31511.51 31779.84 31768.81 31775.56 31793.17 31761.35 31713.81 31605.57 31500.68 31388.75 31279.84 31159.36 31204.51 31364.78 31639.55 31974.28 32267.67 32654.45 32948.41 33209.58 33491.22 33762.69 33976.68 34038.52 34033.84 34035.35 33974.13 33913.25 33836.16 33789.65 33999.92 33962.00 33917.94 33907.27 33822.25 33636.57 33496.74 33369.71 33259.46 33168.28 33102.97 33053.03
25270.83 25373.19 25537.58 25741.93 25973.13 26224.14 26490.52 26769.09 27057.54 27354.96 27718.54 28045.85 28385.41 28691.40 29041.38 29390.10 29747.53 30126.23 30505.40 30881.61 31202.31 31504.57 31641.93 31644.54 31701.77 31730.06 31732.91 31719.36 31658.25 31593.99 31526.36 31465.94 31453.78 31497.42 31620.64 31841.72 32136.59 32471.70 32781.28 33059.80 33299.07 33553.74 33778.66 33942.05 33958.41 33997.65 34041.28 33988.98 33926.60 33840.62 33856.20 33803.72 33925.00 33880.95 33808.00 33705.51 33520.80 33379.36 33247.98 33130.61 33025.21 32928.91 32849.46
25578.57 25675.16 25823.91 26013.04 26232.22 26474.30 26734.41 27009.20 27296.53 27595.53 27906.81 28231.57 28624.52 28963.06 29262.42 29615.94 29937.60 30266.98 30599.24 30921.36 31186.11 31439.29 31411.56 31538.00 31617.25 31685.88 31717.93 31733.70 31735.99 31730.55 31680.77 31675.83 31709.77 31716.28 31861.85 32062.30 32368.67 32619.66 32875.94 33055.84 33349.89 33587.12 33784.21 33935.26 33896.39 33940.76 33924.95 33988.73 33898.98 33893.83 33807.54 33738.11 33850.02 33765.60 33670.13 33506.56 33363.59 33219.60 33081.40 32945.75 32822.44 32714.27 32617.41
25886.50 25981.68 26121.70 26299.78 26508.66 26742.29 26996.11 27266.85 27552.34 27851.32 28163.11 28486.71 28877.11 29208.93 29504.67 29812.50 30116.08 30413.62 30701.03 30939.14 31186.12 31398.05 31425.65 31455.96 31554.69 31629.56 31714.95 31764.28 31802.87 31836.51 31848.84 31884.53 31906.57 31990.70 32089.67 32267.28 32542.04 32765.43 32994.77 33203.14 33414.11 33619.81 33784.41 33906.73 33841.62 33882.39 33865.35 33922.95 33856.26 33821.93 33722.93 33636.50 33722.22 33617.14 33460.91 33322.80 33175.07 33022.90 32861.43 32716.31 32585.35 32466.75 32355.31
26199.10 26289.02 26424.27 26594.81 26795.59 27021.82 27269.60 27535.91 27818.60 28116.14 28427.11 28749.44 29079.55 29464.76 29727.62 30024.20 30306.60 30570.65 30813.49 31003.76 31202.51 31243.09 31374.86 31487.06 31510.81 31610.86 31727.08 31810.89 31885.17 31954.64 32027.01 32086.58 32117.07 32208.45 32331.86 32475.55 32652.56 32845.28 33045.85 33288.37 33470.46 33647.46 33784.74 33883.00 33811.39 33824.89 33798.19 33837.98 33760.67 33667.61 33784.04 33669.33 33544.95 33440.39 33264.18 33111.43 32958.65 32776.12 32610.45 32458.44 32320.82 32194.95 32073.41
26508.45 26611.53 26727.63 26893.08 27087.60 27307.50 27549.49 27810.95 28089.87 28384.73 28694.00 29015.26 29344.23 29611.37 29965.20 30251.89 30513.25 30742.96 30908.04 31051.86 31116.85 31228.86 31339.91 31450.68 31509.84 31623.13 31725.66 31873.60 31981.47 32082.35 32182.67 32259.50 32311.46 32406.90 32524.00 32656.23 32811.18 32978.76 33152.93 33363.96 33519.91 33671.76 33786.34 33863.90 33774.38 33770.44 33727.98 33739.13 33646.98 33538.28 33634.37 33500.87 33356.94 33177.17 33044.61 32876.94 32711.22 32511.77 32336.70 32177.21 32034.58 31905.99 31785.86
26821.76 26931.40 27077.08 27190.95 27380.57 27594.93 27831.31 28087.40 28361.47 28652.31 28958.88 29279.28 29540.26 29859.25 30129.92 30497.58 30736.90 30935.70 31047.26 31136.72 31151.34 31222.07 31311.35 31422.73 31548.99 31646.24 31784.09 31942.88 32078.34 32219.17 32254.56 32417.26 32491.69 32588.10 32729.20 32845.74 32899.77 33038.78 33185.55 33421.75 33556.43 33724.72 33824.52 33887.05 33828.83 33797.31 33726.01 33612.67 33496.26 33364.78 33527.17 33370.84 33133.74 32948.14 32805.99 32623.38 32406.86 32226.19 32044.89 31876.75 31690.84 31597.32 31497.64
27113.45 27238.00 27388.90 27544.49 27740.26 27880.70 28111.52 28361.68 28629.63 28914.60 29197.02 29437.20 29774.61 30104.64 30427.46 30767.50 31004.24 31169.79 31208.81 31235.01 31191.56 31213.19 31278.58 31396.04 31550.05 31686.73 31863.66 32051.24 32212.82 32356.24 32455.75 32555.32 32656.40 32741.38 32888.16 32989.74 33018.03 33135.10 33323.59 33475.49 33590.87 33745.73 33830.96 33879.16 33798.31 33741.92 33643.90 33505.18 33366.03 33240.49 33345.11 33171.99 32908.01 32706.54 32504.17 32318.09 32061.38 31870.08 31690.35 31511.64 31363.11 31247.50 31211.38
27395.19 27522.82 27674.63 27849.41 28045.50 28236.74 28471.31 28615.74 28876.17 29153.73 29449.78 29686.23 30018.17 30362.07 30702.18 31016.10 31303.07 31435.84 31390.91 31346.55 31234.61 31193.48 31230.23 31366.39 31562.30 31789.59 31967.93 32183.24 32365.61 32496.29 32604.32 32706.21 32806.12 32868.43 32953.89 33074.92 33116.75 33211.81 33378.81 33511.02 33608.71 33752.66 33829.53 33871.29 33805.42 33682.47 33551.23 33384.44 33222.10 33076.56 33148.72 32961.18 32665.52 32457.26 32190.70 31972.49 31764.17 31560.65 31364.40 31180.22 31023.63 30923.43 30888.50
27665.83 27796.17 27948.85 28122.98 28317.05 28529.24 28737.84 28978.56 29135.33 29403.80 29599.81 29905.55 30247.30 30605.53 30964.98 31310.68 31636.38 31734.23 31598.13 31478.00 31345.09 31164.45 31155.79 31335.97 31603.11 31876.62 32139.38 32343.11 32522.83 32642.13 32747.45 32847.97 32945.82 33001.53 33067.87 33162.05 33237.52 33221.45 33411.71 33505.16 33602.34 33734.77 33807.55 33818.69 33777.37 33607.36 33437.01 33243.44 33042.52 32899.17 32873.01 32660.77 32424.27 32150.19 31916.40 31690.19 31477.91 31265.15 31050.85 30843.28 30670.60 30621.70 30609.14
27925.78 28056.52 28210.05 28383.73 28576.14 28785.61 29010.23 29247.89 29347.17 29603.12 29871.16 30106.01 30462.91 30825.15 31189.36 31552.05 31909.63 31933.38 31780.11 31618.13 31445.33 31259.87 31070.57 31388.48 31697.06 31995.22 32282.40 32558.54 32669.61 32776.94 32878.41 32975.55 33069.91 33121.21 33162.60 33205.35 33189.48 33240.06 33297.14 33472.84 33532.15 33677.86 33732.94 33786.42 33635.14 33427.71 33222.77 33042.71 32845.32 32647.51 32661.26 32443.45 32132.20 31898.76 31656.48 31425.15 31216.62 30999.72 30775.06 30543.20 30304.46 30336.60 30351.21
28170.95 28327.95 28456.77 28630.15 28821.17 29028.40 29214.95 29342.04 29584.30 29822.46 30092.65 30388.17 30672.82 31016.65 31358.83 31684.15 31879.22 31945.78 31899.79 31764.05 31617.14 31501.79 31485.93 31590.56 31862.61 32146.23 32423.31 32647.81 32767.83 32890.35 32993.96 33086.29 33211.35 33267.96 33244.02 33262.26 33322.62 33239.28 33429.74 33414.79 33541.62 33589.31 33604.63 33521.74 33443.84 33244.69 33051.68 32888.85 32629.74 32470.12 32445.57 32119.63 31911.62 31678.88 31390.01 31163.47 30990.97 30774.03 30554.63 30341.60 30201.24 30147.42 30125.80
28400.98 28559.31 28732.09 28918.70 29014.93 29211.27 29423.04 29648.83 29791.43 30072.52 30342.32 30632.19 30907.40 31182.47 31488.40 31761.79 31881.08 31962.47 31991.62 31914.84 31844.01 31780.29 31804.08 31939.18 32075.08 32323.21 32555.00 32754.55 32913.87 32993.77 33099.55 33218.62 33275.33 33263.60 33269.01 33267.40 33304.66 33300.08 33369.34 33427.86 33411.82 33417.74 33387.99 33334.76 33145.63 32965.06 32789.95 32636.85 32449.09 32227.05 31941.26 31913.32 31704.33 31483.12 31257.63 31032.69 30760.37 30583.70 30376.87 30213.93 30072.26 29985.13 29924.42
28614.83 28773.78 28946.13 29035.03 29212.76 29406.95 29616.54 29840.41 30077.48 30266.05 30532.73 30813.57 31103.87 31392.84 31624.11 31838.45 31920.04 32012.51 32093.34 32070.68 32047.82 32033.88 32078.82 32193.83 32363.38 32524.37 32740.39 32881.02 33032.72 33183.43 33246.22 33237.26 33274.99 33292.86 33293.06 33256.51 33267.63 33301.77 33266.44 33287.63 33256.13 33235.53 33146.13 33056.44 32808.01 32667.59 32506.18 32365.70 32175.30 32005.26 31713.13 31718.75 31512.01 31303.38 31092.35 30876.09 30658.03 30441.78 30214.72 30044.55 29934.58 29796.18 29685.04
28811.49 28970.32 29061.12 29219.45 29394.62 29586.01 29792.79 30013.97 30248.40 30439.70 30700.65 30971.57 31246.21 31514.43 31706.53 31906.60 32027.46 32133.31 32195.65 32203.53 32208.81 32236.56 32312.73 32405.47 32546.37 32713.23 32891.89 33018.42 33152.37 33263.87 33330.94 33294.39 33317.08 33315.82 33292.91 33289.83 33364.48 33307.68 33241.14 33168.79 33106.99 32996.45 32954.96 32702.10 32589.12 32325.70 32184.40 32031.84 31868.91 31689.41 31523.19 31355.71 31385.21 31144.41 30946.09 30739.17 30527.68 30245.03 30120.50 29942.05 29811.09 29656.21 29469.24
28990.05 29092.63 29231.61 29386.99 29558.66 29760.27 29964.02 30183.02 30416.10 30661.62 30917.00 31108.37 31351.80 31587.79 31806.20 31993.86 32131.06 32222.06 32301.91 32329.30 32359.66 32394.34 32463.89 32572.50 32716.63 32870.41 33019.34 33186.54 33264.82 33313.33 33363.87 33384.79 33374.31 33334.29 33330.01 33258.27 33295.61 33201.61 33096.78 32986.09 32890.77 32819.36 32665.57 32402.52 32281.53 32160.54 31883.63 31754.53 31601.40 31460.23 31317.72 31172.48 31212.14 31052.53 30821.30 30623.34 30343.64 30150.78 29962.93 29787.61 29688.49 29516.53 29344.51
