data/SP espacial/HLIFS_SP.grd
DSAA
132	56
0.0000	120.0000
0.0000	50.0000
22311.4800	37354.0759
[rows 0 to 27 of 56, columns 63 to 125 of 132]
31748.34 31644.72 31530.67 31439.74 31481.18 31510.70 31528.89 31536.69 31535.43 31526.78 31512.66 31495.12 31368.59 31323.46 31290.59 31255.32 31157.73 31135.76 31097.52 31066.37 31011.96 30895.63 30796.85 30737.35 30643.21 30641.87 30679.05 30670.01 30541.55 30476.21 30413.30 30288.28 30182.99 30384.23 30286.29 30020.11 29905.38 29726.23 29649.00 29554.92 29310.36 29186.04 29061.59 28937.88 28907.77 28738.25 28614.28 28431.92 28242.57 28188.72 28026.90 27875.42 27771.26 27652.48 27549.22 27463.10 27325.48 27242.81 27172.58 27232.64 27176.27 27130.26 27093.70
31907.01 31810.01 31720.72 31652.49 31661.45 31675.10 31681.33 31678.15 31666.11 31646.80 31622.42 31525.92 31477.31 31472.05 31392.86 31357.54 31285.02 31254.75 31221.45 31192.92 31146.01 31090.07 30978.03 30911.84 30847.77 30827.18 30836.43 30765.82 30700.76 30644.82 30570.19 30479.19 30326.00 30431.43 30321.54 30060.88 29874.36 29753.89 29653.69 29469.23 29336.97 29203.81 29070.59 28937.92 28841.93 28701.47 28553.27 28379.17 28191.89 28093.90 27925.55 27766.76 27646.33 27519.84 27409.24 27316.69 27186.97 27104.09 27140.20 27075.23 27023.34 26983.11 26953.47
32087.61 32004.91 31934.84 31884.38 31866.77 31857.74 31846.07 31827.35 31800.82 31767.69 31730.29 31636.07 31605.83 31556.45 31512.59 31452.07 31393.62 31368.86 31343.75 31322.50 31288.48 31247.56 31162.43 31115.02 31070.10 31040.39 31022.52 30974.29 30890.45 30818.63 30728.71 30622.90 30503.69 30479.87 30302.70 30160.33 29916.04 29781.16 29654.82 29497.15 29354.67 29211.48 29068.14 28924.70 28803.62 28649.17 28487.22 28312.62 28129.07 27997.76 27825.21 27660.83 27525.89 27391.40 27273.10 27148.38 27049.28 26898.90 26976.08 26915.11 26869.97 26838.80 26819.55
32276.91 32205.87 32144.67 32108.94 32075.41 32046.87 32016.36 31979.83 31936.13 31886.33 31808.59 31749.71 31686.67 31630.32 31583.40 31547.39 31514.39 31474.17 31460.54 31451.12 31434.39 31412.88 31355.69 31325.17 31290.51 31255.71 31219.60 31177.13 31084.95 30994.63 30886.92 30764.19 30629.02 30492.58 30338.07 30147.27 29996.19 29804.47 29692.93 29515.52 29362.54 29209.05 29055.30 28901.01 28757.39 28592.19 28421.94 28244.75 28083.87 27903.94 27727.96 27558.57 27410.57 27267.86 27141.40 27016.22 26878.50 26789.64 26818.88 26765.47 26729.76 26708.99 26700.25
32464.33 32401.86 32345.48 32321.89 32277.51 32233.40 32185.39 32130.55 32067.98 31992.87 31911.36 31829.55 31753.78 31688.84 31638.29 31603.99 31587.82 31577.60 31566.92 31573.53 31577.81 31601.02 31549.81 31534.68 31507.96 31469.70 31419.50 31340.94 31278.93 31168.51 31041.22 30899.98 30747.62 30541.02 30343.63 30177.10 30012.21 29825.02 29712.86 29524.00 29360.68 29197.16 29033.52 28851.27 28683.94 28533.65 28357.87 28178.33 27997.59 27815.72 27636.67 27462.52 27302.46 27150.79 26988.20 26875.46 26767.85 26680.83 26671.00 26627.27 26603.65 26595.91 26599.86
32642.22 32586.82 32534.06 32520.28 32467.83 32411.10 32347.45 32274.74 32199.01 32097.44 31994.31 31893.35 31801.82 31726.28 31671.45 31639.50 31629.97 31640.85 31663.74 31684.07 31746.89 31763.34 31737.96 31740.77 31722.37 31681.67 31618.70 31519.39 31467.47 31335.61 31187.40 31026.60 30856.36 30559.63 30380.65 30199.17 30020.70 29846.49 29721.81 29522.27 29349.18 29176.37 29003.86 28793.71 28620.36 28474.48 28295.28 28103.08 27918.89 27735.78 27554.30 27375.65 27204.27 27038.88 26898.96 26768.18 26657.32 26571.86 26531.76 26500.61 26492.66 26501.41 26520.57
32804.27 32755.91 32707.00 32700.92 32642.05 32574.77 32497.45 32397.08 32309.00 32187.68 32060.16 31935.69 31824.60 31736.05 31676.28 31647.65 31647.31 31675.10 31722.65 31819.61 31868.89 31914.84 31918.29 31939.59 31933.94 31891.44 31815.01 31693.63 31645.66 31490.80 31320.66 31139.82 30889.03 30631.54 30407.42 30211.56 30020.16 29834.25 29715.15 29509.99 29328.06 29147.04 28913.70 28734.30 28556.75 28380.51 28234.23 28032.96 27849.10 27666.34 27483.86 27301.48 27134.98 26958.19 26804.28 26663.51 26546.42 26461.69 26400.20 26385.76 26398.54 26428.37 26465.89
32944.20 32904.16 32882.01 32827.05 32795.11 32718.50 32618.02 32534.14 32407.42 32260.98 32104.11 31950.54 31815.10 31710.66 31645.60 31619.47 31634.18 31681.61 31755.94 31842.47 31970.07 32049.71 32086.71 32133.63 32139.71 32098.92 31999.52 31858.74 31807.60 31628.04 31435.47 31234.93 30926.39 30691.89 30421.41 30212.31 30009.13 29812.67 29681.14 29453.45 29260.11 29109.32 28856.15 28673.09 28493.05 28315.78 28140.92 27970.11 27789.00 27609.27 27428.44 27265.05 27056.27 26888.20 26719.31 26562.88 26434.55 26348.66 26275.07 26283.50 26324.17 26381.21 26440.93
33050.52 33025.72 33012.13 32957.80 32919.77 32825.88 32747.23 32631.03 32488.49 32313.72 32120.74 31931.13 31765.59 31641.86 31572.03 31553.91 31586.15 31656.01 31756.19 31922.08 32042.86 32160.00 32236.69 32318.57 32346.12 32301.54 32180.74 32007.16 31800.38 31739.80 31525.50 31300.89 30978.18 30731.80 30420.16 30199.59 29986.27 29851.60 29638.06 29402.29 29206.66 29011.84 28795.10 28609.91 28428.93 28252.26 28080.01 27913.97 27738.69 27565.78 27418.30 27227.52 27020.09 26838.58 26649.29 26469.43 26321.48 26230.42 26155.14 26196.09 26274.39 26366.25 26452.76
33181.32 33108.29 33112.06 33057.18 32996.67 32915.55 32813.43 32700.41 32549.60 32340.99 32102.38 31870.01 31668.73 31521.21 31448.88 31446.57 31501.76 31596.05 31721.85 31922.57 32070.76 32197.40 32355.61 32486.65 32550.55 32501.34 32341.92 32130.32 31893.35 31816.86 31577.31 31344.78 31003.92 30748.52 30401.53 30171.82 29950.46 29801.96 29557.18 29342.91 29146.59 28949.01 28730.41 28544.59 28364.08 28189.30 28021.13 27863.33 27697.25 27569.18 27396.70 27177.57 27013.81 26816.80 26602.56 26391.07 26209.82 26104.02 26041.08 26130.12 26257.13 26391.28 26509.92
33200.13 33177.92 33191.73 33109.52 32977.98 32916.99 32815.83 32725.09 32588.56 32329.29 32034.34 31760.02 31522.51 31342.33 31269.61 31302.08 31384.78 31502.47 31650.53 31880.56 32055.56 32246.65 32423.34 32613.36 32750.01 32684.90 32456.23 32195.31 31936.52 31828.04 31596.35 31354.40 31000.50 30739.90 30363.91 30127.91 29974.62 29742.52 29495.01 29277.29 29066.28 28880.96 28681.79 28497.36 28298.52 28126.55 27962.99 27816.74 27701.91 27544.36 27391.33 27201.21 27043.92 26828.49 26590.87 26347.24 26115.62 25966.55 25944.77 26104.28 26284.12 26461.62 26619.63
33148.79 33148.55 33151.52 33084.15 32979.42 32819.96 32714.15 32643.46 32596.49 32223.21 31890.02 31597.00 31343.35 31127.70 31070.17 31141.07 31244.39 31378.38 31541.64 31791.88 31983.19 32193.23 32381.76 32625.27 32877.19 32763.56 32463.53 32177.07 31886.11 31626.23 31587.50 31333.57 30966.10 30704.80 30267.47 30025.48 29906.79 29673.04 29424.85 29205.34 28993.03 28803.73 28613.95 28431.03 28255.25 28086.64 27925.00 27818.89 27667.25 27524.75 27313.42 27235.26 27099.03 26867.03 26625.86 26374.30 26111.39 25836.54 25940.23 26158.19 26368.10 26569.96 26763.95
33004.53 32974.81 32912.16 32830.29 32758.86 32623.20 32482.81 32370.75 32218.00 31948.91 31650.95 31380.17 31151.96 30985.19 30930.77 30983.17 31087.06 31279.37 31446.95 31639.51 31850.67 32060.57 32235.58 32443.02 32594.67 32539.02 32316.44 32041.79 31783.91 31541.53 31517.52 31268.77 30900.61 30643.38 30182.82 29942.26 29826.98 29593.74 29346.87 29127.20 28915.06 28706.01 28541.89 28362.39 28191.71 28030.69 27891.20 27782.78 27639.05 27507.08 27306.90 27229.56 27104.10 26920.07 26712.54 26496.89 26290.50 26163.53 26144.48 26320.79 26514.84 26704.42 26872.81
32790.93 32732.03 32652.62 32552.81 32424.67 32300.77 32131.36 31984.01 31810.75 31578.93 31334.59 31109.98 30927.57 30808.64 30769.48 30862.98 30962.70 31100.37 31266.95 31456.96 31663.73 31859.10 31999.43 32153.75 32242.74 32203.21 32064.70 31842.52 31649.43 31406.40 31404.78 31168.47 30805.90 30557.19 30082.57 29846.53 29736.00 29505.33 29261.66 29043.33 28830.21 28629.20 28465.46 28290.84 28126.97 27975.30 27838.33 27704.09 27615.65 27351.31 27301.61 27233.71 27134.02 27000.18 26846.44 26691.14 26560.46 26498.72 26440.70 26562.95 26717.94 26875.81 27014.90
32535.96 32443.31 32330.13 32203.77 32060.95 31902.45 31720.03 31543.06 31357.88 31165.04 30966.49 30789.80 30655.56 30576.80 30611.25 30660.74 30758.89 30893.62 31055.74 31238.30 31435.03 31609.59 31713.59 31828.98 31891.23 31863.83 31747.64 31595.49 31443.99 31231.44 31256.06 31037.49 30685.53 30449.03 29968.80 29740.04 29635.29 29409.04 29170.20 28954.52 28747.56 28548.80 28361.02 28215.55 28059.20 27922.47 27783.37 27662.56 27553.19 27341.07 27310.46 27265.43 27200.01 27114.22 27016.51 26921.54 26849.68 26824.51 26755.10 26844.86 26963.94 27090.26 27206.58
32252.89 32135.82 32058.18 31898.41 31671.70 31487.08 31275.72 31075.97 30884.23 30707.14 30554.17 30427.94 30338.64 30345.79 30361.52 30424.46 30527.32 30661.41 30818.72 30992.23 31175.14 31331.67 31405.56 31495.85 31545.65 31511.75 31438.73 31325.83 31210.17 31028.97 31079.96 30882.20 30673.45 30067.92 29844.41 29625.16 29526.83 29306.55 29073.90 28866.57 28661.27 28465.37 28280.90 28136.04 27987.31 27851.45 27726.22 27639.81 27531.67 27342.14 27336.75 27322.26 27295.45 27256.77 27211.56 27169.50 27143.15 27144.74 27076.14 27147.61 27240.25 27340.96 27438.77
31957.96 31823.49 31728.27 31540.53 31273.73 31055.45 30834.15 30588.60 30389.51 30225.19 30102.21 30024.07 30029.83 30034.20 30079.23 30160.81 30273.05 30409.33 30563.09 30728.06 30898.00 31066.19 31090.64 31164.71 31208.49 31179.63 31130.42 31048.86 30961.86 30810.35 30589.85 30709.49 30519.29 29923.02 29712.82 29670.18 29413.02 29199.94 28974.54 28774.47 28572.65 28379.89 28198.70 28032.00 27910.81 27777.07 27666.50 27601.98 27514.62 27354.80 27379.09 27399.42 27413.26 27420.49 27423.75 27427.99 27439.40 27463.47 27403.56 27464.27 27537.76 27618.24 27700.52
31669.59 31576.77 31409.42 31193.11 30931.88 30677.19 30375.26 30083.20 29872.70 29719.58 29626.87 29589.91 29655.05 29699.95 29776.76 29880.05 30004.65 30145.42 30297.25 30455.03 30613.67 30768.05 30794.47 30850.30 30835.60 30830.08 30806.98 30737.29 30737.45 30606.38 30387.59 30215.14 30032.13 29939.45 29744.10 29543.91 29383.93 29181.17 28977.71 28681.41 28483.48 28293.92 28115.60 27952.08 27745.81 27621.56 27603.40 27315.55 27344.67 27323.76 27368.96 27418.06 27468.02 27517.46 27566.47 27615.88 27666.59 27719.17 27794.25 27851.85 27912.38 27976.18 28043.26
31387.81 31295.20 31116.37 30871.64 30565.65 30254.58 29899.90 29572.78 29323.39 29190.57 29133.63 29174.47 29238.18 29357.56 29467.86 29594.24 29732.48 29878.98 30030.11 30182.04 30330.93 30402.64 30488.19 30489.34 30522.73 30520.17 30496.84 30460.45 30484.36 30376.72 30186.07 30035.92 29872.81 29785.44 29604.29 29416.45 29269.84 29075.44 28879.25 28589.71 28396.07 28209.70 28033.64 27822.07 27654.45 27539.67 27459.67 27290.19 27344.66 27353.90 27434.99 27523.19 27615.18 27708.91 27802.62 27893.84 27978.60 28052.38 28137.42 28187.56 28232.90 28279.90 28333.79
31152.64 31044.27 30865.37 30593.73 30233.52 29817.29 29422.47 28991.18 28740.38 28621.30 28644.48 28720.48 28839.61 29037.57 29170.34 29316.07 29467.32 29619.53 29770.53 29917.62 30005.34 30143.38 30182.21 30194.30 30226.65 30226.46 30217.52 30213.08 30223.60 30139.16 30064.13 29861.97 29763.35 29605.65 29466.26 29290.90 29157.44 28971.93 28783.60 28501.96 28313.17 28130.22 27901.71 27734.59 27588.79 27456.39 27389.36 27265.41 27348.94 27393.37 27511.84 27639.03 27771.89 27908.42 28046.02 28179.90 28301.11 28397.57 28489.21 28528.28 28555.30 28583.40 28623.19
30833.78 30831.54 30672.98 30378.43 29950.27 29407.34 28885.78 28418.67 28126.28 28044.35 28145.05 28294.50 28473.13 28659.42 28888.76 29056.74 29218.71 29375.45 29387.91 29612.86 29751.57 29826.99 29913.05 29920.10 29948.92 29951.09 29958.59 29972.31 30003.48 29938.24 29803.61 29694.55 29711.62 29465.73 29333.15 29170.05 29049.32 28873.09 28693.28 28436.40 28245.27 28058.61 27878.99 27657.98 27511.53 27373.81 27314.35 27240.53 27359.39 27443.71 27599.39 27763.27 27933.84 28110.18 28290.03 28468.37 28632.59 28757.17 28849.71 28869.87 28873.83 28879.93 28903.09
30595.31 30558.25 30549.50 30239.68 29676.64 29079.38 28460.89 27867.68 27475.50 27511.25 27701.73 27928.66 28161.18 28387.20 28590.00 28824.41 28992.82 29023.95 29178.32 29338.91 29474.61 29598.49 29585.93 29626.29 29691.61 29697.95 29727.48 29758.75 29742.87 29757.96 29647.82 29554.99 29474.48 29161.17 29014.78 29056.28 28947.69 28771.88 28630.32 28369.57 28177.33 27998.28 27824.54 27600.38 27423.71 27302.25 27088.95 27184.39 27349.54 27510.43 27699.66 27894.67 28096.98 28307.50 28524.29 28745.39 28855.77 29028.63 29077.53 29200.91 29181.60 29166.43 29167.35
30356.10 30349.64 30330.07 30072.69 29452.64 28811.30 28149.27 27467.75 26824.23 27114.30 27392.89 27661.26 27920.75 28172.57 28326.63 28505.76 28679.75 28847.69 29014.81 29158.41 29290.94 29410.54 29395.27 29427.67 29435.81 29447.82 29489.14 29580.69 29575.91 29539.68 29605.43 29528.57 29360.06 29239.45 28923.84 28780.51 28875.23 28710.98 28556.58 28170.46 27999.20 27900.02 27738.63 27585.39 27203.86 27032.20 27058.58 27143.76 27336.52 27520.90 27722.54 27933.51 28149.90 28369.66 28601.45 28889.38 29150.65 29425.64 29406.39 29371.03 29353.77 29341.93 29337.26
30105.87 30065.78 29872.48 29566.02 29194.23 28606.88 28001.57 27424.73 27064.54 27067.64 27271.86 27512.22 27756.98 27945.94 28160.53 28348.51 28495.00 28706.92 28775.69 29015.15 29147.31 29267.70 29253.91 29293.56 29319.75 29324.23 29352.86 29442.85 29413.18 29420.00 29491.29 29421.79 29263.04 28975.11 28848.38 28808.10 28833.58 28650.10 28497.09 28123.24 27965.95 27814.31 27620.59 27491.62 27190.82 27128.16 27148.46 27273.97 27436.82 27638.89 27855.71 28098.78 28327.33 28560.50 28801.13 29087.50 29335.74 29535.87 29609.97 29620.94 29631.94 29645.88 29677.73
29857.54 29676.90 29519.48 29231.53 28815.52 28464.62 27969.30 27560.87 27278.06 27204.93 27289.56 27466.38 27630.83 27820.21 28022.27 28209.13 28384.88 28502.90 28659.10 28809.33 28953.18 29090.87 29157.99 29209.10 29242.21 29268.12 29261.51 29266.23 29310.64 29328.81 29400.65 29335.67 29301.36 29094.29 28875.95 28749.13 28780.38 28471.22 28261.50 28109.75 27896.41 27762.81 27641.29 27536.18 27302.16 27306.11 27323.35 27425.42 27597.52 27797.93 28017.34 28248.44 28444.48 28740.47 28977.93 29247.48 29470.77 29650.39 29765.00 29832.11 29889.19 29945.01 30017.31
29534.98 29429.70 29250.53 28988.59 28648.23 28271.98 27951.27 27622.31 27458.19 27328.23 27354.30 27442.82 27607.71 27788.72 27971.42 28149.12 28320.32 28430.73 28584.49 28733.66 28878.37 29019.61 29014.97 29081.20 29117.16 29213.32 29180.34 29170.55 29186.91 29157.40 29224.69 29274.00 29133.41 29037.18 28828.65 28543.93 28416.47 28447.51 28248.89 28110.27 27900.27 27784.30 27683.11 27602.26 27388.89 27460.10 27458.84 27602.52 27773.70 27975.90 28191.80 28423.07 28623.52 28854.02 29083.07 29394.22 29602.27 29779.38 29918.90 30028.24 30098.92 30197.05 30305.40
29357.10 29223.39 29049.09 28836.05 28560.30 28258.20 27963.01 27754.50 27575.51 27490.14 27491.55 27496.19 27663.04 27813.22 27974.25 28138.32 28249.09 28401.19 28551.10 28698.31 28842.96 28986.20 28983.54 29046.55 29081.63 29108.13 29142.76 29126.09 29143.89 29222.25 29176.32 29113.94 29154.20 28905.83 28640.01 28526.14 28408.04 28287.73 28256.27 28130.35 27922.06 27822.93 27740.68 27503.49 27520.16 27572.09 27622.60 27777.77 27954.92 28160.45 28359.03 28607.83 28813.08 29035.13 29251.58 29459.37 29654.51 29918.67 30052.24 30197.78 30335.04 30471.75 30613.39
29221.49 29087.25 28929.74 28739.60 28521.16 28287.98 28056.63 27853.78 27740.27 27627.22 27609.67 27643.41 27714.68 27882.82 28023.10 28208.96 28358.95 28507.88 28653.36 28794.07 28844.11 28986.95 28999.18 29043.61 29075.92 29097.39 29108.52 29110.75 29236.14 29202.41 29153.50 29089.68 29011.65 28738.19 28637.66 28531.90 28422.52 28311.42 28282.74 28168.75 27839.35 27875.98 27621.09 27621.80 27652.31 27719.11 27826.84 27935.03 28117.63 28329.70 28558.85 28793.22 29023.58 29244.38 29431.63 29624.05 29789.43 29969.61 30145.56 30392.89 30564.21 30745.58 30924.54
