data/SP espacial/HLIFS_SP.grd
DSAA
132	56
0.0000	120.0000
0.0000	50.0000
22311.4800	37354.0759
[rows 28 to 55 of 56, columns 0 to 62 of 132]
29116.45 29271.84 29418.85 29579.16 29753.28 29901.19 30101.20 30316.58 30546.14 30788.01 31039.32 31277.41 31446.04 31677.45 31891.92 32077.64 32236.34 32319.81 32401.56 32445.79 32479.18 32518.07 32593.57 32703.07 32850.30 32993.87 33131.63 33212.25 33368.14 33395.04 33437.45 33448.56 33424.75 33409.53 33315.71 33208.52 33210.64 33076.95 32932.31 32782.57 32704.74 32549.01 32281.21 32092.70 31966.26 31852.47 31592.23 31457.45 31358.12 31244.10 31128.02 31007.56 31066.11 30927.61 30675.20 30511.23 30271.15 30077.85 29887.07 29707.71 29575.02 29395.37 29272.31
29255.18 29402.65 29550.20 29706.14 29875.38 30058.58 30255.78 30466.42 30689.37 30884.63 31115.91 31354.40 31594.42 31828.15 31986.89 32181.61 32319.58 32468.37 32492.49 32527.20 32561.57 32612.55 32711.20 32799.65 32924.83 33070.21 33235.56 33342.84 33456.03 33522.95 33565.67 33548.87 33514.05 33433.93 33308.68 33207.52 33109.03 32933.75 32748.73 32560.17 32445.66 32151.20 31981.32 31771.16 31641.71 31488.56 31394.26 31200.40 31110.64 31045.48 30958.07 30864.56 30803.67 30738.62 30611.03 30457.74 30282.36 30029.77 29889.37 29694.86 29518.38 29355.81 29226.74
29378.87 29523.44 29672.99 29810.24 29972.91 30149.80 30341.00 30545.99 30763.73 30935.02 31166.14 31405.90 31649.47 31890.28 32066.29 32287.82 32418.60 32527.45 32604.86 32585.19 32635.76 32668.20 32732.24 32833.25 32967.02 33156.20 33293.06 33435.62 33548.06 33586.80 33610.38 33588.65 33546.80 33448.43 33290.28 33113.21 32962.56 32801.21 32578.48 32304.58 32099.25 31860.36 31626.07 31443.45 31235.26 31178.79 31113.86 30996.77 30977.38 30942.52 30693.08 30699.50 30629.56 30687.59 30579.63 30437.28 30263.19 30067.21 29852.10 29650.90 29488.40 29335.49 29256.35
29487.19 29626.51 29767.41 29915.98 30043.95 30213.41 30397.60 30595.90 30760.21 30957.22 31187.21 31427.67 31700.36 31866.47 32112.47 32341.61 32502.44 32607.24 32694.80 32689.08 32623.96 32641.25 32699.16 32805.04 33038.17 33189.99 33311.18 33462.35 33568.24 33598.84 33632.23 33667.44 33636.69 33451.45 33275.93 33029.11 32836.74 32569.09 32358.58 32071.17 31835.03 31529.20 31289.03 31085.37 30927.44 30861.11 30839.98 30760.93 30757.59 30771.57 30582.98 30626.59 30760.62 30680.21 30586.35 30456.67 30274.83 30118.23 29900.10 29646.70 29471.09 29361.07 29301.82
29579.97 29709.14 29802.52 29926.25 30066.18 30222.43 30424.48 30566.41 30771.81 30977.90 31202.33 31438.37 31594.94 31848.89 32110.70 32372.28 32580.87 32674.24 32699.29 32659.12 32630.18 32558.52 32604.77 32825.10 32973.18 33141.64 33319.62 33455.59 33517.16 33540.89 33559.65 33581.57 33614.83 33513.90 33202.28 32897.81 32667.83 32283.10 32124.91 31864.97 31559.72 31232.12 30964.54 30702.80 30566.54 30561.35 30595.31 30556.01 30506.03 30540.53 30657.04 30581.68 30744.75 30697.55 30628.53 30517.57 30392.88 30180.52 29945.70 29702.72 29467.49 29398.46 29405.83
29663.08 29743.71 29841.74 29956.93 30088.86 30236.95 30400.54 30578.89 30731.62 30934.85 31152.15 31291.90 31527.13 31777.97 32043.70 32323.75 32617.81 32703.80 32626.89 32566.65 32524.50 32501.84 32561.24 32697.79 32851.86 33023.21 33211.32 33415.49 33401.48 33383.82 33386.94 33410.14 33452.49 33384.97 33032.19 32696.52 32345.04 32049.77 31768.69 31622.56 31348.13 31006.38 30729.24 30450.54 30290.53 30381.63 30465.21 30326.40 30393.85 30455.47 30601.26 30643.44 30772.69 30756.50 30722.56 30678.25 30498.05 30291.94 30059.80 29801.36 29516.02 29544.94 29599.91
29652.41 29748.62 29846.84 29957.74 30083.34 30223.71 30360.36 30522.00 30603.97 30794.30 30956.48 31178.57 31407.40 31646.57 31896.25 32149.07 32411.71 32490.32 32446.18 32404.35 32373.19 32296.29 32335.03 32544.85 32677.53 32827.24 32984.14 33091.52 33104.06 33101.81 33096.21 33096.35 33083.85 32950.40 32688.57 32412.72 32125.19 31780.25 31536.31 31377.50 30988.18 30734.77 30497.65 30298.83 30196.66 30238.08 30315.84 30269.74 30318.86 30402.66 30572.23 30637.90 30656.19 30809.73 30782.81 30760.62 30626.85 30455.70 30260.71 30056.68 29909.28 29865.53 29904.83
29626.95 29723.19 29822.61 29931.04 30051.29 30199.74 30297.88 30349.16 30511.42 30687.35 30875.44 31030.81 31243.10 31461.91 31683.14 31894.50 32099.97 32186.60 32190.19 32182.33 32113.07 32122.77 32166.22 32249.33 32452.26 32565.94 32645.98 32729.18 32763.75 32723.59 32707.87 32677.37 32614.84 32460.90 32252.14 32040.00 31689.83 31442.43 31281.64 31013.89 30786.93 30572.36 30386.26 30246.25 30189.07 30209.08 30274.01 30236.58 30332.90 30396.13 30542.86 30624.30 30692.95 30675.74 30866.17 30874.98 30788.33 30666.94 30527.74 30397.00 30322.75 30310.34 30293.72
29587.37 29679.10 29776.15 29890.03 30007.98 29978.43 30102.22 30238.98 30387.92 30547.95 30726.38 30861.64 31045.26 31238.99 31430.24 31649.49 31780.03 31868.37 31858.10 31876.77 31880.08 31903.71 31947.56 32014.71 32101.00 32175.27 32243.39 32339.56 32353.18 32334.07 32259.55 32205.12 32118.51 31931.06 31823.05 31624.82 31342.90 31136.46 31017.91 30782.83 30596.53 30427.05 30290.72 30198.84 30179.69 30198.50 30262.13 30236.06 30344.65 30420.45 30583.47 30684.06 30738.58 30778.41 30791.35 31062.54 30986.77 30914.96 30830.37 30770.13 30738.05 30741.00 30800.22
29534.55 29618.73 29716.53 29694.75 29786.38 29889.63 30004.02 30128.83 30263.22 30406.13 30556.20 30711.62 30804.71 30972.71 31095.76 31318.47 31455.25 31542.76 31560.79 31598.24 31617.44 31650.42 31692.68 31745.86 31807.57 31846.20 31878.93 31931.19 31920.10 31887.57 31764.84 31720.80 31589.08 31476.22 31370.46 31211.93 30983.67 30822.05 30667.76 30554.60 30412.31 30288.01 30196.38 30144.28 30155.95 30191.07 30264.60 30257.80 30381.35 30512.03 30652.86 30773.94 30860.26 30918.74 31041.14 31063.46 31128.81 31105.85 31080.80 31077.80 31150.63 31212.23 31245.50
29457.06 29520.28 29535.20 29610.76 29696.93 29792.77 29897.29 30009.53 30128.59 30253.53 30383.29 30516.41 30650.92 30724.71 30906.57 31020.07 31120.59 31205.41 31257.73 31307.49 31337.76 31376.65 31416.03 31456.33 31490.32 31504.34 31506.04 31530.12 31496.13 31439.93 31362.24 31230.48 31111.20 31008.52 30891.98 30711.83 30595.88 30481.67 30373.46 30326.64 30229.07 30146.11 30094.01 30076.83 29981.21 30050.25 30155.62 30296.26 30440.82 30593.39 30797.13 30939.81 31065.51 31094.89 31231.80 31280.44 31304.24 31371.73 31397.27 31427.02 31471.32 31534.66 31690.15
29372.32 29392.03 29451.82 29523.13 29603.94 29692.37 29786.88 29886.26 29989.59 30096.14 30205.25 30316.06 30427.18 30591.38 30627.21 30722.87 30812.53 30895.45 30970.80 31022.05 31082.34 31095.84 31131.71 31159.82 31151.76 31151.59 31175.48 31133.22 31072.24 30992.71 30896.10 30784.26 30642.91 30551.72 30460.84 30310.68 30240.34 30173.64 30112.00 30113.81 30057.85 30013.17 29996.59 30011.37 29950.35 30046.18 30176.09 30340.30 30509.10 30686.36 30918.26 31087.30 31240.34 31420.49 31450.48 31522.85 31570.14 31659.81 31709.93 31765.17 31835.29 31924.41 32119.83
29270.01 29311.23 29367.58 29435.62 29511.79 29593.26 29677.97 29764.52 29852.00 29939.99 30028.49 30117.42 30270.53 30342.49 30352.81 30430.76 30509.33 30590.18 30671.54 30731.45 30800.53 30855.46 30853.18 30848.67 30840.19 30815.21 30816.62 30746.29 30659.22 30556.49 30442.98 30339.95 30189.26 30109.50 29949.99 29917.22 29944.58 29926.83 29910.03 29917.88 29899.95 29888.86 29902.40 29944.98 29888.14 30045.23 30203.78 30395.51 30591.98 30880.08 31039.66 31234.88 31456.13 31635.24 31692.24 31784.98 31848.93 31910.36 32009.50 32082.54 32174.78 32290.85 32427.15
29193.64 29230.73 29285.85 29352.54 29425.31 29500.54 29575.94 29649.98 29721.80 29791.26 29859.26 29927.16 30053.26 30105.38 30038.20 30148.23 30213.64 30292.88 30382.97 30472.63 30534.79 30594.67 30578.23 30575.75 30548.45 30555.59 30476.07 30378.59 30267.09 30142.47 30036.88 29917.92 29810.53 29579.67 29562.23 29575.00 29653.53 29682.75 29708.50 29670.77 29762.99 29779.79 29816.57 29880.86 29861.35 30049.20 30240.20 30462.47 30697.56 30985.14 31172.22 31395.43 31656.91 31865.09 32036.10 32055.83 32140.40 32202.00 32341.61 32367.80 32477.27 32620.70 32793.18
29117.63 29153.34 29211.37 29279.24 29349.82 29419.49 29486.16 29548.38 29605.19 29656.42 29722.98 29815.13 29854.59 29768.86 29803.45 29835.63 29880.93 30007.44 30113.26 30220.68 30296.30 30362.62 30378.83 30333.83 30323.40 30270.77 30163.73 30039.17 29877.49 29756.16 29621.28 29532.13 29404.49 29239.51 29208.48 29290.34 29342.75 29483.94 29550.62 29604.04 29640.59 29679.79 29746.71 29721.22 29840.04 30054.23 30304.00 30539.99 30785.32 31046.51 31310.40 31559.94 31858.35 32102.19 32304.19 32439.88 32427.52 32562.07 32604.86 32667.59 32728.52 32899.22 33112.20
29043.07 29085.12 29152.11 29222.55 29290.92 29355.08 29413.59 29465.18 29537.62 29569.25 29591.08 29653.38 29568.20 29595.64 29609.24 29610.17 29618.94 29725.52 29856.71 30006.32 30071.29 30156.51 30184.87 30171.65 30102.14 30030.47 29911.05 29774.19 29598.91 29476.78 29330.54 29159.40 28936.52 28872.94 28935.20 29065.48 29161.90 29273.10 29442.81 29524.24 29586.81 29642.60 29696.26 29692.20 29847.64 30085.02 30355.21 30618.73 30885.53 31165.69 31437.91 31750.25 32051.81 32314.17 32569.15 32731.38 32779.61 32800.23 32827.94 32877.15 32975.60 33137.44 33382.43
28970.93 29047.62 29120.81 29189.70 29253.46 29311.23 29400.29 29443.10 29474.43 29492.82 29496.57 29419.63 29456.05 29475.55 29475.89 29454.93 29410.71 29527.82 29691.71 29826.95 29932.39 30003.16 30036.52 29994.46 29969.62 29869.83 29735.25 29564.99 29401.93 29289.57 29141.81 28958.72 28694.32 28578.32 28787.76 28938.63 29063.88 29275.28 29396.46 29500.58 29586.09 29659.58 29626.56 29699.98 29880.52 30165.85 30441.60 30721.29 31009.23 31289.80 31570.63 31893.86 32213.96 32496.51 32804.08 32983.01 32982.09 32988.66 33009.61 33048.27 33107.86 33319.69 33587.78
29037.15 29069.70 29125.96 29184.48 29284.59 29338.16 29382.98 29418.00 29442.30 29455.34 29458.56 29390.59 29405.41 29416.43 29415.02 29402.60 29399.73 29492.47 29617.35 29736.02 29830.34 29898.05 29899.52 29918.31 29871.55 29774.27 29647.42 29504.75 29329.90 29209.97 29070.77 28912.14 28710.25 28671.16 28787.48 28929.78 29096.32 29278.56 29414.79 29536.33 29688.21 29738.68 29742.46 29859.30 30010.92 30302.72 30578.39 30830.47 31138.55 31417.62 31696.19 32058.19 32333.89 32546.30 32874.29 33039.10 33101.11 33117.30 33151.39 33206.58 33310.11 33477.72 33723.38
29106.67 29123.49 29208.04 29259.36 29308.77 29352.93 29390.05 29419.08 29439.58 29452.06 29459.17 29395.23 29403.49 29411.30 29415.70 29421.14 29443.31 29522.48 29611.39 29703.13 29821.61 29826.42 29894.07 29859.67 29825.80 29738.93 29628.84 29507.51 29339.29 29221.75 29100.41 28926.92 28840.71 28833.85 28909.39 29043.40 29170.99 29321.03 29494.50 29628.73 29795.91 29783.44 29918.44 30045.22 30222.78 30487.94 30744.30 30984.52 31251.64 31548.39 31900.53 32163.42 32359.58 32602.01 32894.71 33051.37 33171.61 33192.92 33248.94 33323.96 33437.66 33581.46 33787.66
29226.92 29246.64 29278.61 29316.18 29354.10 29389.07 29419.17 29443.45 29461.73 29474.82 29422.13 29428.19 29436.44 29446.38 29458.32 29476.25 29507.96 29577.05 29645.89 29675.49 29811.94 29867.58 29885.36 29870.78 29858.82 29753.59 29658.91 29553.72 29402.49 29298.20 29143.38 29058.20 29014.32 29018.06 29080.72 29193.09 29305.86 29451.62 29627.03 29808.06 29948.88 30062.94 30170.86 30262.55 30445.73 30740.99 30931.37 31155.22 31405.24 31681.60 32012.53 32254.10 32459.69 32640.09 32825.89 33056.63 33189.22 33274.66 33300.73 33385.56 33495.98 33619.18 33786.22
29326.41 29339.81 29361.85 29388.49 29416.40 29443.07 29466.93 29487.19 29503.81 29517.49 29477.26 29485.21 29495.93 29510.00 29528.59 29554.23 29590.12 29650.23 29675.59 29747.95 29804.25 29842.43 29921.08 29877.63 29840.01 29782.85 29727.04 29635.59 29506.64 29358.11 29284.34 29224.75 29203.37 29214.00 29278.25 29387.27 29513.59 29623.92 29774.40 29982.97 30115.40 30277.53 30391.20 30494.27 30678.39 30962.17 31176.27 31382.53 31565.96 31795.63 32118.67 32309.78 32514.99 32673.01 32839.31 33075.39 33187.87 33280.56 33390.39 33396.83 33496.86 33600.34 33767.87
29431.09 29439.48 29454.21 29472.25 29491.75 29511.20 29529.53 29546.24 29561.35 29575.41 29551.82 29561.84 29575.64 29594.00 29617.95 29648.77 29687.32 29718.88 29783.48 29842.80 29893.17 29927.06 29994.49 29959.63 29927.28 29874.03 29805.60 29745.07 29580.42 29509.00 29452.47 29412.51 29406.40 29427.09 29499.24 29595.55 29716.66 29855.45 30005.13 30168.45 30336.14 30510.51 30624.60 30798.10 30994.21 31186.63 31383.38 31562.99 31769.28 32017.30 32193.35 32383.74 32564.09 32730.31 32852.61 33063.34 33170.42 33261.25 33363.67 33443.27 33452.36 33562.52 33657.94
29540.69 29544.59 29553.47 29564.39 29576.74 29589.86 29603.28 29616.76 29630.37 29634.35 29642.05 29653.92 29670.58 29692.69 29720.92 29755.73 29774.09 29844.65 29905.11 29963.54 30012.93 30046.22 30081.26 30075.80 30046.67 29998.43 29937.17 29869.30 29739.22 29680.27 29637.41 29613.13 29618.13 29654.51 29721.71 29816.93 29936.11 30074.39 30227.14 30433.88 30529.81 30722.52 30866.98 31042.91 31232.20 31412.93 31540.35 31768.31 31920.58 32095.87 32286.47 32451.55 32608.06 32753.03 32883.95 33041.40 33138.31 33221.01 33307.29 33374.19 33388.00 33449.10 33509.18
29653.92 29654.15 29657.80 29662.35 29668.28 29675.76 29684.74 29695.21 29707.28 29736.50 29744.53 29757.77 29776.69 29801.77 29833.37 29867.19 29918.64 29979.25 30043.10 30105.00 30158.05 30194.52 30224.30 30220.07 30191.47 30144.89 30087.54 30026.07 29910.94 29864.15 29831.86 29820.71 29834.14 29878.39 29948.60 30044.60 30163.82 30302.92 30487.56 30608.59 30771.39 30960.66 31138.80 31310.66 31444.08 31602.29 31752.76 31945.06 32089.10 32232.05 32371.91 32512.52 32646.37 32771.15 32884.94 32991.46 33092.91 33163.59 33227.18 33274.28 33315.84 33303.44 33334.59
29763.96 29763.99 29764.61 29763.59 29763.49 29765.80 29770.75 29778.42 29788.91 29848.30 29856.22 29870.22 29890.62 29917.75 29973.44 29998.86 30057.35 30122.81 30192.37 30261.38 30322.83 30366.98 30391.46 30386.50 30354.47 30305.70 30249.17 30191.58 30094.78 30053.84 30030.21 30030.59 30054.27 30102.31 30175.62 30273.18 30393.33 30533.79 30704.28 30846.56 31014.10 31197.81 31384.45 31559.90 31696.92 31836.98 31962.01 32113.03 32228.99 32345.07 32447.49 32565.08 32677.82 32783.65 32880.84 32954.49 33025.05 33092.35 33112.36 33146.11 33166.98 33138.78 33142.37
29867.29 29869.17 29866.30 29861.75 29858.27 29856.98 29858.47 29863.59 29895.73 29967.20 29974.51 29988.54 30009.53 30050.17 30125.63 30137.66 30200.13 30270.47 30346.65 30425.20 30499.82 30558.30 30578.51 30568.22 30526.69 30471.89 30414.02 30358.86 30281.77 30246.98 30229.31 30238.65 30266.14 30323.02 30399.11 30498.24 30619.34 30760.92 30913.53 31078.02 31249.51 31425.53 31624.49 31809.64 31952.77 32068.30 32162.12 32266.29 32354.63 32445.47 32514.61 32607.31 32700.98 32789.51 32871.18 32888.03 32943.91 32953.99 32985.62 33002.14 33003.33 32963.30 32941.19
29965.97 29964.96 29957.99 29949.66 29944.20 29941.90 29942.92 29947.41 29985.55 30091.05 30097.22 30110.53 30150.81 30171.86 30222.34 30278.00 30343.12 30417.04 30498.66 30586.24 30676.44 30759.42 30781.51 30753.12 30694.77 30632.68 30573.81 30521.37 30466.72 30437.37 30425.35 30440.25 30472.12 30537.77 30616.06 30716.24 30837.65 30957.24 31109.15 31295.50 31468.12 31631.54 31845.38 32053.59 32209.41 32284.87 32341.70 32396.48 32460.41 32529.54 32584.71 32637.39 32714.57 32787.92 32855.68 32809.12 32851.02 32829.71 32846.57 32847.27 32831.01 32784.74 32740.70
30062.19 30044.78 30034.86 30027.34 30020.50 30017.74 30019.06 30080.35 30075.79 30215.13 30220.78 30263.37 30271.64 30314.66 30361.08 30417.32 30483.10 30557.99 30641.41 30732.67 30831.04 30935.88 30982.60 30908.63 30839.84 30777.02 30721.23 30673.76 30645.51 30621.62 30614.81 30626.27 30669.97 30744.38 30824.12 30924.52 31045.13 31137.89 31286.46 31492.89 31661.01 31800.77 32019.13 32251.32 32436.83 32453.92 32483.69 32494.60 32541.31 32594.23 32640.77 32697.49 32717.68 32778.36 32834.28 32718.12 32747.46 32694.26 32698.05 32685.25 32654.81 32609.49 32550.12
