data/SP espacial/K_SP.grd
DSAA
132	56
0.0000	120.0000
0.0000	50.0000
1.9547	4.5528
[rows 0 to 37 of 56, columns 0 to 83 of 132]
4.20 3.69 3.66 3.61 3.55 3.50 3.45 3.42 3.40 3.39 3.65 3.65 3.65 3.65 3.57 3.58 3.59 3.60 3.61 3.63 3.61 3.62 3.62 3.61 3.60 3.70 3.69 3.68 3.68 3.67 3.67 3.65 3.54 3.55 3.48 3.51 3.58 3.67 3.76 3.94 4.09 4.31 4.50 4.53 4.55 4.48 4.31 4.09 3.85 3.65 3.48 3.36 3.28 3.24 3.21 3.26 3.24 3.22 3.20 3.18 3.13 3.07 3.01 3.13 3.07 3.03 3.03 3.06 3.13 3.26 3.34 3.42 3.48 3.52 3.57 3.60 3.61 3.30 3.41 3.43 3.46 3.50 3.56 3.64
3.72 3.68 3.64 3.60 3.54 3.49 3.45 3.42 3.40 3.39 3.38 3.65 3.65 3.65 3.57 3.58 3.58 3.59 3.61 3.62 3.60 3.60 3.61 3.60 3.58 3.69 3.68 3.67 3.67 3.66 3.66 3.64 3.54 3.55 3.56 3.51 3.57 3.66 3.74 3.85 4.06 4.27 4.45 4.48 4.50 4.43 4.26 4.05 3.83 3.63 3.47 3.36 3.29 3.25 3.10 3.09 3.26 3.16 3.22 3.18 3.14 3.08 3.01 2.98 3.08 3.04 3.04 3.08 3.17 3.26 3.34 3.42 3.48 3.52 3.58 3.59 3.61 3.30 3.31 3.43 3.45 3.49 3.55 3.63
3.69 3.68 3.61 3.57 3.52 3.48 3.45 3.42 3.41 3.40 3.39 3.49 3.66 3.65 3.65 3.57 3.58 3.58 3.59 3.60 3.68 3.57 3.57 3.56 3.54 3.49 3.65 3.64 3.64 3.64 3.68 3.53 3.53 3.54 3.56 3.50 3.55 3.64 3.70 3.79 3.97 4.16 4.32 4.42 4.35 4.29 4.14 3.96 3.76 3.59 3.46 3.37 3.30 3.15 3.14 3.12 3.11 3.22 3.24 3.20 3.15 3.10 3.04 3.01 3.12 3.09 3.08 3.11 3.20 3.28 3.35 3.42 3.47 3.51 3.57 3.59 3.60 3.30 3.31 3.43 3.44 3.48 3.53 3.60
3.63 3.62 3.60 3.53 3.50 3.46 3.44 3.42 3.42 3.41 3.41 3.50 3.50 3.66 3.65 3.57 3.56 3.56 3.56 3.56 3.64 3.52 3.52 3.51 3.48 3.44 3.60 3.60 3.60 3.64 3.56 3.57 3.51 3.53 3.49 3.51 3.53 3.60 3.64 3.69 3.85 4.00 4.13 4.21 4.14 4.09 3.97 3.82 3.67 3.54 3.44 3.37 3.33 3.20 3.19 3.18 3.16 3.26 3.22 3.23 3.17 3.12 3.07 3.05 3.01 3.14 3.14 3.20 3.24 3.31 3.37 3.42 3.47 3.53 3.56 3.30 3.31 3.32 3.33 3.32 3.43 3.46 3.51 3.56
3.57 3.56 3.55 3.53 3.47 3.45 3.44 3.43 3.44 3.44 3.44 3.53 3.52 3.51 3.49 3.63 3.54 3.53 3.52 3.51 3.58 3.57 3.44 3.41 3.40 3.36 3.34 3.53 3.57 3.50 3.52 3.54 3.50 3.51 3.47 3.50 3.53 3.56 3.63 3.59 3.70 3.82 3.91 3.97 3.90 3.86 3.77 3.67 3.57 3.49 3.50 3.39 3.27 3.28 3.28 3.27 3.28 3.19 3.27 3.21 3.20 3.15 3.10 3.09 3.05 3.20 3.20 3.24 3.27 3.32 3.37 3.41 3.47 3.51 3.26 3.28 3.30 3.31 3.33 3.34 3.42 3.44 3.47 3.52
3.50 3.50 3.49 3.49 3.48 3.43 3.44 3.45 3.47 3.48 3.49 3.57 3.56 3.53 3.50 3.47 3.59 3.49 3.46 3.44 3.49 3.47 3.33 3.30 3.28 3.24 3.24 3.24 3.39 3.42 3.46 3.49 3.53 3.43 3.45 3.48 3.50 3.54 3.63 3.49 3.56 3.63 3.70 3.73 3.66 3.63 3.59 3.53 3.48 3.51 3.39 3.35 3.37 3.40 3.42 3.44 3.40 3.29 3.22 3.14 3.23 3.17 3.12 3.12 3.09 3.08 3.27 3.27 3.29 3.32 3.35 3.38 3.18 3.21 3.24 3.26 3.28 3.30 3.32 3.33 3.31 3.42 3.44 3.47
3.44 3.44 3.44 3.45 3.46 3.48 3.45 3.48 3.51 3.53 3.55 3.63 3.60 3.57 3.52 3.47 3.41 3.30 3.39 3.34 3.38 3.35 3.19 3.16 3.14 3.10 3.10 3.08 3.27 3.32 3.37 3.43 3.48 3.46 3.43 3.46 3.48 3.50 3.45 3.39 3.43 3.47 3.50 3.47 3.44 3.44 3.42 3.41 3.41 3.40 3.38 3.45 3.51 3.57 3.60 3.62 3.57 3.43 3.32 3.21 3.11 3.19 3.14 3.13 3.11 3.10 3.28 3.28 3.27 3.29 3.30 3.12 3.14 3.17 3.20 3.23 3.26 3.29 3.30 3.32 3.43 3.44 3.41 3.43
3.38 3.38 3.39 3.41 3.44 3.47 3.52 3.52 3.56 3.60 3.62 3.69 3.66 3.61 3.54 3.46 3.39 3.31 3.19 3.24 3.25 3.20 3.04 3.00 2.97 2.94 2.93 2.94 2.98 3.19 3.27 3.35 3.43 3.42 3.40 3.43 3.45 3.46 3.32 3.29 3.32 3.33 3.29 3.30 3.27 3.27 3.29 3.23 3.28 3.34 3.44 3.57 3.68 3.78 3.86 3.84 3.73 3.60 3.44 3.29 3.16 3.06 3.04 3.13 3.11 3.10 3.27 3.25 3.23 3.04 3.05 3.05 3.07 3.11 3.15 3.19 3.23 3.27 3.29 3.31 3.41 3.42 3.39 3.17
3.33 3.34 3.36 3.38 3.43 3.48 3.54 3.60 3.62 3.67 3.70 3.76 3.72 3.65 3.56 3.46 3.36 3.26 3.16 3.03 3.12 3.05 2.96 2.84 2.77 2.76 2.75 2.78 2.84 3.06 3.16 3.27 3.37 3.39 3.44 3.41 3.43 3.29 3.28 3.23 3.24 3.22 3.17 3.17 3.14 3.16 3.12 3.17 3.25 3.38 3.53 3.70 3.86 4.00 4.09 4.07 3.94 3.77 3.57 3.37 3.20 3.08 3.04 3.00 3.10 3.10 3.11 3.21 3.02 2.99 2.98 2.99 3.01 3.05 3.10 3.15 3.21 3.25 3.28 3.30 3.30 3.41 3.40 3.15
3.29 3.30 3.33 3.36 3.42 3.48 3.56 3.63 3.71 3.73 3.77 3.83 3.78 3.70 3.59 3.46 3.33 3.21 3.09 2.94 2.85 2.85 2.81 2.66 2.62 2.60 2.61 2.64 2.71 2.81 3.07 3.20 3.32 3.35 3.42 3.46 3.27 3.27 3.25 3.18 3.16 3.15 3.08 3.07 3.05 3.07 3.06 3.13 3.25 3.41 3.61 3.83 4.03 4.23 4.30 4.28 4.13 3.93 3.69 3.45 3.24 3.10 3.01 3.00 2.98 3.08 3.08 3.02 2.98 2.95 2.92 2.92 2.94 2.99 3.05 3.12 3.18 3.23 3.27 3.28 3.29 3.40 3.39 3.13
3.27 3.28 3.31 3.35 3.41 3.48 3.57 3.66 3.75 3.82 3.82 3.87 3.82 3.72 3.60 3.46 3.32 3.18 3.05 2.93 2.78 2.65 2.66 2.59 2.52 2.50 2.51 2.55 2.63 2.74 2.86 3.15 3.28 3.33 3.40 3.45 3.26 3.25 3.23 3.16 3.12 3.08 3.05 3.01 2.99 2.95 3.01 3.11 3.25 3.44 3.67 3.92 4.18 4.36 4.45 4.40 4.26 4.04 3.76 3.50 3.27 3.11 3.01 2.98 2.97 2.99 2.90 2.99 2.92 2.91 2.88 2.88 2.90 2.95 3.02 3.09 3.16 3.22 3.25 3.27 3.28 3.29 3.38 3.13
3.00 3.27 3.30 3.35 3.41 3.49 3.57 3.67 3.76 3.83 3.87 3.89 3.83 3.74 3.61 3.46 3.31 3.17 3.03 2.91 2.78 2.63 2.46 2.40 2.47 2.46 2.47 2.51 2.60 2.71 2.84 3.13 3.27 3.32 3.40 3.30 3.31 3.25 3.22 3.14 3.10 3.05 3.02 3.00 2.89 2.92 2.99 3.10 3.25 3.45 3.68 3.97 4.22 4.41 4.51 4.45 4.31 4.08 3.79 3.52 3.28 3.12 3.02 2.98 2.96 2.83 2.94 2.97 2.92 2.90 2.87 2.86 2.88 2.93 3.00 3.08 3.15 3.20 3.24 3.27 3.28 3.29 3.14 3.15
3.27 3.28 3.31 3.35 3.41 3.49 3.57 3.66 3.75 3.82 3.85 3.85 3.82 3.73 3.61 3.47 3.32 3.19 3.05 2.93 2.80 2.64 2.53 2.42 2.38 2.50 2.51 2.55 2.63 2.73 2.86 2.99 3.30 3.30 3.26 3.30 3.31 3.31 3.19 3.14 3.10 3.05 3.01 2.92 2.90 2.91 2.98 3.09 3.24 3.37 3.60 3.93 4.17 4.36 4.45 4.40 4.26 4.04 3.76 3.50 3.27 3.12 3.02 2.83 2.81 2.85 2.85 2.92 2.87 2.92 2.88 2.87 2.90 2.95 3.01 3.08 3.15 3.20 3.24 3.26 3.28 3.29 3.15 3.15
3.29 3.30 3.33 3.37 3.42 3.48 3.56 3.64 3.71 3.78 3.81 3.81 3.79 3.71 3.60 3.48 3.35 3.23 3.08 2.97 2.88 2.73 2.62 2.51 2.47 2.44 2.61 2.64 2.71 2.81 2.92 3.04 3.33 3.32 3.27 3.30 3.32 3.31 3.20 3.15 3.12 3.00 2.94 2.93 2.90 2.93 3.00 3.06 3.21 3.32 3.61 3.84 4.05 4.21 4.27 4.25 4.13 3.93 3.68 3.45 3.25 3.11 2.88 2.83 2.82 2.86 2.86 2.95 2.90 2.86 2.93 2.92 2.94 2.98 3.03 3.10 3.15 3.20 3.23 3.26 3.28 3.29 3.15 3.16
3.33 3.34 3.36 3.39 3.43 3.48 3.54 3.60 3.67 3.72 3.75 3.75 3.74 3.68 3.59 3.49 3.39 3.26 3.16 3.07 2.99 2.86 2.78 2.64 2.60 2.58 2.57 2.59 2.83 2.91 3.00 3.10 3.11 3.31 3.28 3.31 3.32 3.32 3.20 3.17 3.13 3.00 2.95 2.93 2.90 2.93 2.97 3.04 3.15 3.25 3.51 3.70 3.87 4.01 4.05 4.03 3.93 3.77 3.57 3.38 3.22 2.94 2.87 2.84 2.82 2.87 2.87 2.99 2.95 2.91 2.88 2.98 2.99 3.02 3.07 3.11 3.15 3.19 3.23 3.25 3.27 3.29 3.16 3.18
3.38 3.39 3.40 3.42 3.44 3.48 3.52 3.57 3.62 3.66 3.69 3.69 3.67 3.65 3.59 3.52 3.41 3.33 3.26 3.20 3.13 3.01 2.94 2.89 2.76 2.73 2.72 2.73 2.76 3.02 3.09 3.16 3.15 3.34 3.38 3.32 3.33 3.32 3.20 3.17 3.03 2.99 2.96 2.93 2.89 2.91 2.95 3.02 3.10 3.16 3.39 3.54 3.67 3.78 3.80 3.79 3.71 3.59 3.44 3.30 3.00 2.92 2.87 2.84 2.84 2.89 2.90 3.03 3.00 2.97 2.94 2.92 3.05 3.07 3.09 3.12 3.14 3.18 3.21 3.24 3.27 3.29 3.18 3.21
3.47 3.45 3.45 3.46 3.47 3.49 3.51 3.54 3.58 3.61 3.63 3.64 3.63 3.63 3.59 3.51 3.47 3.42 3.38 3.33 3.29 3.17 3.10 3.06 2.92 2.89 2.87 2.86 2.87 2.90 3.17 3.22 3.19 3.36 3.39 3.33 3.33 3.31 3.21 3.06 3.02 2.98 2.94 2.90 2.86 2.87 2.92 2.98 3.06 3.13 3.28 3.38 3.48 3.51 3.55 3.55 3.50 3.41 3.13 3.03 2.96 2.90 2.88 2.86 2.92 2.92 2.94 2.92 3.06 3.03 3.00 2.98 2.96 2.95 3.10 3.10 3.12 3.14 3.17 3.21 3.25 3.29 3.20 3.25
3.60 3.60 3.51 3.50 3.50 3.50 3.51 3.52 3.55 3.57 3.59 3.60 3.60 3.56 3.58 3.56 3.54 3.52 3.50 3.47 3.43 3.39 3.22 3.18 3.08 3.04 3.00 2.98 2.98 2.99 3.01 3.03 3.17 3.14 3.16 3.33 3.33 3.31 3.24 3.04 2.99 2.94 2.89 2.87 2.80 2.82 2.86 2.92 2.99 3.09 3.18 3.25 3.31 3.36 3.34 3.34 3.31 3.06 3.02 2.97 2.93 2.91 2.90 2.90 2.91 2.91 3.11 3.10 3.11 3.09 3.05 3.02 2.99 2.96 2.97 2.87 2.87 2.88 2.90 2.90 2.95 3.02 3.09 3.37
3.61 3.57 3.55 3.55 3.53 3.52 3.51 3.52 3.53 3.55 3.57 3.58 3.56 3.57 3.61 3.62 3.62 3.62 3.62 3.60 3.57 3.54 3.38 3.33 3.27 3.17 3.12 3.08 3.06 3.06 2.96 2.97 3.19 3.16 3.17 3.32 3.32 3.29 3.18 3.00 2.94 2.88 2.82 2.79 2.74 2.74 2.79 2.85 2.92 3.05 3.08 3.13 3.17 3.20 3.17 3.17 2.96 2.95 2.95 2.94 2.93 2.93 2.93 2.95 2.96 2.97 3.16 3.14 3.12 3.13 3.10 3.05 3.01 2.96 2.73 2.70 2.82 2.79 2.81 2.86 2.94 3.03 3.15 3.27
3.68 3.67 3.65 3.58 3.55 3.54 3.52 3.52 3.52 3.54 3.54 3.55 3.55 3.58 3.61 3.68 3.70 3.72 3.73 3.71 3.70 3.67 3.52 3.46 3.39 3.32 3.21 3.16 3.12 3.11 3.01 3.01 3.01 3.10 3.31 3.31 3.30 3.27 3.15 3.04 2.89 2.81 2.74 2.70 2.65 2.66 2.71 2.78 2.86 2.98 3.03 3.04 3.06 3.08 3.08 2.87 2.88 2.89 2.90 2.92 2.94 2.95 2.97 3.00 3.02 3.02 3.20 3.19 3.17 3.17 3.13 3.07 3.01 2.95 2.72 2.66 2.63 2.73 2.76 2.83 2.92 3.03 3.19 3.31
3.74 3.73 3.70 3.66 3.61 3.54 3.46 3.50 3.50 3.52 3.54 3.54 3.58 3.62 3.66 3.70 3.73 3.76 3.78 3.81 3.80 3.78 3.63 3.56 3.48 3.40 3.27 3.21 3.11 3.08 3.07 3.04 3.04 2.98 3.11 3.30 3.29 3.19 3.13 3.00 2.84 2.75 2.67 2.61 2.57 2.60 2.64 2.72 2.85 2.92 2.97 2.97 2.99 2.99 2.82 2.79 2.82 2.85 2.88 2.92 2.95 3.00 3.02 3.05 3.06 3.08 3.24 3.22 3.20 3.17 3.15 3.08 3.01 2.93 2.85 2.63 2.59 2.69 2.71 2.75 2.86 3.00 3.19 3.37
3.78 3.76 3.73 3.68 3.63 3.59 3.47 3.46 3.51 3.52 3.51 3.55 3.59 3.64 3.69 3.74 3.78 3.82 3.84 3.88 3.87 3.85 3.70 3.63 3.54 3.45 3.32 3.24 3.14 3.11 3.09 3.08 3.01 3.00 3.12 3.10 3.05 3.17 3.11 2.97 2.87 2.70 2.61 2.55 2.51 2.54 2.59 2.73 2.81 2.88 2.93 2.95 2.75 2.76 2.78 2.76 2.79 2.83 2.87 2.92 2.96 3.02 3.06 3.08 3.10 3.11 3.26 3.25 3.22 3.21 3.16 3.09 3.01 2.92 2.83 2.76 2.54 2.53 2.65 2.73 2.85 3.03 3.21 3.42
4.30 3.78 3.74 3.69 3.64 3.59 3.56 3.54 3.42 3.45 3.48 3.55 3.60 3.65 3.70 3.75 3.80 3.83 3.86 3.87 3.85 3.82 3.68 3.60 3.51 3.42 3.32 3.25 3.13 3.09 3.07 3.00 2.99 2.94 2.91 2.87 2.97 2.91 2.92 2.73 2.63 2.47 2.39 2.34 2.30 2.33 2.39 2.49 2.56 2.69 2.67 2.70 2.73 2.74 2.75 2.73 2.77 2.81 2.86 2.91 2.96 3.01 3.05 3.11 3.13 3.14 3.29 3.28 3.25 3.20 3.14 2.96 2.87 2.77 2.66 2.58 2.53 2.52 2.54 2.62 2.73 2.98 3.20 3.41
3.90 3.89 3.73 3.68 3.63 3.59 3.66 3.50 3.50 3.44 3.47 3.51 3.59 3.63 3.69 3.73 3.77 3.81 3.83 3.98 3.83 3.80 3.70 3.59 3.50 3.42 3.32 3.25 3.13 3.09 3.03 2.99 2.98 2.93 2.90 2.82 2.76 2.92 2.74 2.74 2.64 2.54 2.40 2.36 2.32 2.35 2.44 2.50 2.57 2.57 2.67 2.70 2.71 2.72 2.69 2.72 2.76 2.80 2.85 2.90 2.95 3.00 3.03 3.09 3.11 3.13 3.28 3.27 3.24 3.19 3.14 2.96 2.87 2.78 2.66 2.59 2.54 2.52 2.55 2.62 2.71 2.86 3.19 3.39
3.86 3.85 3.83 3.80 3.71 3.67 3.65 3.63 3.49 3.62 3.64 3.66 3.53 3.60 3.64 3.68 3.71 3.75 3.91 3.93 3.77 3.82 3.65 3.59 3.47 3.40 3.30 3.16 3.11 3.04 3.02 2.97 2.93 2.91 2.87 2.83 2.74 2.67 2.75 2.73 2.64 2.58 2.41 2.41 2.36 2.39 2.48 2.47 2.53 2.58 2.62 2.70 2.71 2.72 2.66 2.69 2.74 2.78 2.82 2.88 2.92 2.96 2.97 3.05 3.07 3.09 3.11 3.11 3.22 3.16 2.97 2.91 2.83 2.78 2.68 2.60 2.56 2.55 2.55 2.61 2.71 2.84 3.01 3.34
3.81 3.80 3.78 3.70 3.68 3.65 3.63 3.62 3.61 3.61 3.62 3.64 3.66 3.69 3.73 3.74 3.63 3.66 3.84 3.76 3.76 3.75 3.58 3.53 3.47 3.27 3.20 3.14 3.09 2.98 2.96 2.91 2.90 2.84 2.84 2.81 2.72 2.67 2.76 2.75 2.68 2.52 2.46 2.43 2.44 2.46 2.51 2.51 2.56 2.60 2.63 2.71 2.67 2.64 2.65 2.67 2.69 2.72 2.74 2.78 2.87 2.87 2.90 2.99 3.01 3.02 3.05 3.05 3.04 2.99 2.93 2.88 2.82 2.73 2.68 2.63 2.60 2.57 2.59 2.64 2.72 2.83 2.96 3.11
3.74 3.73 3.67 3.65 3.64 3.62 3.61 3.61 3.60 3.60 3.61 3.62 3.63 3.64 3.67 3.69 3.73 3.72 3.64 3.66 3.68 3.68 3.51 3.55 3.50 3.23 3.17 3.12 3.02 2.93 2.90 2.85 2.83 2.80 2.78 2.75 2.73 2.69 2.54 2.55 2.72 2.56 2.52 2.51 2.47 2.53 2.56 2.55 2.59 2.55 2.57 2.59 2.61 2.63 2.64 2.64 2.66 2.70 2.68 2.71 2.76 2.79 2.89 2.91 2.93 2.95 2.98 2.76 2.75 2.93 2.90 2.84 2.75 2.74 2.69 2.67 2.65 2.61 2.63 2.67 2.73 2.81 2.91 3.03
3.66 3.60 3.60 3.60 3.59 3.67 3.67 3.67 3.67 3.67 3.67 3.59 3.54 3.53 3.53 3.54 3.61 3.63 3.56 3.57 3.60 3.53 3.53 3.51 3.47 3.22 3.10 3.07 2.94 2.91 2.88 2.82 2.80 2.77 2.75 2.76 2.72 2.69 2.65 2.57 2.48 2.73 2.69 2.57 2.52 2.53 2.60 2.58 2.54 2.56 2.58 2.58 2.56 2.56 2.61 2.61 2.63 2.64 2.66 2.67 2.68 2.74 2.80 2.82 2.64 2.66 2.67 2.67 2.67 2.67 2.80 2.76 2.76 2.73 2.70 2.70 2.69 2.65 2.67 2.69 2.74 2.79 2.86 2.94
3.56 3.53 3.54 3.55 3.56 3.64 3.66 3.66 3.67 3.66 3.65 3.59 3.50 3.47 3.46 3.45 3.48 3.34 3.46 3.42 3.46 3.48 3.49 3.49 3.40 3.36 3.13 3.09 2.96 2.92 2.88 2.78 2.75 2.76 2.74 2.71 2.61 2.58 2.56 2.50 2.56 2.49 2.46 2.58 2.51 2.52 2.63 2.58 2.55 2.57 2.57 2.57 2.54 2.53 2.54 2.53 2.57 2.57 2.58 2.59 2.39 2.47 2.50 2.52 2.55 2.57 2.59 2.60 2.55 2.55 2.59 2.71 2.72 2.71 2.69 2.69 2.68 2.69 2.69 2.71 2.74 2.77 2.81 2.86
3.47 3.48 3.47 3.49 3.52 3.55 3.57 3.59 3.59 3.60 3.59 3.56 3.53 3.48 3.41 3.39 3.33 3.28 3.29 3.35 3.41 3.46 3.43 3.43 3.41 3.38 3.34 3.09 3.04 2.93 2.89 2.78 2.75 2.75 2.72 2.70 2.60 2.58 2.55 2.50 2.50 2.42 2.40 2.59 2.52 2.53 2.54 2.59 2.61 2.56 2.56 2.55 2.50 2.52 2.49 2.47 2.46 2.49 2.48 2.48 2.30 2.35 2.41 2.43 2.46 2.49 2.47 2.49 2.50 2.50 2.49 2.68 2.68 2.70 2.70 2.70 2.71 2.71 2.72 2.73 2.74 2.76 2.78 2.80
3.39 3.40 3.42 3.43 3.48 3.52 3.55 3.58 3.59 3.59 3.57 3.54 3.49 3.43 3.34 3.23 3.23 3.25 3.25 3.30 3.32 3.39 3.44 3.47 3.46 3.42 3.37 3.32 3.26 3.12 3.07 2.96 2.92 2.74 2.68 2.66 2.63 2.61 2.57 2.52 2.50 2.42 2.40 2.39 2.48 2.29 2.29 2.32 2.50 2.51 2.58 2.56 2.49 2.48 2.44 2.41 2.39 2.37 2.22 2.22 2.19 2.27 2.30 2.36 2.35 2.39 2.41 2.44 2.46 2.45 2.47 2.63 2.62 2.63 2.67 2.65 2.66 2.73 2.74 2.74 2.75 2.75 2.75 2.76
3.32 3.33 3.37 3.42 3.44 3.49 3.54 3.57 3.59 3.59 3.56 3.52 3.45 3.30 3.23 3.18 3.16 3.18 3.16 3.25 3.31 3.40 3.46 3.49 3.51 3.48 3.40 3.34 3.28 3.15 3.09 3.04 2.91 2.88 2.68 2.66 2.63 2.61 2.56 2.52 2.49 2.42 2.40 2.39 2.30 2.29 2.30 2.32 2.32 2.49 2.56 2.53 2.49 2.45 2.40 2.36 2.32 2.14 2.13 2.12 2.13 2.15 2.19 2.23 2.30 2.34 2.38 2.41 2.41 2.43 2.59 2.61 2.62 2.63 2.65 2.67 2.68 2.68 2.75 2.75 2.75 2.74 2.74 2.66
3.27 3.29 3.35 3.41 3.47 3.53 3.53 3.57 3.59 3.58 3.55 3.50 3.36 3.28 3.20 3.14 3.11 3.14 3.13 3.23 3.34 3.41 3.48 3.53 3.53 3.50 3.45 3.36 3.23 3.16 3.09 3.03 2.98 2.89 2.87 2.70 2.69 2.57 2.56 2.50 2.49 2.41 2.40 2.30 2.30 2.29 2.30 2.31 2.33 2.29 2.28 2.52 2.47 2.42 2.36 2.31 2.13 2.11 2.09 2.08 2.09 2.12 2.15 2.20 2.25 2.32 2.36 2.37 2.40 2.42 2.45 2.59 2.61 2.63 2.65 2.67 2.68 2.69 2.69 2.68 2.75 2.74 2.66 2.65
2.70 3.29 3.33 3.39 3.46 3.53 3.58 3.61 3.58 3.57 3.55 3.42 3.35 3.27 3.19 3.13 3.11 3.05 3.12 3.22 3.34 3.44 3.50 3.53 3.53 3.50 3.45 3.38 3.24 3.16 3.08 3.02 2.97 2.88 2.86 2.85 2.58 2.56 2.54 2.49 2.47 2.37 2.35 2.34 2.29 2.29 2.29 2.33 2.33 2.33 2.27 2.26 2.25 2.22 2.19 2.15 2.12 2.09 2.07 2.07 2.07 2.10 2.14 2.18 2.23 2.28 2.33 2.37 2.39 2.42 2.44 2.58 2.60 2.63 2.65 2.67 2.69 2.69 2.69 2.69 2.65 2.64 2.66 2.64
3.29 3.30 3.34 3.40 3.47 3.53 3.57 3.60 3.55 3.54 3.47 3.42 3.36 3.28 3.20 3.15 3.05 3.07 3.13 3.23 3.33 3.52 3.59 3.51 3.51 3.48 3.43 3.32 3.22 3.15 3.08 3.02 2.97 2.88 2.86 2.76 2.75 2.56 2.59 2.50 2.42 2.38 2.36 2.33 2.32 2.30 2.30 2.33 2.33 2.32 2.28 2.26 2.18 2.22 2.19 2.16 2.13 2.10 2.08 2.07 2.08 2.10 2.14 2.19 2.24 2.27 2.31 2.37 2.39 2.42 2.44 2.45 2.60 2.62 2.65 2.67 2.68 2.69 2.67 2.66 2.65 2.64 2.62 2.61
3.33 3.34 3.38 3.43 3.49 3.44 3.57 3.52 3.54 3.54 3.51 3.42 3.37 3.31 3.25 3.20 3.10 3.12 3.17 3.25 3.43 3.51 3.56 3.59 3.47 3.44 3.34 3.28 3.22 3.13 3.06 3.01 2.96 2.87 2.86 2.75 2.60 2.59 2.59 2.45 2.43 2.38 2.37 2.36 2.33 2.30 2.31 2.33 2.33 2.33 2.28 2.26 2.19 2.24 2.20 2.17 2.14 2.12 2.10 2.10 2.10 2.13 2.16 2.20 2.24 2.28 2.32 2.35 2.39 2.41 2.42 2.44 2.46 2.62 2.63 2.65 2.66 2.65 2.65 2.65 2.64 2.63 2.62 2.60
3.38 3.39 3.42 3.37 3.41 3.58 3.61 3.63 3.63 3.62 3.51 3.53 3.39 3.35 3.32 3.19 3.18 3.20 3.31 3.36 3.44 3.49 3.53 3.54 3.54 3.45 3.42 3.23 3.18 3.12 3.04 2.99 2.95 2.91 2.81 2.81 2.59 2.58 2.59 2.45 2.43 2.39 2.37 2.37 2.31 2.31 2.31 2.34 2.34 2.33 2.29 2.27 2.28 2.25 2.23 2.16 2.17 2.14 2.13 2.13 2.13 2.16 2.19 2.22 2.26 2.30 2.33 2.36 2.37 2.39 2.41 2.43 2.44 2.60 2.62 2.63 2.63 2.63 2.57 2.57 2.56 2.55 2.54 2.60
3.44 3.36 3.38 3.53 3.56 3.59 3.61 3.62 3.61 3.60 3.59 3.58 3.51 3.50 3.44 3.39 3.30 3.31 3.40 3.42 3.46 3.47 3.48 3.48 3.47 3.38 3.35 3.17 3.12 3.13 3.16 3.01 2.96 2.95 2.79 2.79 2.57 2.57 2.56 2.44 2.43 2.39 2.38 2.37 2.31 2.31 2.31 2.34 2.34 2.34 2.29 2.28 2.29 2.27 2.20 2.18 2.13 2.11 2.10 2.10 2.16 2.18 2.21 2.25 2.28 2.32 2.35 2.37 2.38 2.38 2.39 2.41 2.36 2.36 2.53 2.54 2.53 2.53 2.53 2.53 2.53 2.53 2.53 2.52
