data/SP espacial/Mg_SP.grd
DSAA
132	56
0.0000	120.0000
0.0000	50.0000
4.9539	17.0000
[rows 0 to 36 of 56, columns 0 to 83 of 132]
17.00 15.63 15.26 14.88 14.49 14.08 13.65 13.22 12.77 12.29 11.82 11.52 11.07 10.45 10.01 9.60 9.20 8.83 8.48 8.16 7.88 7.64 7.46 7.56 7.68 7.83 7.99 8.15 8.24 8.39 8.55 8.70 8.31 8.57 8.73 8.91 9.08 9.32 9.47 9.35 9.52 9.67 9.88 10.10 10.17 9.94 9.73 9.55 9.36 9.17 9.03 8.85 8.70 8.51 8.34 8.44 8.29 8.12 7.97 7.82 7.67 7.38 7.24 7.13 7.02 6.94 6.90 6.80 6.72 6.68 6.67 6.66 6.67 6.69 6.71 6.96 6.97 6.86 6.85 6.87 6.88 6.82 6.69 6.61
15.78 15.62 15.31 14.95 14.57 14.16 13.73 13.29 12.84 12.36 11.89 11.42 11.13 10.68 10.09 9.67 9.27 8.90 8.55 8.23 7.96 7.75 7.61 7.63 7.72 7.85 8.00 8.15 8.23 8.37 8.51 8.17 8.28 8.52 8.66 8.82 8.97 9.20 9.34 9.22 9.37 9.51 9.67 9.82 9.84 9.70 9.52 9.36 9.19 9.02 8.89 8.74 8.57 8.39 8.21 8.31 8.17 8.01 7.85 7.69 7.54 7.26 7.11 6.99 6.89 6.81 6.77 6.68 6.61 6.57 6.56 6.56 6.58 6.61 6.85 6.89 6.78 6.83 6.83 6.90 6.86 6.80 6.68 6.60
15.58 15.48 15.25 14.94 14.58 14.19 13.76 13.32 12.88 12.40 11.94 11.48 11.03 10.73 10.17 9.73 9.34 8.97 8.63 8.32 8.08 7.89 7.75 7.74 7.79 7.89 8.02 8.16 8.23 8.35 8.47 8.15 8.25 8.46 8.58 8.71 8.85 9.05 9.17 9.03 9.15 9.25 9.36 9.44 9.42 9.34 9.22 9.11 8.97 8.83 8.72 8.58 8.42 8.25 8.08 8.18 8.04 7.88 7.72 7.56 7.39 7.12 6.97 6.85 6.75 6.66 6.63 6.55 6.49 6.46 6.46 6.47 6.50 6.54 6.79 6.72 6.76 6.79 6.82 6.90 6.87 6.81 6.70 6.61
15.37 15.30 15.12 14.85 14.53 14.15 13.75 13.33 12.90 12.43 11.98 11.52 11.07 10.62 10.22 9.78 9.39 9.03 8.70 8.42 8.19 8.01 7.88 7.84 7.87 7.94 8.05 8.16 8.22 8.33 7.96 8.27 8.22 8.40 8.50 8.60 8.71 8.80 8.95 8.79 8.87 8.93 8.99 9.02 9.00 8.94 8.86 8.79 8.70 8.60 8.53 8.40 8.25 8.10 7.95 8.05 7.90 7.88 7.57 7.40 7.23 6.97 6.83 6.71 6.60 6.51 6.48 6.41 6.36 6.34 6.35 6.38 6.43 6.64 6.64 6.70 6.75 6.80 6.82 6.88 6.89 6.84 6.73 6.65
15.17 15.11 14.96 14.73 14.43 14.09 13.71 13.31 12.90 12.44 12.00 11.55 11.10 10.66 10.22 9.83 9.43 9.08 8.77 8.50 8.29 8.12 7.99 7.93 7.93 7.99 8.07 8.17 8.21 7.92 7.97 8.24 8.31 8.34 8.41 8.48 8.55 8.61 8.71 8.52 8.55 8.58 8.59 8.59 8.56 8.52 8.48 8.45 8.40 8.34 8.31 8.21 8.08 7.95 7.81 7.93 7.88 7.71 7.48 7.25 7.07 6.83 6.68 6.56 6.45 6.35 6.33 6.27 6.23 6.22 6.25 6.30 6.50 6.53 6.62 6.71 6.78 6.84 6.87 6.90 6.90 6.89 6.79 6.70
14.96 14.91 14.78 14.57 14.30 13.99 13.65 13.27 12.88 12.43 12.00 11.56 11.12 10.67 10.24 9.82 9.45 9.11 8.81 8.56 8.36 8.20 8.07 8.01 7.99 8.02 8.08 8.15 7.89 7.93 7.98 8.21 8.26 8.28 8.33 8.36 8.39 8.41 8.40 8.30 8.20 8.19 8.19 8.18 8.10 8.08 8.07 8.08 7.99 7.96 8.07 8.00 7.91 7.80 7.69 7.87 7.72 7.55 7.32 7.14 6.91 6.68 6.53 6.41 6.29 6.20 6.17 6.12 6.10 6.10 6.14 6.31 6.38 6.50 6.63 6.74 6.84 6.91 6.95 6.99 6.97 6.94 6.86 6.75
14.75 14.71 14.59 14.40 14.16 13.88 13.56 13.22 12.84 12.45 11.99 11.56 11.12 10.68 10.24 9.82 9.43 8.99 8.83 8.61 8.42 8.27 8.13 8.07 8.04 8.04 8.08 7.92 7.91 7.94 7.98 8.18 8.21 8.30 8.25 8.25 8.24 8.20 8.04 7.92 7.85 7.78 7.73 7.70 7.63 7.62 7.64 7.69 7.73 7.71 7.83 7.80 7.74 7.67 7.65 7.72 7.57 7.40 7.18 6.99 6.82 6.56 6.39 6.26 6.14 6.05 6.01 5.97 5.96 5.98 6.02 6.19 6.33 6.49 6.66 6.81 6.94 7.03 7.07 7.11 7.09 7.06 6.94 6.83
14.55 14.50 14.39 14.22 14.01 13.75 13.46 13.14 12.79 12.41 11.97 11.55 11.11 10.66 10.21 9.78 9.39 9.06 8.74 8.62 8.46 8.33 8.20 8.13 8.07 7.95 7.93 7.92 7.95 7.94 7.99 8.14 8.18 8.24 8.22 8.14 8.08 7.92 7.78 7.68 7.47 7.36 7.26 7.19 7.16 7.15 7.20 7.31 7.36 7.44 7.54 7.60 7.59 7.59 7.54 7.59 7.44 7.26 7.04 6.88 6.67 6.47 6.26 6.11 5.99 5.93 5.87 5.82 5.83 5.84 5.98 6.10 6.28 6.50 6.71 6.91 7.07 7.18 7.26 7.27 7.23 7.17 7.09 6.93
14.33 14.29 14.19 14.03 13.83 13.59 13.33 13.03 12.71 12.36 11.94 11.54 11.09 10.62 10.15 9.70 9.31 8.99 8.75 8.58 8.48 8.37 8.26 8.16 8.07 7.99 7.92 7.88 7.91 7.96 7.99 8.12 8.16 8.14 8.14 8.04 7.88 7.70 7.54 7.34 7.14 6.93 6.78 6.68 6.64 6.67 6.78 6.90 7.03 7.18 7.29 7.38 7.45 7.48 7.45 7.38 7.33 7.15 6.96 6.74 6.53 6.32 6.14 5.99 5.85 5.77 5.71 5.68 5.70 5.74 5.85 6.01 6.24 6.51 6.79 7.06 7.26 7.39 7.46 7.45 7.40 7.32 7.18 7.05
14.09 14.05 13.97 13.81 13.63 13.41 13.17 12.90 12.61 12.29 11.94 11.51 11.06 10.56 10.06 9.58 9.18 8.87 8.68 8.54 8.50 8.42 8.33 8.21 8.13 7.99 7.87 7.80 7.82 7.89 8.00 8.09 8.16 8.16 8.09 7.93 7.72 7.49 7.26 7.02 6.77 6.50 6.30 6.15 6.10 6.19 6.35 6.54 6.72 6.90 7.06 7.20 7.31 7.38 7.40 7.35 7.26 7.09 6.86 6.62 6.39 6.19 6.01 5.84 5.73 5.62 5.57 5.56 5.55 5.62 5.73 5.91 6.19 6.54 6.90 7.23 7.50 7.64 7.70 7.67 7.60 7.49 7.34 7.18
13.87 13.81 13.69 13.53 13.39 13.20 12.98 12.73 12.46 12.17 11.87 11.48 11.00 10.46 9.93 9.42 8.98 8.71 8.58 8.51 8.47 8.50 8.45 8.28 8.15 7.97 7.80 7.68 7.69 7.80 7.94 8.08 8.18 8.19 8.03 7.78 7.54 7.27 7.00 6.72 6.43 6.13 5.85 5.62 5.56 5.73 5.97 6.21 6.43 6.64 6.84 7.02 7.16 7.31 7.39 7.36 7.19 7.01 6.76 6.51 6.28 6.09 5.92 5.75 5.62 5.50 5.46 5.49 5.48 5.54 5.62 5.80 6.15 6.59 7.02 7.44 7.79 7.97 7.96 7.90 7.80 7.68 7.51 7.34
14.00 13.52 13.39 13.25 13.08 12.90 12.73 12.49 12.24 11.99 11.73 11.43 10.87 10.32 9.78 9.27 8.77 8.54 8.49 8.46 8.45 8.59 8.57 8.34 8.16 7.94 7.73 7.53 7.57 7.70 7.85 8.01 8.15 8.22 7.94 7.64 7.31 7.05 6.75 6.46 6.14 5.82 5.51 5.20 5.08 5.39 5.67 5.93 6.19 6.43 6.65 6.82 7.03 7.21 7.36 7.36 7.17 6.93 6.69 6.44 6.18 6.03 5.87 5.72 5.60 5.46 5.41 5.41 5.48 5.54 5.60 5.68 6.18 6.67 7.16 7.63 8.08 8.25 8.18 8.10 8.00 7.88 7.70 7.52
13.18 13.14 13.04 12.91 12.76 12.59 12.39 12.17 11.96 11.70 11.44 11.07 10.62 10.12 9.63 9.16 8.76 8.53 8.44 8.47 8.50 8.56 8.49 8.41 8.21 7.92 7.72 7.57 7.54 7.62 7.74 7.86 7.92 7.91 7.71 7.44 7.09 6.79 6.53 6.23 5.91 5.61 5.32 5.09 5.05 5.24 5.49 5.75 6.00 6.25 6.48 6.66 6.88 7.06 7.17 7.17 7.05 6.85 6.63 6.41 6.20 6.04 5.89 5.81 5.67 5.58 5.54 5.49 5.56 5.65 5.75 5.97 6.35 6.82 7.29 7.73 8.10 8.31 8.32 8.27 8.18 8.06 7.92 7.73
12.72 12.70 12.63 12.53 12.39 12.22 12.03 11.82 11.59 11.34 11.07 10.69 10.29 9.88 9.45 9.06 8.74 8.61 8.49 8.43 8.44 8.39 8.40 8.31 8.20 7.93 7.75 7.62 7.53 7.54 7.60 7.62 7.65 7.59 7.43 7.20 6.86 6.62 6.32 6.04 5.74 5.48 5.22 5.09 5.08 5.21 5.41 5.64 5.87 6.11 6.31 6.53 6.73 6.86 6.97 6.98 6.93 6.77 6.60 6.42 6.30 6.15 6.01 5.92 5.76 5.68 5.63 5.66 5.71 5.81 5.97 6.21 6.59 7.00 7.42 7.79 8.12 8.35 8.41 8.41 8.34 8.25 8.12 7.96
12.26 12.25 12.20 12.11 11.98 11.82 11.64 11.43 11.20 10.95 10.68 10.36 9.95 9.58 9.26 9.05 8.79 8.59 8.47 8.38 8.38 8.31 8.39 8.25 8.09 7.90 7.74 7.62 7.54 7.50 7.40 7.40 7.38 7.31 7.16 6.95 6.69 6.43 6.17 5.95 5.67 5.36 5.18 5.07 5.11 5.22 5.37 5.59 5.79 6.00 6.20 6.41 6.57 6.71 6.82 6.87 6.83 6.74 6.59 6.52 6.38 6.25 6.13 6.01 5.91 5.85 5.82 5.85 5.92 6.02 6.20 6.45 6.77 7.19 7.53 7.89 8.19 8.42 8.52 8.55 8.52 8.44 8.34 8.21
11.81 11.79 11.74 11.67 11.55 11.40 11.22 11.01 10.79 10.54 10.27 9.99 9.61 9.30 9.17 8.91 8.69 8.53 8.41 8.39 8.31 8.23 8.20 8.19 8.04 7.88 7.70 7.57 7.47 7.40 7.22 7.19 7.17 7.07 6.91 6.73 6.49 6.26 6.02 5.80 5.59 5.30 5.16 5.08 5.13 5.23 5.36 5.56 5.75 5.93 6.12 6.31 6.46 6.60 6.75 6.79 6.77 6.72 6.69 6.59 6.48 6.37 6.27 6.16 6.09 5.92 5.90 6.05 6.13 6.24 6.43 6.68 6.99 7.33 7.69 8.03 8.34 8.54 8.66 8.71 8.70 8.65 8.57 8.46
11.45 11.33 11.29 11.21 11.10 10.95 10.78 10.58 10.36 10.12 9.87 9.60 9.34 9.00 8.95 8.74 8.56 8.42 8.32 8.31 8.25 8.23 8.13 8.01 7.99 7.82 7.63 7.49 7.37 7.27 7.19 6.99 6.94 6.84 6.70 6.49 6.31 6.11 5.90 5.70 5.52 5.25 5.14 5.09 5.19 5.25 5.37 5.56 5.73 5.92 6.07 6.25 6.42 6.53 6.68 6.74 6.77 6.79 6.74 6.67 6.59 6.51 6.42 6.33 6.26 6.10 6.09 6.24 6.33 6.47 6.64 6.89 7.19 7.52 7.86 8.23 8.50 8.70 8.83 8.90 8.90 8.87 8.80 8.71
10.98 10.93 10.83 10.75 10.65 10.50 10.33 10.14 9.92 9.69 9.46 9.22 8.99 8.96 8.70 8.53 8.39 8.29 8.36 8.32 8.23 8.17 8.08 7.95 7.88 7.71 7.54 7.38 7.24 7.13 7.03 6.97 6.75 6.64 6.51 6.32 6.15 5.98 5.80 5.63 5.47 5.22 5.14 5.10 5.21 5.28 5.39 5.57 5.73 5.91 6.05 6.22 6.39 6.55 6.65 6.73 6.78 6.83 6.82 6.78 6.73 6.66 6.55 6.47 6.32 6.28 6.28 6.32 6.43 6.58 6.83 7.08 7.38 7.71 8.05 8.42 8.69 8.90 9.03 9.10 9.12 9.09 9.03 8.96
10.59 10.47 10.39 10.30 10.19 10.05 9.89 9.69 9.48 9.26 9.04 8.83 8.81 8.64 8.51 8.29 8.22 8.16 8.23 8.22 8.17 8.13 8.04 7.91 7.74 7.62 7.43 7.26 7.10 6.97 6.96 6.79 6.57 6.46 6.30 6.17 5.99 5.84 5.69 5.50 5.36 5.33 5.25 5.21 5.21 5.27 5.38 5.54 5.70 5.88 6.01 6.18 6.41 6.55 6.66 6.76 6.89 6.92 6.92 6.91 6.91 6.80 6.72 6.64 6.50 6.46 6.45 6.49 6.60 6.75 6.96 7.26 7.55 7.90 8.29 8.62 8.92 9.13 9.26 9.33 9.34 9.31 9.26 9.19
10.15 10.06 9.96 9.84 9.71 9.61 9.45 9.26 9.06 8.84 8.63 8.65 8.46 8.33 8.21 8.05 7.99 7.97 8.08 8.12 8.11 8.10 8.02 7.88 7.68 7.52 7.30 7.11 6.94 6.80 6.75 6.65 6.55 6.32 6.17 6.06 5.90 5.77 5.57 5.47 5.35 5.33 5.26 5.23 5.23 5.30 5.42 5.58 5.75 5.86 6.04 6.21 6.45 6.59 6.72 6.93 6.99 7.06 7.10 7.09 7.08 7.03 6.90 6.75 6.68 6.63 6.62 6.66 6.74 6.89 7.14 7.39 7.72 8.13 8.51 8.87 9.15 9.40 9.50 9.55 9.55 9.52 9.47 9.41
9.73 9.63 9.53 9.41 9.27 9.13 8.99 8.84 8.65 8.45 8.24 8.22 8.09 7.98 7.90 7.84 7.75 7.76 7.83 7.92 8.05 8.09 8.03 7.86 7.64 7.36 7.16 6.93 6.75 6.68 6.58 6.49 6.40 6.29 6.21 6.05 5.84 5.73 5.55 5.47 5.37 5.35 5.28 5.25 5.31 5.35 5.47 5.65 5.82 5.92 6.11 6.28 6.55 6.66 6.90 6.98 7.08 7.17 7.23 7.26 7.26 7.22 7.09 7.00 6.85 6.80 6.78 6.81 6.88 7.00 7.24 7.49 7.83 8.28 8.71 9.11 9.45 9.68 9.77 9.79 9.76 9.74 9.65 9.59
9.34 9.23 9.13 9.00 8.86 8.70 8.60 8.41 8.29 8.09 8.00 7.81 7.72 7.66 7.61 7.56 7.49 7.53 7.66 7.79 7.93 8.09 8.07 7.87 7.56 7.24 6.94 6.72 6.59 6.51 6.43 6.36 6.28 6.19 6.13 6.00 5.92 5.79 5.57 5.56 5.41 5.39 5.32 5.32 5.34 5.41 5.56 5.74 5.97 6.02 6.28 6.44 6.64 6.85 6.97 7.06 7.18 7.28 7.38 7.46 7.47 7.37 7.27 7.17 7.08 6.95 6.93 6.95 7.01 7.11 7.25 7.53 7.95 8.41 8.88 9.34 9.75 9.95 9.99 9.97 9.96 9.90 9.82 9.75
9.00 8.86 8.75 8.63 8.49 8.34 8.18 8.00 8.07 7.85 7.61 7.41 7.40 7.37 7.34 7.31 7.27 7.33 7.48 7.64 7.81 7.99 8.14 7.79 7.45 7.11 6.78 6.46 6.42 6.38 6.33 6.27 6.20 6.12 6.10 6.06 5.88 5.81 5.74 5.62 5.55 5.57 5.49 5.42 5.46 5.64 5.81 5.92 6.10 6.27 6.40 6.56 6.83 6.95 7.06 7.16 7.29 7.41 7.52 7.62 7.71 7.55 7.43 7.33 7.24 7.16 7.08 7.11 7.16 7.24 7.35 7.56 8.04 8.52 9.01 9.51 10.00 10.21 10.17 10.12 10.06 9.98 9.92 9.86
8.72 8.56 8.41 8.30 8.17 8.02 7.91 7.87 7.69 7.58 7.37 7.21 7.19 7.16 7.13 7.11 7.15 7.23 7.30 7.45 7.60 7.70 7.70 7.57 7.27 6.96 6.67 6.47 6.38 6.31 6.27 6.23 6.13 6.09 6.05 6.02 5.91 5.87 5.72 5.72 5.71 5.69 5.64 5.67 5.70 5.82 5.99 6.06 6.24 6.40 6.54 6.85 7.01 7.13 7.26 7.38 7.42 7.53 7.63 7.72 7.72 7.65 7.56 7.48 7.40 7.30 7.29 7.28 7.33 7.41 7.53 7.77 8.20 8.64 9.09 9.54 9.96 10.16 10.18 10.17 10.07 10.03 9.96 9.90
8.41 8.24 8.07 7.91 7.89 7.75 7.60 7.44 7.44 7.25 7.09 6.96 6.97 6.99 6.96 6.95 7.02 7.09 7.12 7.23 7.30 7.36 7.33 7.17 7.05 6.80 6.63 6.43 6.29 6.29 6.25 6.15 6.13 6.14 6.09 6.08 5.98 5.95 5.91 5.84 5.86 5.86 5.84 5.84 5.96 6.06 6.20 6.24 6.40 6.57 6.86 7.01 7.17 7.29 7.41 7.52 7.67 7.65 7.74 7.74 7.77 7.75 7.67 7.61 7.52 7.48 7.47 7.49 7.51 7.60 7.77 7.99 8.29 8.74 9.12 9.55 9.87 10.06 10.13 10.14 10.07 10.03 9.97 9.91
8.12 7.95 7.79 7.71 7.59 7.47 7.34 7.19 7.05 7.06 6.92 6.80 6.71 6.65 6.71 6.72 6.88 6.93 6.79 6.90 7.02 7.05 7.00 6.89 6.71 6.73 6.53 6.37 6.26 6.20 6.13 6.18 6.19 6.20 6.21 6.17 6.08 6.07 6.05 6.00 5.97 5.98 6.06 6.09 6.24 6.30 6.43 6.45 6.61 6.76 7.04 7.18 7.31 7.45 7.57 7.68 7.78 7.88 7.80 7.85 7.84 7.88 7.86 7.77 7.67 7.64 7.64 7.67 7.81 7.90 8.04 8.15 8.52 8.83 9.22 9.52 9.77 9.94 10.03 10.06 10.01 9.97 9.92 9.87
7.87 7.71 7.54 7.44 7.34 7.23 7.12 6.99 6.87 6.90 6.78 6.67 6.58 6.51 6.58 6.56 6.51 6.55 6.63 6.68 6.71 6.72 6.73 6.77 6.63 6.48 6.41 6.27 6.19 6.12 6.12 6.21 6.24 6.28 6.31 6.32 6.27 6.27 6.27 6.26 6.21 6.19 6.19 6.34 6.39 6.56 6.67 6.80 6.93 7.02 7.16 7.29 7.44 7.61 7.73 7.83 7.92 7.94 7.92 7.96 7.92 7.97 7.92 7.90 7.88 7.87 7.89 7.92 7.97 8.06 8.19 8.38 8.64 8.90 9.13 9.46 9.66 9.81 9.91 9.91 9.91 9.88 9.84 9.78
7.65 7.39 7.29 7.21 7.13 7.12 7.04 6.95 6.84 6.73 6.62 6.57 6.60 6.52 6.47 6.43 6.41 6.38 6.43 6.48 6.50 6.63 6.58 6.49 6.45 6.32 6.13 6.12 6.08 6.02 6.05 6.11 6.19 6.38 6.50 6.53 6.42 6.44 6.44 6.45 6.41 6.40 6.42 6.58 6.63 6.71 6.94 7.01 7.09 7.21 7.34 7.46 7.61 7.73 7.88 7.97 7.99 8.05 8.10 8.13 8.00 8.03 8.02 8.01 8.10 8.11 8.12 8.14 8.12 8.19 8.30 8.47 8.67 8.88 9.09 9.30 9.56 9.69 9.72 9.76 9.77 9.75 9.71 9.66
7.23 7.11 7.07 7.04 7.00 6.98 6.92 6.85 6.76 6.66 6.55 6.55 6.53 6.44 6.37 6.31 6.26 6.36 6.27 6.44 6.46 6.46 6.41 6.33 6.12 6.00 5.99 5.98 5.95 5.97 6.05 6.15 6.27 6.44 6.64 6.69 6.59 6.61 6.63 6.65 6.64 6.62 6.78 6.81 6.87 6.94 7.16 7.23 7.27 7.39 7.50 7.63 7.76 7.88 7.93 8.01 8.11 8.15 8.19 8.21 8.13 8.16 8.23 8.24 8.22 8.23 8.25 8.27 8.34 8.40 8.47 8.56 8.69 8.86 9.04 9.21 9.31 9.43 9.58 9.62 9.63 9.61 9.57 9.53
7.05 6.96 6.92 6.91 6.90 6.87 6.83 6.77 6.70 6.73 6.64 6.53 6.42 6.31 6.26 6.18 6.23 6.28 6.27 6.31 6.33 6.33 6.19 6.12 6.00 5.87 5.80 5.90 5.91 5.94 6.07 6.28 6.44 6.57 6.67 6.79 6.77 6.80 6.83 6.85 6.85 7.00 7.00 7.04 7.09 7.19 7.25 7.42 7.51 7.54 7.66 7.77 7.89 7.97 8.06 8.13 8.18 8.24 8.20 8.21 8.19 8.24 8.30 8.32 8.35 8.37 8.39 8.40 8.42 8.46 8.50 8.57 8.63 8.77 8.96 9.06 9.19 9.29 9.36 9.48 9.49 9.47 9.43 9.37
6.91 6.84 6.80 6.83 6.84 6.83 6.81 6.77 6.71 6.76 6.66 6.55 6.42 6.29 6.20 6.19 6.13 6.12 6.20 6.22 6.18 6.19 6.14 6.04 5.90 5.79 5.67 5.61 5.66 5.82 6.09 6.36 6.57 6.74 6.86 6.85 6.88 6.90 6.93 7.08 7.11 7.21 7.30 7.35 7.35 7.41 7.45 7.55 7.48 7.57 7.75 7.82 7.96 8.10 8.19 8.25 8.28 8.28 8.34 8.33 8.26 8.27 8.30 8.38 8.46 8.49 8.50 8.50 8.46 8.46 8.49 8.46 8.62 8.74 8.82 8.95 9.07 9.16 9.21 9.23 9.32 9.29 9.24 9.18
6.79 6.74 6.75 6.77 6.83 6.85 6.85 6.82 6.77 6.83 6.74 6.62 6.45 6.34 6.18 6.03 6.03 6.02 6.06 6.16 6.19 6.22 6.18 6.05 5.89 5.69 5.55 5.47 5.54 5.79 6.07 6.33 6.61 6.94 6.99 7.05 7.08 7.11 7.12 7.27 7.36 7.45 7.50 7.54 7.59 7.58 7.61 7.68 7.74 7.68 7.85 7.92 8.03 8.16 8.31 8.36 8.38 8.37 8.34 8.26 8.26 8.29 8.32 8.38 8.51 8.55 8.56 8.53 8.45 8.42 8.35 8.39 8.47 8.54 8.66 8.79 8.95 9.02 9.05 9.06 9.13 9.10 9.05 8.99
6.70 6.69 6.78 6.86 6.91 6.95 6.95 6.93 6.90 6.93 6.84 6.73 6.62 6.44 6.24 6.03 5.94 5.94 6.05 6.20 6.31 6.34 6.31 6.15 5.92 5.67 5.43 5.29 5.44 5.76 6.14 6.52 6.84 7.09 7.23 7.26 7.27 7.41 7.31 7.39 7.53 7.62 7.66 7.72 7.75 7.72 7.73 7.78 7.79 7.80 7.84 7.98 8.10 8.24 8.42 8.48 8.45 8.39 8.33 8.29 8.22 8.25 8.31 8.38 8.47 8.59 8.59 8.49 8.42 8.36 8.32 8.27 8.31 8.41 8.53 8.66 8.78 8.84 8.84 8.87 8.85 8.89 8.81 8.76
6.00 6.77 6.90 7.01 7.08 7.12 7.13 7.13 7.16 7.11 7.03 6.96 6.79 6.60 6.39 6.15 5.88 5.95 6.15 6.31 6.44 6.53 6.52 6.28 6.01 5.73 5.44 5.15 5.40 5.82 6.24 6.66 7.08 7.37 7.38 7.39 7.55 7.57 7.59 7.54 7.58 7.70 7.74 7.80 7.83 7.80 7.79 7.81 7.84 7.88 7.86 7.96 8.17 8.32 8.48 8.54 8.44 8.36 8.29 8.23 8.18 8.18 8.25 8.34 8.43 8.55 8.55 8.44 8.34 8.26 8.19 8.09 8.15 8.24 8.36 8.49 8.64 8.68 8.65 8.62 8.60 8.64 8.61 8.57
7.04 7.06 7.15 7.25 7.31 7.36 7.45 7.44 7.49 7.44 7.30 7.18 7.03 6.85 6.65 6.44 6.25 6.23 6.41 6.53 6.62 6.64 6.59 6.40 6.15 5.89 5.65 5.52 5.68 6.02 6.40 6.79 7.16 7.39 7.48 7.56 7.59 7.71 7.63 7.67 7.73 7.79 7.82 7.86 7.86 7.82 7.80 7.78 7.84 7.74 7.83 7.91 8.05 8.23 8.35 8.39 8.34 8.28 8.22 8.17 8.13 8.11 8.17 8.24 8.32 8.38 8.37 8.30 8.20 8.12 8.05 8.00 7.97 8.04 8.14 8.25 8.36 8.41 8.43 8.42 8.41 8.39 8.41 8.38
7.46 7.45 7.50 7.57 7.62 7.68 7.73 7.77 7.75 7.70 7.63 7.46 7.33 7.18 7.01 6.85 6.72 6.67 6.77 6.82 6.83 6.81 6.72 6.56 6.35 6.14 5.99 5.92 6.02 6.29 6.60 6.93 7.23 7.41 7.54 7.65 7.78 7.79 7.75 7.82 7.82 7.86 7.86 7.87 7.87 7.82 7.79 7.75 7.75 7.69 7.72 7.78 7.94 8.04 8.16 8.20 8.18 8.14 8.10 8.06 8.05 8.08 8.06 8.11 8.15 8.18 8.16 8.09 8.03 7.95 7.85 7.82 7.83 7.81 7.88 7.97 8.05 8.13 8.15 8.17 8.18 8.18 8.21 8.20
7.91 7.89 7.91 7.94 7.99 8.06 8.08 8.07 8.04 7.99 7.94 7.83 7.68 7.56 7.43 7.31 7.20 7.14 7.17 7.16 7.12 7.04 6.93 6.77 6.59 6.43 6.31 6.28 6.36 6.54 6.83 7.09 7.33 7.51 7.59 7.67 7.88 7.90 7.85 7.90 7.89 7.91 7.89 7.87 7.84 7.79 7.75 7.70 7.68 7.60 7.60 7.64 7.79 7.85 7.90 7.97 7.98 7.97 7.96 7.93 7.94 7.96 7.98 7.94 7.97 7.97 7.94 7.88 7.80 7.71 7.64 7.61 7.60 7.56 7.60 7.67 7.74 7.82 7.87 7.90 7.93 7.95 7.97 8.01
