data/SP espacial/P_SP.grd
DSAA
132	56
0.0000	120.0000
0.0000	50.0000
2.3543	6.9356
[rows 0 to 37 of 56, columns 0 to 83 of 132]
6.00 4.99 4.89 4.79 4.68 4.58 4.46 4.34 4.21 3.97 3.84 3.64 3.50 3.36 3.23 3.10 2.98 2.84 2.74 2.67 2.61 2.57 2.56 2.65 2.85 2.94 3.05 3.16 3.26 3.35 3.50 3.62 3.66 3.43 3.42 3.18 3.14 3.07 2.99 2.90 2.81 2.65 2.57 2.49 2.44 2.48 2.53 2.63 2.70 2.78 2.85 2.94 3.00 3.04 3.18 3.20 3.09 3.07 3.10 3.05 2.99 2.92 2.84 2.75 2.54 2.47 2.44 2.47 2.50 2.57 2.60 2.64 2.67 2.70 2.83 2.88 2.90 2.97 3.33 3.32 3.29 3.21 3.16 3.10
4.99 4.94 4.86 4.77 4.67 4.56 4.45 4.32 4.19 4.06 3.81 3.69 3.47 3.32 3.18 3.05 2.92 2.78 2.69 2.62 2.58 2.55 2.57 2.64 2.74 2.92 3.04 3.16 3.27 3.37 3.52 3.65 3.46 3.48 3.46 3.19 3.19 3.12 3.04 2.94 2.84 2.69 2.60 2.53 2.49 2.51 2.55 2.64 2.71 2.79 2.90 2.97 3.03 3.08 3.22 3.24 3.24 3.12 3.14 3.10 3.03 2.96 2.87 2.79 2.59 2.52 2.49 2.50 2.55 2.58 2.61 2.64 2.67 2.69 2.86 2.88 2.89 2.96 2.96 3.30 3.24 3.20 3.15 3.10
4.89 4.86 4.80 4.72 4.63 4.53 4.41 4.29 4.16 4.02 3.88 3.73 3.51 3.28 3.14 3.00 2.87 2.73 2.64 2.58 2.56 2.55 2.58 2.65 2.74 2.92 3.05 3.18 3.29 3.40 3.45 3.48 3.52 3.53 3.52 3.25 3.25 3.18 3.09 2.99 2.89 2.73 2.65 2.59 2.55 2.55 2.59 2.67 2.74 2.82 2.93 3.00 3.07 3.23 3.27 3.29 3.29 3.32 3.20 3.15 3.09 3.01 2.93 2.72 2.65 2.59 2.55 2.54 2.58 2.60 2.62 2.65 2.67 2.70 2.86 2.88 2.89 2.96 2.96 3.29 3.23 3.20 3.16 3.10
4.79 4.77 4.72 4.66 4.58 4.48 4.37 4.25 4.12 3.98 3.84 3.69 3.47 3.32 3.09 2.95 2.82 2.69 2.61 2.56 2.54 2.55 2.59 2.66 2.75 2.87 3.07 3.20 3.32 3.40 3.49 3.43 3.58 3.60 3.59 3.55 3.27 3.24 3.15 3.05 2.95 2.79 2.71 2.65 2.61 2.61 2.63 2.71 2.78 2.85 2.96 3.05 3.26 3.32 3.32 3.35 3.41 3.41 3.25 3.22 3.15 3.08 2.86 2.79 2.72 2.66 2.62 2.63 2.62 2.63 2.64 2.66 2.69 2.84 2.87 2.96 2.97 3.02 3.02 2.97 3.24 3.21 3.17 3.12
4.68 4.67 4.63 4.58 4.51 4.42 4.32 4.21 4.08 3.95 3.81 3.66 3.51 3.28 3.13 2.91 2.78 2.65 2.58 2.55 2.53 2.55 2.60 2.66 2.76 2.88 3.02 3.22 3.35 3.44 3.43 3.57 3.65 3.68 3.67 3.44 3.36 3.27 3.22 3.11 3.01 2.85 2.76 2.70 2.66 2.65 2.68 2.75 2.82 2.90 3.01 3.24 3.32 3.39 3.39 3.42 3.50 3.48 3.45 3.27 3.23 3.02 2.94 2.87 2.79 2.73 2.69 2.68 2.67 2.67 2.67 2.69 2.83 2.85 2.95 2.97 2.98 3.03 3.03 3.03 3.25 3.23 3.19 3.15
4.58 4.56 4.53 4.49 4.44 4.37 4.28 4.17 4.06 3.93 3.79 3.64 3.49 3.33 3.11 2.96 2.77 2.65 2.58 2.54 2.53 2.55 2.61 2.67 2.78 2.90 3.04 3.25 3.36 3.39 3.50 3.65 3.71 3.77 3.58 3.54 3.51 3.41 3.30 3.19 3.06 2.90 2.85 2.79 2.71 2.70 2.71 2.79 2.88 2.97 3.19 3.30 3.39 3.47 3.52 3.63 3.58 3.57 3.53 3.47 3.30 3.11 3.03 2.95 2.87 2.80 2.78 2.74 2.72 2.71 2.71 2.72 2.91 2.93 2.96 2.98 3.00 3.05 3.05 3.05 2.97 3.25 3.22 3.18
4.47 4.46 4.44 4.41 4.37 4.31 4.24 4.14 4.04 3.92 3.79 3.64 3.49 3.33 3.16 2.96 2.83 2.66 2.59 2.55 2.54 2.56 2.61 2.68 2.79 2.92 3.07 3.12 3.32 3.45 3.58 3.68 3.81 3.84 3.69 3.64 3.60 3.50 3.38 3.29 3.16 3.03 2.88 2.81 2.73 2.73 2.76 2.85 2.93 3.06 3.25 3.36 3.47 3.55 3.62 3.67 3.68 3.66 3.62 3.56 3.38 3.21 3.12 3.03 2.95 2.87 2.84 2.80 2.77 2.75 2.75 2.91 2.93 2.96 2.98 3.01 3.02 3.07 3.08 3.08 3.33 3.31 3.24 3.21
4.36 4.36 4.35 4.34 4.31 4.26 4.20 4.12 4.03 3.92 3.79 3.65 3.51 3.36 3.18 3.04 2.86 2.76 2.63 2.58 2.56 2.57 2.61 2.69 2.80 2.94 3.01 3.17 3.37 3.53 3.67 3.79 3.92 3.96 3.81 3.75 3.69 3.57 3.44 3.35 3.19 3.06 2.90 2.77 2.73 2.75 2.78 2.88 3.01 3.11 3.31 3.43 3.55 3.65 3.74 3.78 3.79 3.77 3.73 3.66 3.48 3.39 3.24 3.12 3.02 2.94 2.90 2.85 2.82 2.83 2.93 2.94 2.96 2.98 3.01 3.03 3.05 3.10 3.11 3.11 3.35 3.33 3.27 3.16
4.27 4.27 4.28 4.27 4.26 4.23 4.18 4.11 4.03 3.93 3.81 3.69 3.55 3.40 3.24 3.09 2.96 2.81 2.73 2.62 2.59 2.59 2.62 2.70 2.81 2.89 3.05 3.17 3.43 3.61 3.77 3.91 4.05 4.09 3.94 3.86 3.78 3.64 3.50 3.39 3.23 3.08 2.91 2.77 2.73 2.75 2.83 2.94 3.04 3.23 3.36 3.49 3.63 3.76 3.85 3.90 3.91 3.89 3.84 3.67 3.59 3.48 3.33 3.22 3.10 3.03 2.96 2.91 2.89 2.88 2.96 2.97 2.99 3.01 3.04 3.06 3.08 3.13 3.13 3.14 3.07 3.36 3.33 3.19
4.18 4.20 4.21 4.22 4.21 4.19 4.16 4.11 4.04 3.95 3.86 3.74 3.61 3.47 3.31 3.17 3.03 2.92 2.83 2.73 2.64 2.62 2.64 2.72 2.77 2.92 3.05 3.22 3.41 3.68 3.87 4.03 4.15 4.23 4.07 3.96 3.85 3.70 3.54 3.38 3.25 3.07 2.94 2.77 2.73 2.78 2.84 2.96 3.08 3.27 3.41 3.56 3.71 3.86 3.96 4.03 4.03 4.00 3.87 3.79 3.69 3.58 3.46 3.31 3.20 3.10 3.03 2.98 2.95 3.00 3.00 3.01 3.03 3.05 3.07 3.10 3.11 3.16 3.17 3.11 3.10 3.38 3.35 3.22
4.11 4.13 4.15 4.17 4.18 4.17 4.15 4.12 4.06 4.00 3.91 3.81 3.70 3.57 3.41 3.26 3.13 3.01 2.92 2.83 2.71 2.67 2.67 2.69 2.82 2.93 3.09 3.26 3.46 3.75 3.95 4.14 4.30 4.39 4.20 4.05 3.91 3.74 3.57 3.40 3.26 3.06 2.93 2.82 2.70 2.77 2.85 2.98 3.16 3.31 3.46 3.61 3.80 3.95 4.08 4.16 4.15 4.11 3.97 3.89 3.79 3.67 3.54 3.39 3.27 3.18 3.10 3.04 3.03 3.04 3.04 3.04 3.06 3.08 3.11 3.13 3.15 3.19 3.13 3.14 3.13 3.13 3.38 3.25
4.00 4.07 4.10 4.13 4.15 4.16 4.16 4.14 4.11 4.06 3.99 3.91 3.80 3.68 3.53 3.39 3.25 3.14 3.04 2.95 2.86 2.75 2.66 2.77 2.87 3.01 3.15 3.30 3.51 3.74 4.02 4.22 4.41 4.45 4.28 4.10 3.92 3.76 3.58 3.41 3.23 3.07 2.93 2.81 2.71 2.78 2.93 3.04 3.19 3.33 3.49 3.69 3.85 4.02 4.18 4.27 4.24 4.13 4.06 3.97 3.88 3.75 3.62 3.47 3.35 3.24 3.17 3.12 3.09 3.09 3.08 3.08 3.10 3.12 3.15 3.17 3.18 3.16 3.17 3.17 3.16 3.15 3.34 3.32
3.98 4.02 4.07 4.10 4.14 4.16 4.17 4.17 4.16 4.14 4.09 4.02 3.93 3.82 3.68 3.55 3.42 3.30 3.20 3.10 3.01 2.88 2.87 2.91 2.98 3.10 3.24 3.39 3.58 3.79 4.05 4.23 4.37 4.33 4.26 4.10 3.92 3.73 3.57 3.40 3.23 3.08 2.95 2.85 2.84 2.88 2.96 3.07 3.19 3.35 3.51 3.72 3.88 4.05 4.18 4.26 4.22 4.18 4.12 4.04 3.93 3.82 3.69 3.58 3.46 3.36 3.28 3.23 3.20 3.14 3.13 3.12 3.14 3.16 3.18 3.20 3.22 3.20 3.20 3.20 3.19 3.18 3.36 3.34
3.81 3.98 4.03 4.09 4.13 4.17 4.20 4.22 4.23 4.23 4.20 4.15 4.08 3.98 3.85 3.73 3.61 3.49 3.38 3.28 3.13 3.06 3.06 3.07 3.12 3.22 3.34 3.48 3.64 3.82 3.99 4.16 4.29 4.23 4.18 4.05 3.88 3.71 3.55 3.39 3.23 3.10 3.04 2.91 2.87 2.93 2.99 3.09 3.21 3.37 3.56 3.73 3.90 4.04 4.17 4.25 4.24 4.21 4.15 4.08 3.98 3.87 3.77 3.65 3.53 3.44 3.35 3.31 3.26 3.23 3.18 3.17 3.18 3.20 3.22 3.24 3.22 3.23 3.23 3.23 3.22 3.21 3.39 3.37
3.76 3.82 4.01 4.08 4.14 4.19 4.24 4.29 4.32 4.34 4.33 4.30 4.24 4.16 4.04 3.92 3.81 3.69 3.58 3.40 3.33 3.28 3.24 3.24 3.29 3.34 3.44 3.55 3.69 3.84 3.97 4.11 4.19 4.14 4.10 3.98 3.83 3.67 3.50 3.34 3.23 3.17 3.07 3.00 2.92 2.97 3.03 3.13 3.23 3.37 3.57 3.73 3.88 4.04 4.16 4.18 4.23 4.22 4.17 4.11 4.02 3.94 3.82 3.71 3.60 3.54 3.47 3.37 3.32 3.29 3.26 3.22 3.22 3.24 3.26 3.27 3.25 3.26 3.26 3.25 3.24 3.23 3.41 3.39
3.71 3.79 3.86 3.94 4.15 4.18 4.30 4.36 4.42 4.46 4.47 4.46 4.41 4.34 4.23 4.12 4.00 3.89 3.69 3.60 3.53 3.47 3.43 3.40 3.43 3.49 3.53 3.62 3.72 3.84 3.94 4.06 4.11 4.06 3.99 3.91 3.77 3.62 3.47 3.34 3.22 3.17 3.08 3.03 2.94 3.00 3.05 3.14 3.26 3.38 3.57 3.74 3.89 4.04 4.11 4.18 4.23 4.22 4.19 4.13 4.07 3.97 3.87 3.76 3.66 3.60 3.53 3.44 3.38 3.34 3.31 3.29 3.26 3.27 3.29 3.31 3.29 3.29 3.29 3.28 3.27 3.25 3.43 3.41
3.67 3.75 3.84 3.94 4.03 4.22 4.31 4.40 4.53 4.59 4.63 4.63 4.59 4.52 4.42 4.31 4.20 3.98 3.88 3.79 3.71 3.65 3.56 3.55 3.56 3.59 3.64 3.66 3.74 3.82 3.90 3.99 4.03 3.97 3.91 3.83 3.71 3.56 3.44 3.31 3.19 3.15 3.08 3.03 2.99 3.01 3.06 3.15 3.26 3.40 3.60 3.77 3.93 4.04 4.10 4.17 4.21 4.23 4.22 4.16 4.09 4.00 3.90 3.80 3.74 3.64 3.58 3.51 3.42 3.38 3.35 3.33 3.33 3.34 3.33 3.32 3.33 3.33 3.33 3.32 3.30 3.29 3.45 3.43
3.63 3.72 3.82 3.94 4.06 4.19 4.31 4.42 4.52 4.60 4.66 4.79 4.77 4.70 4.50 4.39 4.28 4.15 4.05 3.96 3.88 3.81 3.71 3.68 3.67 3.68 3.70 3.73 3.76 3.82 3.87 3.93 3.95 3.89 3.83 3.77 3.66 3.52 3.39 3.26 3.15 3.12 3.05 3.01 2.98 3.00 3.05 3.15 3.27 3.41 3.62 3.78 3.94 4.04 4.11 4.18 4.22 4.25 4.23 4.17 4.11 4.02 3.93 3.83 3.76 3.67 3.61 3.54 3.46 3.41 3.38 3.37 3.36 3.37 3.41 3.36 3.36 3.37 3.36 3.30 3.28 3.27 3.24 3.38
3.59 3.69 3.81 3.94 4.08 4.23 4.31 4.52 4.65 4.75 4.82 4.85 4.83 4.77 4.67 4.56 4.44 4.31 4.21 4.11 4.03 3.95 3.85 3.79 3.75 3.73 3.73 3.74 3.75 3.78 3.82 3.85 3.87 3.81 3.74 3.69 3.58 3.46 3.37 3.24 3.13 3.06 3.01 2.98 2.94 2.97 3.03 3.15 3.28 3.43 3.63 3.80 3.92 4.05 4.13 4.20 4.26 4.26 4.23 4.18 4.12 4.03 3.94 3.88 3.78 3.69 3.63 3.56 3.51 3.44 3.41 3.39 3.39 3.40 3.41 3.42 3.41 3.36 3.35 3.35 3.33 3.31 3.31 3.28
3.55 3.67 3.80 3.95 4.11 4.28 4.38 4.54 4.76 4.88 4.98 5.02 5.00 4.93 4.83 4.70 4.57 4.44 4.34 4.24 4.15 4.07 3.96 3.87 3.81 3.76 3.73 3.72 3.71 3.73 3.76 3.78 3.78 3.72 3.71 3.62 3.50 3.38 3.29 3.17 3.07 3.00 2.95 2.92 2.90 2.94 3.02 3.15 3.29 3.45 3.65 3.82 3.94 4.08 4.18 4.24 4.29 4.28 4.23 4.18 4.12 4.04 3.95 3.88 3.79 3.70 3.64 3.57 3.52 3.45 3.42 3.40 3.41 3.44 3.44 3.46 3.48 3.42 3.41 3.40 3.38 3.35 3.35 3.34
3.56 3.69 3.84 4.00 4.13 4.31 4.49 4.62 4.79 5.00 5.13 5.18 5.16 5.07 4.95 4.82 4.68 4.54 4.43 4.34 4.25 4.13 4.04 3.94 3.84 3.76 3.70 3.66 3.64 3.66 3.69 3.71 3.72 3.73 3.58 3.54 3.43 3.34 3.22 3.10 3.00 2.94 2.88 2.86 2.81 2.90 3.00 3.14 3.29 3.47 3.66 3.84 4.02 4.11 4.24 4.31 4.32 4.29 4.24 4.18 4.11 4.04 3.97 3.88 3.79 3.71 3.65 3.58 3.52 3.47 3.44 3.41 3.44 3.47 3.52 3.51 3.54 3.55 3.48 3.48 3.45 3.42 3.41 3.38
3.51 3.65 3.82 3.99 4.18 4.33 4.52 4.71 4.91 5.09 5.25 5.28 5.29 5.17 5.03 4.89 4.75 4.61 4.50 4.40 4.31 4.20 4.12 3.99 3.85 3.74 3.65 3.59 3.57 3.60 3.61 3.64 3.69 3.66 3.55 3.45 3.40 3.26 3.14 3.05 2.93 2.88 2.82 2.74 2.75 2.86 2.98 3.14 3.32 3.48 3.68 3.86 4.05 4.15 4.28 4.35 4.34 4.31 4.25 4.17 4.09 4.02 3.93 3.86 3.79 3.72 3.66 3.58 3.52 3.46 3.43 3.42 3.45 3.50 3.56 3.61 3.62 3.64 3.56 3.54 3.51 3.50 3.46 3.42
3.00 3.60 3.77 3.95 4.13 4.32 4.52 4.72 4.93 5.07 5.27 5.43 5.29 5.15 5.06 4.92 4.78 4.65 4.52 4.42 4.31 4.25 4.17 3.99 3.84 3.70 3.58 3.49 3.48 3.51 3.55 3.57 3.59 3.55 3.45 3.34 3.31 3.20 3.09 2.99 2.90 2.83 2.78 2.74 2.73 2.85 2.98 3.18 3.34 3.51 3.70 3.88 4.01 4.17 4.31 4.38 4.35 4.30 4.23 4.16 4.07 4.00 3.92 3.85 3.78 3.72 3.66 3.58 3.52 3.48 3.44 3.41 3.47 3.54 3.57 3.63 3.69 3.71 3.67 3.65 3.61 3.53 3.51 3.47
3.46 3.60 3.76 3.93 4.11 4.30 4.49 4.63 4.83 5.02 5.19 5.28 5.23 5.11 4.98 4.84 4.77 4.63 4.50 4.38 4.29 4.20 4.11 3.94 3.79 3.66 3.55 3.44 3.41 3.42 3.44 3.47 3.48 3.42 3.34 3.26 3.15 3.12 3.03 2.93 2.91 2.83 2.79 2.75 2.79 2.93 3.06 3.23 3.37 3.58 3.72 3.81 3.99 4.14 4.25 4.31 4.32 4.27 4.21 4.13 4.07 3.98 3.90 3.82 3.76 3.69 3.64 3.58 3.52 3.49 3.47 3.46 3.50 3.57 3.61 3.68 3.73 3.73 3.72 3.70 3.67 3.63 3.56 3.52
3.47 3.60 3.75 3.91 4.08 4.25 4.44 4.56 4.74 4.91 5.04 5.11 5.09 5.00 4.89 4.76 4.62 4.57 4.44 4.32 4.21 4.12 4.00 3.84 3.71 3.58 3.48 3.40 3.36 3.32 3.33 3.35 3.30 3.26 3.21 3.13 3.10 3.01 2.93 2.94 2.88 2.82 2.81 2.83 2.85 2.99 3.11 3.28 3.44 3.60 3.68 3.82 3.99 4.12 4.21 4.26 4.26 4.23 4.17 4.12 4.03 3.95 3.87 3.79 3.74 3.68 3.62 3.57 3.53 3.50 3.49 3.50 3.55 3.59 3.65 3.70 3.74 3.77 3.76 3.75 3.72 3.69 3.65 3.57
3.47 3.59 3.73 3.87 4.03 4.09 4.26 4.43 4.60 4.74 4.88 4.90 4.92 4.86 4.77 4.63 4.52 4.41 4.30 4.23 4.12 4.00 3.88 3.75 3.61 3.49 3.39 3.32 3.27 3.24 3.24 3.19 3.17 3.14 3.09 3.02 3.00 2.93 2.87 2.90 2.87 2.85 2.84 2.88 2.91 3.05 3.17 3.33 3.48 3.64 3.70 3.82 3.98 4.08 4.17 4.21 4.21 4.18 4.14 4.08 3.99 3.92 3.83 3.77 3.70 3.65 3.59 3.55 3.53 3.50 3.50 3.53 3.58 3.63 3.69 3.74 3.78 3.80 3.80 3.80 3.78 3.75 3.71 3.66
3.47 3.58 3.70 3.72 3.86 4.01 4.17 4.32 4.46 4.58 4.68 4.73 4.73 4.68 4.59 4.48 4.38 4.27 4.17 4.06 3.99 3.87 3.75 3.63 3.51 3.39 3.30 3.22 3.17 3.14 3.13 3.04 3.01 3.01 2.96 2.90 2.93 2.89 2.85 2.83 2.82 2.86 2.91 2.90 2.98 3.09 3.21 3.30 3.44 3.60 3.74 3.86 3.99 4.06 4.13 4.16 4.16 4.15 4.11 4.04 3.95 3.87 3.80 3.72 3.66 3.61 3.56 3.53 3.51 3.50 3.52 3.55 3.61 3.66 3.73 3.75 3.79 3.84 3.85 3.84 3.83 3.80 3.77 3.73
3.46 3.56 3.55 3.67 3.80 3.93 4.06 4.19 4.31 4.42 4.50 4.54 4.54 4.50 4.40 4.31 4.21 4.11 4.01 3.91 3.81 3.70 3.61 3.50 3.38 3.28 3.18 3.11 3.07 3.03 3.02 2.91 2.88 2.88 2.84 2.84 2.85 2.82 2.80 2.80 2.81 2.86 2.95 2.96 3.04 3.14 3.20 3.34 3.49 3.62 3.75 3.87 3.96 4.05 4.09 4.12 4.14 4.11 4.06 3.99 3.90 3.82 3.75 3.67 3.61 3.56 3.53 3.50 3.49 3.50 3.52 3.56 3.63 3.69 3.76 3.79 3.83 3.87 3.89 3.89 3.88 3.85 3.82 3.79
3.31 3.41 3.51 3.62 3.72 3.84 3.95 4.07 4.17 4.26 4.32 4.35 4.35 4.28 4.21 4.12 4.02 3.93 3.83 3.74 3.64 3.54 3.45 3.35 3.25 3.16 3.07 3.01 2.93 2.89 2.87 2.83 2.80 2.76 2.74 2.75 2.77 2.76 2.76 2.78 2.81 2.88 2.90 3.01 3.11 3.21 3.25 3.38 3.52 3.64 3.76 3.87 3.95 4.03 4.10 4.12 4.10 4.06 4.01 3.94 3.85 3.78 3.70 3.62 3.56 3.51 3.48 3.46 3.47 3.48 3.52 3.57 3.64 3.72 3.79 3.84 3.89 3.92 3.93 3.93 3.92 3.90 3.87 3.84
3.31 3.39 3.48 3.56 3.65 3.75 3.85 3.94 4.03 4.10 4.15 4.17 4.12 4.08 4.00 3.91 3.82 3.72 3.63 3.55 3.47 3.38 3.29 3.20 3.11 3.02 2.95 2.88 2.83 2.78 2.75 2.72 2.69 2.66 2.65 2.64 2.70 2.71 2.74 2.77 2.83 2.85 2.94 3.06 3.15 3.18 3.28 3.41 3.52 3.66 3.77 3.87 3.94 4.03 4.08 4.10 4.08 4.02 3.96 3.87 3.78 3.70 3.63 3.56 3.50 3.45 3.43 3.42 3.43 3.46 3.50 3.56 3.64 3.72 3.82 3.88 3.93 3.97 3.99 3.99 3.97 3.95 3.92 3.89
3.29 3.36 3.44 3.52 3.60 3.66 3.74 3.82 3.90 3.96 4.02 3.99 3.96 3.90 3.81 3.70 3.60 3.50 3.42 3.35 3.29 3.21 3.14 3.05 2.96 2.88 2.81 2.75 2.73 2.67 2.66 2.64 2.62 2.58 2.62 2.62 2.66 2.69 2.72 2.77 2.84 2.88 2.91 3.00 3.13 3.18 3.28 3.41 3.56 3.67 3.78 3.89 3.96 4.03 4.08 4.09 4.05 3.99 3.91 3.81 3.71 3.62 3.54 3.48 3.43 3.40 3.38 3.37 3.39 3.42 3.47 3.53 3.62 3.73 3.84 3.91 3.98 4.02 4.04 4.04 4.02 3.99 3.96 3.93
3.26 3.32 3.39 3.46 3.53 3.60 3.67 3.75 3.81 3.85 3.87 3.83 3.78 3.70 3.60 3.50 3.36 3.27 3.21 3.16 3.11 3.05 2.99 2.91 2.83 2.74 2.66 2.63 2.61 2.58 2.57 2.56 2.54 2.54 2.57 2.59 2.65 2.68 2.73 2.79 2.80 2.85 2.93 3.02 3.11 3.20 3.30 3.42 3.52 3.68 3.79 3.90 3.96 4.03 4.08 4.08 4.04 3.97 3.85 3.73 3.62 3.52 3.46 3.40 3.37 3.34 3.32 3.32 3.33 3.36 3.42 3.50 3.61 3.73 3.85 3.95 4.04 4.08 4.10 4.08 4.06 4.03 4.00 4.00
3.24 3.29 3.35 3.41 3.47 3.52 3.58 3.64 3.69 3.72 3.71 3.69 3.62 3.51 3.39 3.28 3.15 3.05 3.01 2.98 2.95 2.91 2.86 2.79 2.71 2.64 2.55 2.50 2.51 2.52 2.48 2.49 2.49 2.51 2.55 2.62 2.66 2.62 2.75 2.74 2.82 2.87 2.95 3.04 3.12 3.21 3.31 3.42 3.54 3.65 3.77 3.90 3.95 4.03 4.11 4.10 4.03 3.90 3.77 3.64 3.51 3.44 3.38 3.34 3.29 3.27 3.26 3.28 3.30 3.33 3.38 3.46 3.58 3.72 3.87 4.01 4.13 4.15 4.14 4.12 4.09 4.06 4.05 4.02
3.00 3.28 3.34 3.38 3.43 3.48 3.52 3.55 3.58 3.57 3.57 3.56 3.46 3.34 3.22 3.08 2.92 2.87 2.87 2.85 2.84 2.81 2.78 2.71 2.64 2.56 2.50 2.43 2.39 2.39 2.40 2.46 2.45 2.47 2.54 2.60 2.60 2.65 2.71 2.79 2.86 2.93 3.00 3.07 3.15 3.24 3.34 3.45 3.55 3.64 3.75 3.84 3.92 3.99 4.06 4.09 3.96 3.83 3.68 3.54 3.40 3.36 3.32 3.28 3.24 3.21 3.22 3.25 3.28 3.32 3.36 3.41 3.56 3.71 3.87 4.03 4.18 4.23 4.16 4.13 4.14 4.09 4.06 4.03
3.25 3.28 3.32 3.35 3.38 3.42 3.44 3.46 3.47 3.44 3.43 3.38 3.31 3.20 3.07 2.94 2.82 2.77 2.75 2.73 2.71 2.69 2.66 2.61 2.56 2.50 2.46 2.42 2.36 2.36 2.37 2.39 2.45 2.48 2.49 2.55 2.60 2.69 2.81 2.84 2.88 2.98 3.05 3.12 3.19 3.28 3.37 3.45 3.54 3.66 3.72 3.79 3.86 3.90 3.94 3.96 3.85 3.73 3.59 3.46 3.37 3.31 3.27 3.23 3.21 3.20 3.20 3.23 3.27 3.32 3.37 3.44 3.56 3.70 3.85 4.00 4.13 4.19 4.18 4.16 4.14 4.09 4.06 4.03
3.28 3.29 3.31 3.33 3.35 3.37 3.38 3.40 3.39 3.37 3.28 3.26 3.18 3.06 2.95 2.84 2.75 2.71 2.68 2.63 2.61 2.59 2.56 2.53 2.49 2.46 2.45 2.39 2.35 2.36 2.38 2.44 2.48 2.53 2.57 2.59 2.65 2.72 2.86 2.87 2.93 3.02 3.09 3.15 3.22 3.30 3.38 3.45 3.52 3.63 3.66 3.72 3.77 3.81 3.79 3.80 3.72 3.62 3.50 3.41 3.33 3.27 3.23 3.20 3.19 3.19 3.20 3.23 3.27 3.33 3.38 3.46 3.55 3.69 3.82 3.95 4.06 4.11 4.13 4.12 4.11 4.09 4.05 4.02
3.40 3.40 3.39 3.39 3.39 3.39 3.34 3.32 3.29 3.25 3.20 3.13 3.04 2.95 2.85 2.77 2.69 2.63 2.59 2.56 2.53 2.51 2.49 2.47 2.46 2.44 2.40 2.39 2.38 2.39 2.42 2.47 2.52 2.56 2.62 2.68 2.71 2.78 2.92 2.92 2.98 3.07 3.13 3.20 3.26 3.33 3.39 3.45 3.50 3.59 3.61 3.64 3.68 3.68 3.66 3.62 3.59 3.50 3.40 3.34 3.27 3.23 3.20 3.18 3.18 3.19 3.21 3.24 3.29 3.34 3.40 3.47 3.56 3.67 3.79 3.90 3.95 4.03 4.04 4.05 4.05 4.03 4.02 4.00
3.45 3.43 3.41 3.39 3.37 3.35 3.29 3.25 3.21 3.16 3.09 3.02 2.92 2.84 2.77 2.69 2.63 2.58 2.54 2.51 2.48 2.46 2.45 2.44 2.44 2.41 2.40 2.40 2.40 2.42 2.45 2.50 2.55 2.61 2.68 2.74 2.77 2.84 2.91 2.98 3.04 3.12 3.18 3.24 3.30 3.35 3.40 3.44 3.48 3.51 3.54 3.55 3.57 3.55 3.54 3.50 3.47 3.39 3.33 3.27 3.22 3.19 3.17 3.16 3.17 3.18 3.21 3.25 3.29 3.35 3.41 3.48 3.56 3.65 3.75 3.84 3.90 3.95 3.98 3.99 4.00 3.99 3.98 3.96
