data/SP espacial/pH_SP.grd
DSAA
132	56
0.0000	120.0000
0.0000	50.0000
3.8590	4.3000
[rows 0 to 37 of 56, columns 0 to 83 of 132]
4.30 4.22 4.21 4.20 4.19 4.18 4.16 4.15 4.13 4.12 4.10 4.09 4.07 4.05 4.03 4.01 4.00 3.98 3.96 3.95 3.94 3.93 3.92 3.92 3.92 3.93 3.93 3.94 3.95 3.96 3.97 3.98 3.97 3.98 3.99 4.00 4.01 4.01 4.02 4.02 4.02 4.04 4.05 4.05 4.06 4.05 4.04 4.03 4.02 4.01 4.01 4.00 4.00 3.99 3.98 3.98 3.97 3.97 3.97 3.96 3.95 3.93 3.93 3.92 3.92 3.91 3.92 3.92 3.93 3.93 3.94 3.95 3.95 3.96 3.97 3.97 3.97 3.97 3.98 3.98 3.98 3.99 3.99 3.99
4.23 4.23 4.22 4.21 4.20 4.18 4.17 4.15 4.14 4.12 4.11 4.09 4.08 4.06 4.03 4.01 3.99 3.98 3.96 3.95 3.93 3.92 3.92 3.91 3.92 3.92 3.93 3.94 3.94 3.95 3.96 3.96 3.97 3.98 3.99 4.00 4.01 4.01 4.02 4.01 4.02 4.03 4.04 4.05 4.05 4.04 4.04 4.02 4.02 4.01 4.00 4.00 3.99 3.99 3.98 3.98 3.97 3.97 3.96 3.95 3.94 3.93 3.92 3.92 3.91 3.91 3.92 3.92 3.92 3.93 3.94 3.94 3.95 3.96 3.96 3.97 3.96 3.97 3.97 3.98 3.98 3.98 3.98 3.98
4.22 4.22 4.22 4.21 4.20 4.19 4.18 4.16 4.14 4.13 4.11 4.09 4.07 4.06 4.04 4.01 3.99 3.97 3.96 3.94 3.93 3.92 3.91 3.91 3.91 3.91 3.92 3.93 3.94 3.95 3.96 3.95 3.96 3.98 3.99 3.99 4.00 4.01 4.01 4.01 4.02 4.03 4.04 4.04 4.04 4.04 4.03 4.02 4.01 4.01 4.00 4.00 3.99 3.98 3.98 3.98 3.97 3.97 3.96 3.95 3.94 3.93 3.92 3.92 3.91 3.91 3.91 3.92 3.92 3.93 3.93 3.94 3.95 3.95 3.96 3.95 3.96 3.96 3.97 3.97 3.98 3.98 3.98 3.98
4.22 4.22 4.22 4.21 4.20 4.19 4.18 4.17 4.15 4.14 4.12 4.10 4.08 4.05 4.04 4.01 3.99 3.97 3.96 3.94 3.93 3.92 3.91 3.91 3.91 3.91 3.91 3.92 3.93 3.94 3.93 3.95 3.96 3.97 3.98 3.99 4.00 4.00 4.01 4.00 4.01 4.02 4.03 4.03 4.03 4.03 4.02 4.01 4.01 4.00 4.00 3.99 3.99 3.98 3.98 3.97 3.97 3.97 3.96 3.95 3.94 3.93 3.92 3.91 3.91 3.91 3.91 3.91 3.92 3.92 3.93 3.94 3.94 3.95 3.95 3.95 3.96 3.96 3.96 3.97 3.97 3.97 3.97 3.97
4.21 4.21 4.21 4.21 4.20 4.19 4.18 4.17 4.15 4.14 4.12 4.10 4.08 4.06 4.03 4.01 3.99 3.97 3.95 3.94 3.93 3.92 3.91 3.90 3.90 3.90 3.91 3.91 3.92 3.91 3.93 3.95 3.96 3.97 3.98 3.99 3.99 4.00 4.00 4.00 4.00 4.01 4.02 4.02 4.02 4.02 4.01 4.01 4.00 4.00 3.99 3.99 3.98 3.98 3.97 3.98 3.97 3.96 3.96 3.95 3.94 3.92 3.92 3.91 3.91 3.91 3.91 3.91 3.91 3.92 3.93 3.93 3.94 3.94 3.94 3.95 3.95 3.96 3.96 3.96 3.96 3.97 3.97 3.97
4.21 4.21 4.21 4.21 4.20 4.19 4.18 4.17 4.16 4.14 4.12 4.10 4.08 4.06 4.03 4.01 3.99 3.97 3.95 3.94 3.93 3.92 3.91 3.90 3.90 3.90 3.90 3.91 3.90 3.91 3.92 3.94 3.95 3.96 3.97 3.98 3.99 3.99 4.00 4.00 4.00 4.00 4.01 4.01 4.01 4.01 4.01 4.00 4.00 3.99 3.99 3.98 3.98 3.98 3.97 3.98 3.97 3.96 3.96 3.95 3.94 3.92 3.92 3.91 3.91 3.90 3.91 3.91 3.91 3.92 3.92 3.93 3.93 3.93 3.94 3.95 3.95 3.96 3.96 3.96 3.96 3.96 3.96 3.96
4.20 4.21 4.21 4.21 4.20 4.19 4.18 4.17 4.16 4.14 4.13 4.11 4.08 4.06 4.03 4.01 3.98 3.96 3.95 3.94 3.93 3.92 3.91 3.90 3.90 3.89 3.90 3.88 3.89 3.90 3.92 3.94 3.95 3.96 3.97 3.98 3.98 3.99 3.99 3.99 3.99 4.00 4.00 4.00 4.00 4.00 4.00 3.99 3.99 3.99 3.98 3.98 3.98 3.97 3.98 3.97 3.97 3.96 3.95 3.95 3.94 3.93 3.92 3.91 3.91 3.90 3.91 3.91 3.91 3.91 3.91 3.92 3.92 3.93 3.94 3.95 3.95 3.96 3.96 3.96 3.96 3.96 3.96 3.96
4.20 4.20 4.20 4.20 4.20 4.19 4.18 4.17 4.16 4.15 4.13 4.11 4.08 4.06 4.03 4.00 3.98 3.96 3.94 3.93 3.92 3.91 3.90 3.90 3.89 3.88 3.88 3.88 3.89 3.90 3.91 3.93 3.95 3.96 3.97 3.97 3.98 3.97 3.98 3.99 3.98 3.99 3.99 3.99 3.99 3.99 3.98 3.98 3.98 3.98 3.98 3.97 3.97 3.98 3.97 3.97 3.97 3.96 3.95 3.94 3.93 3.93 3.92 3.91 3.91 3.91 3.91 3.91 3.91 3.91 3.92 3.92 3.92 3.93 3.94 3.95 3.95 3.96 3.96 3.96 3.96 3.96 3.96 3.96
4.20 4.20 4.20 4.20 4.19 4.18 4.18 4.17 4.16 4.15 4.13 4.11 4.09 4.06 4.03 4.00 3.98 3.96 3.94 3.93 3.92 3.91 3.90 3.90 3.89 3.88 3.87 3.87 3.88 3.89 3.91 3.93 3.94 3.96 3.97 3.97 3.96 3.97 3.97 3.98 3.98 3.97 3.97 3.98 3.98 3.97 3.98 3.98 3.97 3.97 3.97 3.97 3.97 3.98 3.97 3.97 3.96 3.96 3.95 3.94 3.93 3.92 3.92 3.91 3.91 3.91 3.91 3.91 3.91 3.91 3.92 3.92 3.92 3.93 3.94 3.95 3.96 3.96 3.97 3.97 3.97 3.96 3.96 3.96
4.19 4.19 4.19 4.19 4.18 4.18 4.17 4.16 4.16 4.15 4.13 4.11 4.09 4.06 4.03 4.00 3.97 3.95 3.94 3.93 3.92 3.91 3.90 3.89 3.88 3.87 3.87 3.87 3.88 3.89 3.90 3.92 3.95 3.96 3.97 3.97 3.96 3.96 3.96 3.96 3.97 3.97 3.97 3.96 3.96 3.96 3.96 3.96 3.97 3.96 3.96 3.96 3.97 3.97 3.98 3.97 3.96 3.96 3.95 3.94 3.93 3.92 3.92 3.91 3.91 3.91 3.91 3.91 3.91 3.91 3.92 3.92 3.92 3.93 3.94 3.95 3.96 3.97 3.97 3.97 3.97 3.97 3.97 3.96
4.18 4.19 4.18 4.18 4.18 4.17 4.16 4.16 4.15 4.15 4.14 4.12 4.09 4.06 4.02 3.99 3.96 3.94 3.93 3.92 3.92 3.91 3.90 3.89 3.88 3.87 3.87 3.86 3.87 3.88 3.90 3.92 3.95 3.96 3.96 3.96 3.96 3.96 3.95 3.95 3.96 3.96 3.95 3.95 3.95 3.95 3.95 3.95 3.95 3.96 3.96 3.96 3.97 3.97 3.98 3.97 3.96 3.96 3.95 3.94 3.93 3.92 3.92 3.91 3.91 3.91 3.91 3.91 3.91 3.92 3.92 3.92 3.93 3.94 3.95 3.96 3.97 3.98 3.98 3.98 3.98 3.98 3.97 3.97
4.20 4.18 4.17 4.17 4.16 4.16 4.15 4.15 4.14 4.14 4.13 4.12 4.09 4.05 4.02 3.99 3.96 3.94 3.93 3.92 3.92 3.90 3.90 3.89 3.88 3.88 3.87 3.86 3.87 3.88 3.90 3.92 3.95 3.96 3.96 3.95 3.95 3.95 3.95 3.94 3.95 3.95 3.94 3.93 3.93 3.94 3.94 3.95 3.94 3.95 3.95 3.96 3.97 3.97 3.97 3.97 3.97 3.96 3.95 3.93 3.92 3.92 3.92 3.92 3.91 3.91 3.91 3.92 3.92 3.92 3.92 3.92 3.93 3.94 3.95 3.97 3.98 3.98 3.99 3.99 3.99 3.99 3.98 3.98
4.17 4.17 4.16 4.16 4.15 4.15 4.14 4.14 4.13 4.13 4.12 4.10 4.08 4.04 4.01 3.99 3.96 3.94 3.93 3.92 3.92 3.91 3.90 3.90 3.89 3.88 3.88 3.87 3.88 3.89 3.90 3.92 3.94 3.95 3.95 3.95 3.95 3.94 3.94 3.94 3.94 3.94 3.93 3.93 3.92 3.93 3.93 3.94 3.94 3.94 3.94 3.96 3.96 3.96 3.97 3.97 3.96 3.96 3.95 3.94 3.93 3.93 3.92 3.92 3.92 3.92 3.92 3.92 3.93 3.93 3.93 3.93 3.94 3.95 3.96 3.97 3.99 3.99 4.00 4.00 4.00 4.00 3.99 3.99
4.15 4.15 4.15 4.14 4.14 4.13 4.13 4.12 4.11 4.11 4.10 4.08 4.06 4.03 4.01 3.99 3.97 3.95 3.94 3.93 3.92 3.92 3.91 3.90 3.90 3.89 3.89 3.88 3.89 3.90 3.91 3.93 3.94 3.95 3.94 3.94 3.94 3.94 3.93 3.93 3.93 3.93 3.93 3.92 3.92 3.92 3.92 3.93 3.93 3.93 3.95 3.95 3.96 3.96 3.96 3.96 3.96 3.96 3.95 3.94 3.94 3.93 3.93 3.93 3.93 3.93 3.93 3.93 3.93 3.94 3.94 3.95 3.95 3.96 3.97 3.99 3.99 4.00 4.01 4.01 4.01 4.01 4.01 4.00
4.14 4.14 4.13 4.13 4.12 4.12 4.11 4.10 4.09 4.09 4.07 4.06 4.04 4.02 4.00 3.98 3.97 3.95 3.94 3.93 3.93 3.92 3.92 3.91 3.91 3.90 3.90 3.90 3.90 3.91 3.92 3.93 3.93 3.94 3.94 3.94 3.93 3.93 3.93 3.92 3.92 3.92 3.92 3.92 3.92 3.92 3.92 3.93 3.93 3.93 3.94 3.94 3.95 3.95 3.96 3.96 3.96 3.96 3.95 3.95 3.94 3.94 3.94 3.94 3.94 3.94 3.94 3.94 3.94 3.95 3.95 3.96 3.96 3.97 3.98 3.99 4.00 4.01 4.02 4.02 4.02 4.02 4.02 4.02
4.13 4.12 4.12 4.11 4.11 4.10 4.09 4.08 4.07 4.06 4.05 4.04 4.03 4.01 4.00 3.98 3.97 3.96 3.95 3.94 3.94 3.93 3.93 3.92 3.92 3.91 3.91 3.91 3.91 3.91 3.92 3.93 3.93 3.93 3.93 3.93 3.93 3.92 3.92 3.92 3.92 3.92 3.92 3.91 3.91 3.91 3.92 3.92 3.92 3.92 3.93 3.94 3.94 3.95 3.95 3.96 3.96 3.96 3.96 3.96 3.95 3.95 3.95 3.95 3.95 3.95 3.95 3.95 3.95 3.96 3.96 3.97 3.98 3.98 3.99 4.00 4.01 4.02 4.03 4.03 4.03 4.03 4.03 4.03
4.12 4.11 4.11 4.10 4.09 4.08 4.07 4.06 4.05 4.04 4.03 4.02 4.01 4.00 3.99 3.98 3.97 3.96 3.95 3.95 3.94 3.94 3.94 3.93 3.93 3.92 3.92 3.92 3.92 3.92 3.92 3.93 3.93 3.93 3.93 3.93 3.92 3.92 3.92 3.92 3.92 3.91 3.91 3.91 3.91 3.91 3.91 3.92 3.92 3.92 3.93 3.93 3.94 3.94 3.95 3.95 3.96 3.96 3.96 3.96 3.96 3.96 3.96 3.96 3.96 3.96 3.96 3.96 3.96 3.97 3.97 3.98 3.99 3.99 4.00 4.01 4.02 4.03 4.04 4.04 4.05 4.05 4.05 4.05
4.11 4.11 4.09 4.08 4.07 4.06 4.05 4.04 4.03 4.02 4.01 4.00 3.99 3.98 3.98 3.97 3.96 3.96 3.96 3.95 3.95 3.95 3.94 3.94 3.94 3.93 3.93 3.93 3.93 3.93 3.93 3.93 3.93 3.93 3.92 3.92 3.92 3.92 3.92 3.92 3.91 3.91 3.91 3.91 3.91 3.91 3.91 3.91 3.92 3.92 3.93 3.93 3.94 3.94 3.95 3.95 3.96 3.97 3.97 3.97 3.97 3.97 3.97 3.97 3.97 3.97 3.97 3.97 3.97 3.98 3.98 3.99 3.99 4.00 4.01 4.02 4.03 4.04 4.04 4.05 4.06 4.06 4.06 4.06
4.10 4.09 4.09 4.07 4.06 4.05 4.03 4.02 4.01 4.00 3.99 3.98 3.97 3.97 3.97 3.96 3.96 3.96 3.96 3.96 3.96 3.96 3.95 3.95 3.95 3.94 3.94 3.94 3.94 3.94 3.93 3.93 3.93 3.93 3.92 3.92 3.92 3.92 3.92 3.92 3.92 3.91 3.91 3.91 3.91 3.91 3.91 3.92 3.92 3.92 3.93 3.93 3.93 3.94 3.94 3.95 3.96 3.97 3.98 3.98 3.98 3.99 3.99 3.98 3.98 3.98 3.98 3.98 3.98 3.98 3.99 3.99 4.00 4.01 4.02 4.03 4.04 4.05 4.05 4.06 4.06 4.07 4.07 4.08
4.09 4.09 4.08 4.06 4.05 4.03 4.02 4.00 3.99 3.98 3.96 3.96 3.95 3.95 3.95 3.96 3.96 3.96 3.96 3.96 3.96 3.96 3.96 3.96 3.96 3.95 3.95 3.95 3.95 3.94 3.94 3.93 3.92 3.92 3.92 3.92 3.92 3.92 3.92 3.92 3.92 3.91 3.91 3.91 3.91 3.91 3.91 3.92 3.92 3.92 3.93 3.93 3.93 3.94 3.94 3.95 3.96 3.97 3.98 3.99 4.00 4.00 4.00 4.00 3.99 3.99 3.99 3.99 3.99 3.99 3.99 4.00 4.01 4.02 4.03 4.04 4.05 4.05 4.06 4.07 4.07 4.08 4.08 4.09
4.08 4.08 4.07 4.05 4.04 4.02 4.00 3.98 3.96 3.95 3.94 3.93 3.93 3.94 3.95 3.95 3.96 3.96 3.97 3.97 3.97 3.97 3.97 3.97 3.97 3.96 3.96 3.96 3.96 3.95 3.94 3.93 3.93 3.92 3.92 3.92 3.92 3.92 3.92 3.92 3.92 3.91 3.91 3.91 3.91 3.91 3.91 3.92 3.92 3.93 3.93 3.93 3.93 3.94 3.94 3.95 3.96 3.98 3.99 4.00 4.01 4.01 4.01 4.01 4.00 4.00 4.00 4.00 3.99 3.99 4.00 4.00 4.01 4.02 4.03 4.04 4.05 4.06 4.07 4.07 4.08 4.08 4.09 4.09
4.08 4.07 4.05 4.04 4.02 4.01 3.98 3.97 3.95 3.93 3.91 3.91 3.91 3.92 3.94 3.95 3.96 3.97 3.97 3.97 3.97 3.98 3.98 3.97 3.97 3.97 3.97 3.97 3.97 3.96 3.95 3.94 3.93 3.92 3.92 3.93 3.93 3.93 3.93 3.93 3.93 3.92 3.92 3.91 3.91 3.91 3.91 3.92 3.93 3.93 3.93 3.93 3.94 3.93 3.94 3.95 3.97 3.98 4.00 4.02 4.03 4.03 4.02 4.02 4.01 4.01 4.00 4.00 4.00 4.00 4.00 4.01 4.02 4.03 4.04 4.05 4.06 4.06 4.07 4.08 4.08 4.09 4.09 4.10
4.10 4.05 4.04 4.02 4.01 3.99 3.98 3.96 3.93 3.91 3.89 3.88 3.90 3.91 3.93 3.94 3.96 3.97 3.97 3.97 3.97 3.98 3.98 3.98 3.98 3.98 3.98 3.98 3.97 3.96 3.95 3.94 3.93 3.92 3.92 3.93 3.93 3.93 3.93 3.93 3.93 3.93 3.92 3.92 3.91 3.92 3.92 3.93 3.93 3.94 3.94 3.94 3.94 3.94 3.94 3.95 3.97 3.99 4.01 4.03 4.05 4.04 4.03 4.03 4.02 4.01 4.01 4.01 4.01 4.01 4.01 4.01 4.02 4.03 4.04 4.05 4.06 4.07 4.07 4.07 4.08 4.09 4.09 4.10
4.05 4.04 4.02 4.01 3.99 3.98 3.96 3.94 3.92 3.90 3.89 3.88 3.89 3.91 3.92 3.94 3.95 3.96 3.97 3.97 3.97 3.98 3.98 3.98 3.98 3.98 3.98 3.98 3.97 3.96 3.95 3.94 3.94 3.93 3.93 3.93 3.94 3.94 3.94 3.94 3.94 3.94 3.93 3.93 3.92 3.93 3.93 3.94 3.94 3.94 3.94 3.94 3.94 3.95 3.95 3.96 3.98 4.00 4.01 4.03 4.04 4.05 4.04 4.04 4.03 4.02 4.02 4.01 4.01 4.01 4.01 4.01 4.02 4.03 4.03 4.04 4.05 4.06 4.06 4.07 4.08 4.08 4.09 4.09
4.03 4.02 4.01 4.00 3.98 3.96 3.95 3.93 3.91 3.90 3.89 3.89 3.89 3.90 3.92 3.93 3.95 3.96 3.96 3.97 3.97 3.97 3.98 3.98 3.98 3.98 3.98 3.98 3.97 3.96 3.96 3.95 3.94 3.94 3.94 3.94 3.94 3.94 3.94 3.95 3.95 3.95 3.94 3.94 3.93 3.94 3.94 3.95 3.95 3.95 3.95 3.95 3.95 3.96 3.97 3.98 3.99 4.00 4.02 4.03 4.04 4.05 4.05 4.04 4.04 4.03 4.03 4.02 4.02 4.01 4.01 4.01 4.02 4.02 4.03 4.04 4.04 4.05 4.06 4.06 4.07 4.07 4.08 4.09
4.02 4.01 3.99 3.98 3.96 3.95 3.93 3.92 3.91 3.90 3.89 3.89 3.89 3.90 3.91 3.92 3.94 3.95 3.95 3.96 3.97 3.97 3.97 3.98 3.98 3.98 3.98 3.98 3.97 3.96 3.96 3.95 3.95 3.95 3.95 3.95 3.95 3.95 3.95 3.95 3.95 3.96 3.95 3.95 3.95 3.95 3.95 3.96 3.96 3.96 3.96 3.96 3.97 3.97 3.98 3.99 4.00 4.02 4.03 4.04 4.04 4.05 4.05 4.05 4.04 4.04 4.03 4.03 4.02 4.01 4.01 4.01 4.01 4.01 4.02 4.03 4.03 4.04 4.04 4.05 4.05 4.06 4.07 4.07
4.00 3.99 3.97 3.96 3.95 3.94 3.92 3.91 3.90 3.89 3.89 3.89 3.89 3.90 3.91 3.92 3.92 3.93 3.94 3.95 3.96 3.96 3.97 3.98 3.98 3.97 3.98 3.97 3.97 3.96 3.96 3.96 3.96 3.95 3.95 3.96 3.96 3.96 3.96 3.96 3.97 3.97 3.97 3.97 3.96 3.97 3.97 3.97 3.97 3.97 3.97 3.97 3.98 3.98 3.99 4.00 4.01 4.02 4.03 4.04 4.05 4.05 4.06 4.05 4.05 4.05 4.04 4.03 4.03 4.02 4.01 4.01 4.01 4.01 4.01 4.01 4.02 4.02 4.03 4.03 4.04 4.05 4.05 4.06
3.99 3.97 3.96 3.95 3.94 3.92 3.91 3.90 3.90 3.89 3.89 3.89 3.89 3.90 3.90 3.91 3.92 3.93 3.94 3.95 3.96 3.97 3.97 3.97 3.97 3.97 3.97 3.97 3.97 3.96 3.96 3.96 3.96 3.96 3.96 3.96 3.97 3.97 3.97 3.97 3.98 3.98 3.98 3.98 3.98 3.98 3.98 3.98 3.98 3.98 3.98 3.98 3.98 3.99 4.00 4.01 4.02 4.03 4.04 4.05 4.05 4.06 4.06 4.06 4.06 4.05 4.04 4.04 4.03 4.02 4.01 4.00 4.00 4.00 4.00 4.00 4.00 4.01 4.01 4.02 4.03 4.03 4.04 4.04
3.97 3.96 3.95 3.94 3.93 3.91 3.91 3.90 3.89 3.89 3.89 3.89 3.89 3.90 3.90 3.91 3.92 3.93 3.94 3.95 3.96 3.96 3.97 3.97 3.97 3.97 3.97 3.97 3.96 3.96 3.96 3.96 3.96 3.96 3.97 3.97 3.97 3.97 3.98 3.98 3.99 3.99 3.99 3.99 3.99 3.99 3.99 3.99 3.99 3.99 3.99 3.99 3.99 4.00 4.01 4.01 4.02 4.03 4.04 4.05 4.06 4.06 4.06 4.06 4.06 4.05 4.05 4.04 4.03 4.02 4.01 4.00 3.99 3.99 3.99 3.99 3.99 3.99 4.00 4.00 4.01 4.01 4.02 4.02
3.96 3.95 3.94 3.93 3.92 3.91 3.90 3.90 3.89 3.89 3.89 3.89 3.89 3.90 3.90 3.91 3.92 3.93 3.94 3.95 3.96 3.96 3.96 3.97 3.97 3.97 3.96 3.96 3.96 3.96 3.96 3.96 3.96 3.97 3.97 3.97 3.98 3.98 3.98 3.99 4.00 4.00 4.01 4.01 4.01 4.01 4.00 4.00 4.00 4.00 4.00 4.00 4.00 4.00 4.01 4.02 4.03 4.04 4.05 4.05 4.06 4.06 4.07 4.06 4.06 4.05 4.05 4.04 4.03 4.01 4.00 3.99 3.98 3.98 3.97 3.97 3.97 3.98 3.98 3.98 3.99 3.99 3.99 4.00
3.96 3.95 3.94 3.92 3.92 3.91 3.90 3.90 3.89 3.89 3.89 3.89 3.89 3.90 3.90 3.91 3.92 3.93 3.94 3.95 3.96 3.96 3.97 3.97 3.96 3.96 3.96 3.95 3.95 3.96 3.96 3.96 3.97 3.97 3.97 3.98 3.98 3.99 3.99 4.00 4.00 4.01 4.02 4.02 4.02 4.02 4.01 4.01 4.01 4.00 4.00 4.00 4.00 4.01 4.01 4.02 4.03 4.04 4.05 4.06 4.06 4.07 4.07 4.07 4.06 4.06 4.05 4.03 4.02 4.01 3.99 3.98 3.97 3.96 3.96 3.96 3.96 3.96 3.96 3.97 3.97 3.97 3.97 3.98
3.95 3.94 3.93 3.93 3.92 3.91 3.91 3.90 3.90 3.90 3.89 3.89 3.89 3.90 3.91 3.91 3.92 3.93 3.94 3.95 3.96 3.97 3.97 3.97 3.96 3.96 3.95 3.95 3.95 3.95 3.96 3.96 3.97 3.97 3.98 3.98 3.98 3.99 4.00 4.00 4.01 4.02 4.03 4.03 4.03 4.03 4.02 4.02 4.01 4.01 4.01 4.00 4.01 4.01 4.02 4.02 4.03 4.04 4.05 4.06 4.06 4.07 4.07 4.06 4.06 4.06 4.05 4.03 4.02 4.00 3.98 3.97 3.96 3.95 3.95 3.94 3.94 3.94 3.95 3.95 3.95 3.95 3.96 3.96
3.95 3.94 3.93 3.93 3.92 3.92 3.91 3.91 3.91 3.90 3.90 3.90 3.91 3.91 3.91 3.92 3.92 3.93 3.94 3.95 3.96 3.97 3.97 3.97 3.96 3.96 3.95 3.94 3.94 3.95 3.96 3.96 3.97 3.98 3.98 3.98 3.99 3.99 4.00 4.01 4.02 4.03 4.04 4.04 4.04 4.04 4.03 4.02 4.01 4.01 4.01 4.01 4.01 4.01 4.02 4.02 4.03 4.04 4.05 4.06 4.07 4.07 4.07 4.06 4.06 4.06 4.05 4.03 4.01 3.99 3.97 3.95 3.94 3.94 3.93 3.93 3.93 3.93 3.93 3.94 3.94 3.94 3.94 3.94
3.90 3.94 3.94 3.94 3.93 3.93 3.92 3.92 3.92 3.91 3.91 3.91 3.91 3.92 3.92 3.92 3.93 3.94 3.95 3.96 3.97 3.98 3.98 3.97 3.97 3.96 3.95 3.94 3.94 3.95 3.96 3.96 3.97 3.98 3.99 3.99 3.99 3.99 4.00 4.01 4.02 4.03 4.04 4.05 4.05 4.04 4.03 4.02 4.01 4.01 4.01 4.00 4.01 4.01 4.01 4.02 4.03 4.04 4.05 4.06 4.07 4.06 4.06 4.06 4.06 4.06 4.05 4.03 4.01 3.98 3.96 3.94 3.94 3.93 3.93 3.92 3.92 3.92 3.92 3.92 3.93 3.93 3.93 3.93
3.96 3.96 3.95 3.95 3.94 3.94 3.93 3.93 3.93 3.92 3.92 3.92 3.93 3.93 3.93 3.94 3.94 3.95 3.96 3.97 3.98 3.98 3.98 3.98 3.97 3.96 3.95 3.95 3.95 3.95 3.96 3.96 3.97 3.98 3.98 3.99 3.99 3.99 4.00 4.01 4.02 4.02 4.03 4.04 4.05 4.04 4.03 4.02 4.01 4.01 4.00 4.00 4.00 4.01 4.01 4.01 4.02 4.03 4.04 4.05 4.05 4.06 4.05 4.05 4.05 4.05 4.04 4.02 4.00 3.98 3.96 3.94 3.93 3.93 3.92 3.92 3.91 3.91 3.91 3.91 3.91 3.91 3.92 3.92
3.98 3.97 3.97 3.96 3.96 3.95 3.95 3.94 3.94 3.94 3.94 3.94 3.94 3.94 3.95 3.95 3.96 3.97 3.97 3.98 3.99 3.99 3.99 3.99 3.98 3.97 3.96 3.96 3.95 3.96 3.96 3.96 3.97 3.98 3.98 3.98 3.98 3.99 4.00 4.01 4.01 4.02 4.03 4.03 4.04 4.03 4.02 4.01 4.01 4.00 4.00 4.00 4.00 4.00 4.00 4.01 4.01 4.02 4.03 4.03 4.04 4.04 4.04 4.04 4.04 4.03 4.02 4.01 3.99 3.97 3.96 3.94 3.93 3.93 3.92 3.91 3.91 3.91 3.91 3.91 3.91 3.91 3.90 3.90
4.00 3.99 3.98 3.97 3.97 3.96 3.96 3.95 3.95 3.95 3.95 3.95 3.96 3.96 3.97 3.97 3.98 3.98 3.99 4.00 4.00 4.00 4.00 3.99 3.99 3.98 3.97 3.96 3.96 3.96 3.96 3.96 3.97 3.97 3.97 3.98 3.98 3.98 3.99 4.00 4.01 4.01 4.02 4.02 4.02 4.02 4.01 4.01 4.00 4.00 3.99 3.99 3.99 3.99 4.00 4.00 4.00 4.01 4.02 4.02 4.03 4.03 4.03 4.03 4.03 4.02 4.01 4.00 3.98 3.97 3.96 3.94 3.93 3.93 3.92 3.91 3.91 3.91 3.90 3.90 3.90 3.90 3.90 3.90
4.02 4.00 4.00 3.99 3.98 3.98 3.97 3.97 3.97 3.97 3.97 3.97 3.98 3.98 3.98 3.99 3.99 4.00 4.01 4.01 4.01 4.01 4.01 4.00 3.99 3.99 3.98 3.97 3.97 3.96 3.96 3.96 3.96 3.97 3.97 3.97 3.97 3.98 3.98 3.99 4.00 4.00 4.00 4.01 4.01 4.01 4.00 4.00 3.99 3.99 3.98 3.98 3.98 3.99 3.99 3.99 3.99 4.00 4.00 4.01 4.01 4.01 4.01 4.01 4.01 4.01 4.00 3.99 3.98 3.97 3.96 3.94 3.94 3.93 3.92 3.91 3.91 3.90 3.90 3.90 3.90 3.89 3.89 3.89
