data/SP espacial/SB_SP.grd
DSAA
132	56
0.0000	120.0000
0.0000	50.0000
12.3929	31.2000
[rows 0 to 33 of 56, columns 0 to 76 of 132]
31.20 25.34 25.04 24.71 24.37 23.99 23.59 23.28 22.84 22.39 21.93 21.92 21.44 20.70 20.23 19.77 19.31 18.88 18.47 18.10 17.77 17.45 17.13 17.14 17.19 17.28 17.39 17.54 17.75 17.91 18.07 18.24 17.51 17.75 17.96 18.19 18.44 18.60 18.84 18.54 18.76 18.90 19.12 19.33 19.32 19.10 18.88 18.78 18.57 18.36 18.51 18.25 18.07 17.79 17.54 17.53 17.29 17.14 16.93 16.73 16.53 15.93 15.76 15.62 15.49 15.38 15.63 15.67 15.71 15.78 15.86 15.97 16.08 16.20 16.32 16.87 16.98
25.47 25.37 25.13 24.82 24.48 24.11 23.71 23.29 22.96 22.51 22.04 21.57 21.51 21.01 20.29 19.81 19.34 18.90 18.48 18.10 17.75 17.45 17.17 17.11 17.13 17.20 17.31 17.46 17.65 17.80 17.95 17.29 17.45 17.68 17.88 18.09 18.32 18.48 18.71 18.45 18.66 18.80 18.99 19.14 19.10 18.96 18.78 18.68 18.49 18.29 18.42 18.24 17.98 17.72 17.47 17.44 17.20 17.04 16.83 16.62 16.42 15.87 15.71 15.57 15.45 15.36 15.59 15.61 15.67 15.74 15.83 15.95 16.08 16.21 16.75 16.88 16.66
25.32 25.28 25.11 24.85 24.54 24.19 23.80 23.39 23.06 22.61 22.15 21.67 21.18 21.06 20.38 19.85 19.37 18.91 18.49 18.11 17.76 17.48 17.20 17.11 17.10 17.14 17.24 17.37 17.55 17.69 17.83 17.23 17.38 17.60 17.79 17.99 18.20 18.34 18.55 18.31 18.50 18.62 18.76 18.85 18.80 18.73 18.60 18.52 18.36 18.19 18.29 18.13 17.88 17.63 17.39 17.35 17.11 16.94 16.73 16.52 16.32 15.82 15.66 15.53 15.42 15.35 15.56 15.57 15.63 15.70 15.81 15.94 16.09 16.25 16.77 16.61 16.74
25.16 25.15 25.03 24.82 24.54 24.22 23.86 23.47 23.05 22.71 22.25 21.77 21.27 20.76 20.43 19.87 19.39 18.92 18.49 18.11 17.77 17.48 17.22 17.10 17.06 17.09 17.16 17.28 17.44 17.58 17.00 17.33 17.32 17.52 17.69 17.88 18.06 18.24 18.36 18.13 18.28 18.38 18.48 18.54 18.49 18.45 18.36 18.31 18.18 18.05 18.21 18.00 17.78 17.55 17.32 17.26 17.02 17.00 16.63 16.42 16.23 15.77 15.62 15.49 15.39 15.33 15.51 15.53 15.59 15.68 15.80 15.95 16.13 16.53 16.55 16.71 16.86
25.01 25.01 24.92 24.75 24.52 24.23 23.90 23.53 23.13 22.79 22.34 21.86 21.36 20.84 20.31 19.94 19.39 18.92 18.49 18.10 17.75 17.47 17.20 17.07 17.02 17.02 17.08 17.19 17.33 16.86 16.97 17.26 17.39 17.44 17.60 17.76 17.91 18.06 18.14 17.93 18.04 18.11 18.17 18.21 18.16 18.14 18.09 18.06 17.98 17.88 18.04 17.86 17.67 17.46 17.25 17.27 17.12 16.89 16.62 16.32 16.13 15.71 15.57 15.45 15.36 15.30 15.46 15.48 15.55 15.65 15.80 15.98 16.37 16.44 16.65 16.85 17.01
24.85 24.87 24.81 24.67 24.47 24.22 23.92 23.58 23.20 22.86 22.42 21.94 21.44 20.91 20.37 19.82 19.42 18.90 18.46 18.07 17.72 17.43 17.17 17.03 16.95 16.94 16.99 17.08 16.74 16.83 16.93 17.19 17.32 17.37 17.51 17.64 17.76 17.87 17.97 17.79 17.77 17.81 17.88 17.92 17.86 17.84 17.80 17.80 17.71 17.65 17.86 17.72 17.56 17.39 17.19 17.25 17.02 16.79 16.52 16.30 15.94 15.66 15.51 15.39 15.31 15.26 15.38 15.42 15.50 15.63 15.80 16.15 16.28 16.54 16.79 17.01 17.20
24.69 24.72 24.68 24.57 24.40 24.18 23.92 23.61 23.25 22.86 22.50 22.03 21.52 20.97 20.41 19.85 19.30 18.64 18.41 18.01 17.66 17.37 17.12 16.96 16.87 16.84 16.88 16.56 16.70 16.79 16.90 17.13 17.25 17.38 17.42 17.52 17.60 17.68 17.59 17.51 17.53 17.54 17.52 17.53 17.49 17.49 17.49 17.53 17.52 17.52 17.67 17.57 17.46 17.32 17.24 17.17 16.94 16.71 16.44 16.21 15.94 15.61 15.45 15.33 15.24 15.20 15.30 15.34 15.45 15.60 15.64 16.05 16.34 16.65 16.94 17.21 17.43
24.52 24.56 24.54 24.46 24.32 24.13 23.89 23.61 23.29 22.93 22.57 22.11 21.59 21.02 20.43 19.84 19.28 18.76 18.19 17.94 17.58 17.29 17.04 16.87 16.77 16.52 16.47 16.52 16.61 16.74 16.87 17.07 17.20 17.32 17.40 17.41 17.45 17.40 17.36 17.33 17.22 17.19 17.13 17.11 17.11 17.12 17.16 17.24 17.29 17.33 17.40 17.44 17.37 17.33 17.20 17.11 16.89 16.64 16.37 16.09 15.85 15.64 15.39 15.26 15.17 15.16 15.18 15.26 15.39 15.44 15.78 16.07 16.41 16.77 17.13 17.45 17.71
24.34 24.39 24.38 24.32 24.20 24.04 23.84 23.59 23.31 22.99 22.64 22.19 21.65 21.06 20.43 19.80 19.21 18.68 18.21 17.75 17.41 17.18 16.95 16.77 16.53 16.42 16.41 16.44 16.53 16.67 16.83 17.03 17.17 17.25 17.33 17.34 17.28 17.22 17.14 17.06 16.97 16.83 16.74 16.70 16.70 16.74 16.85 16.95 17.05 17.16 17.23 17.28 17.29 17.27 17.18 17.04 16.85 16.59 16.29 16.01 15.76 15.54 15.37 15.20 15.09 15.06 15.09 15.18 15.24 15.48 15.75 16.08 16.47 16.90 17.33 17.73 18.04
23.98 24.05 24.20 24.15 24.05 23.91 23.73 23.52 23.28 23.00 22.67 22.26 21.70 21.06 20.39 19.72 19.10 18.56 18.10 17.70 17.34 17.03 16.84 16.57 16.44 16.36 16.32 16.34 16.43 16.59 16.78 16.99 17.15 17.25 17.28 17.24 17.15 17.04 16.92 16.79 16.65 16.49 16.37 16.27 16.26 16.37 16.50 16.66 16.81 16.96 17.07 17.16 17.23 17.24 17.21 17.07 16.85 16.54 16.23 15.93 15.66 15.45 15.27 15.14 15.02 14.97 15.00 15.04 15.23 15.44 15.71 16.06 16.51 17.03 17.55 18.04 18.42
23.77 23.84 23.85 23.82 23.86 23.73 23.57 23.38 23.18 22.96 22.70 22.34 21.73 21.02 20.30 19.60 18.94 18.41 17.98 17.61 17.27 16.97 16.63 16.52 16.40 16.30 16.22 16.20 16.30 16.49 16.71 16.94 17.17 17.28 17.23 17.14 17.01 16.86 16.70 16.54 16.36 16.19 16.00 15.85 15.82 15.99 16.18 16.39 16.59 16.76 16.91 17.04 17.15 17.21 17.25 17.13 16.85 16.52 16.18 15.85 15.57 15.36 15.20 15.07 14.96 14.88 14.87 15.03 15.20 15.42 15.67 16.02 16.55 17.15 17.77 18.36 18.86
25.00 23.59 23.59 23.56 23.50 23.41 23.34 23.17 22.99 22.81 22.62 22.40 21.65 20.91 20.18 19.46 18.76 18.26 17.88 17.53 17.20 16.87 16.62 16.45 16.37 16.26 16.15 16.06 16.18 16.40 16.63 16.87 17.13 17.30 17.13 17.01 16.84 16.66 16.49 16.31 16.11 15.91 15.70 15.48 15.42 15.68 15.93 16.16 16.38 16.57 16.75 16.90 17.04 17.18 17.25 17.18 16.81 16.47 16.13 15.80 15.47 15.32 15.18 15.06 14.91 14.81 14.87 15.05 15.25 15.47 15.70 15.96 16.62 17.28 17.95 18.60 19.25
23.17 23.25 23.26 23.24 23.19 23.10 22.99 22.86 22.71 22.52 22.29 21.95 21.37 20.70 20.01 19.34 18.72 18.21 17.82 17.42 17.15 16.92 16.68 16.53 16.37 16.25 16.14 16.09 16.16 16.32 16.52 16.72 16.90 16.99 16.96 16.81 16.64 16.47 16.29 16.10 15.90 15.71 15.52 15.38 15.38 15.55 15.76 15.98 16.19 16.41 16.59 16.74 16.89 17.02 17.03 16.95 16.69 16.39 16.08 15.79 15.53 15.36 15.23 15.10 15.03 15.00 15.06 15.18 15.38 15.61 15.88 16.25 16.80 17.43 18.07 18.68 19.20
22.77 22.85 22.89 22.87 22.83 22.75 22.64 22.50 22.34 22.14 21.85 21.49 20.99 20.41 19.80 19.21 18.65 18.11 17.75 17.44 17.18 16.93 16.74 16.58 16.43 16.25 16.13 16.06 16.15 16.25 16.38 16.51 16.62 16.67 16.69 16.57 16.42 16.26 16.09 15.91 15.73 15.56 15.43 15.34 15.37 15.48 15.65 15.84 16.04 16.25 16.42 16.57 16.70 16.81 16.84 16.70 16.53 16.29 16.05 15.81 15.53 15.40 15.30 15.24 15.19 15.20 15.25 15.39 15.57 15.82 16.13 16.53 17.02 17.58 18.15 18.67 19.10
22.34 22.43 22.47 22.47 22.42 22.34 22.23 22.09 21.92 21.70 21.42 21.07 20.59 20.08 19.56 18.94 18.50 18.10 17.75 17.45 17.20 16.96 16.82 16.63 16.47 16.30 16.18 16.10 16.06 16.07 16.23 16.30 16.36 16.46 16.42 16.34 16.20 16.06 15.91 15.76 15.61 15.45 15.34 15.29 15.35 15.43 15.57 15.74 15.92 16.09 16.26 16.41 16.53 16.60 16.62 16.48 16.37 16.21 16.01 15.77 15.64 15.53 15.45 15.41 15.39 15.42 15.48 15.61 15.79 16.04 16.36 16.76 17.22 17.71 18.20 18.67 19.04
21.91 21.99 22.03 22.03 21.98 21.90 21.79 21.64 21.46 21.23 20.96 20.62 20.20 19.75 19.21 18.80 18.41 18.05 17.73 17.46 17.21 16.98 16.81 16.68 16.51 16.36 16.20 16.10 16.04 16.02 16.08 16.11 16.21 16.20 16.17 16.10 15.99 15.87 15.74 15.62 15.49 15.35 15.27 15.24 15.31 15.38 15.50 15.65 15.81 15.96 16.12 16.25 16.36 16.42 16.42 16.40 16.25 16.13 15.93 15.83 15.74 15.66 15.61 15.59 15.59 15.57 15.65 15.82 16.01 16.26 16.58 16.95 17.38 17.84 18.27 18.69 19.07
21.64 21.54 21.57 21.57 21.52 21.44 21.32 21.17 20.98 20.76 20.49 20.18 19.83 19.41 18.98 18.62 18.28 17.96 17.68 17.43 17.20 17.00 16.83 16.67 16.53 16.37 16.20 16.08 16.00 15.94 15.90 15.93 16.01 15.98 15.92 15.89 15.80 15.70 15.59 15.47 15.37 15.26 15.20 15.18 15.26 15.33 15.44 15.57 15.72 15.86 15.99 16.11 16.21 16.27 16.28 16.28 16.24 16.02 15.96 15.90 15.84 15.79 15.78 15.76 15.78 15.76 15.85 16.03 16.21 16.44 16.77 17.13 17.53 17.95 18.38 18.78 19.10
21.15 21.18 21.11 21.10 21.05 20.96 20.84 20.69 20.50 20.28 20.03 19.74 19.43 19.07 18.73 18.42 18.13 17.85 17.58 17.38 17.18 17.00 16.83 16.67 16.53 16.38 16.25 16.04 15.93 15.85 15.78 15.80 15.82 15.79 15.72 15.69 15.61 15.52 15.43 15.34 15.26 15.18 15.13 15.12 15.21 15.28 15.38 15.50 15.63 15.77 15.88 15.99 16.08 16.11 16.17 16.20 16.18 16.02 16.00 15.97 15.94 15.92 15.95 15.92 15.90 15.94 16.03 16.18 16.39 16.68 16.94 17.28 17.66 18.06 18.46 18.85 19.16
20.83 20.74 20.73 20.62 20.56 20.48 20.35 20.20 20.02 19.80 19.56 19.30 19.01 18.75 18.53 18.20 17.96 17.72 17.48 17.31 17.15 16.99 16.83 16.66 16.49 16.33 16.18 15.98 15.86 15.74 15.76 15.69 15.66 15.62 15.55 15.48 15.44 15.36 15.29 15.21 15.15 15.10 15.07 15.08 15.13 15.20 15.30 15.43 15.55 15.67 15.75 15.86 15.93 16.03 16.10 16.14 16.10 16.11 16.05 16.05 16.05 16.11 16.08 16.07 16.05 16.10 16.19 16.34 16.54 16.82 17.15 17.41 17.78 18.16 18.58 18.94 19.23
20.38 20.36 20.31 20.21 20.13 19.99 19.87 19.71 19.53 19.33 19.14 18.89 18.67 18.45 18.22 17.96 17.74 17.54 17.36 17.23 17.10 16.98 16.83 16.65 16.46 16.26 16.08 15.87 15.73 15.63 15.65 15.60 15.55 15.51 15.41 15.34 15.30 15.24 15.16 15.11 15.06 15.03 15.00 15.01 15.07 15.14 15.25 15.38 15.49 15.58 15.69 15.79 15.88 15.98 16.05 16.11 16.12 16.16 16.18 16.14 16.16 16.17 16.20 16.19 16.20 16.25 16.34 16.48 16.66 16.93 17.19 17.51 17.86 18.28 18.66 19.02 19.33
19.94 19.90 19.85 19.76 19.66 19.54 19.39 19.26 19.09 18.90 18.68 18.48 18.29 18.10 17.91 17.71 17.49 17.33 17.19 17.10 17.05 16.96 16.83 16.63 16.39 16.15 15.93 15.72 15.58 15.57 15.53 15.49 15.44 15.39 15.33 15.22 15.19 15.13 15.07 15.02 14.98 14.96 14.94 14.95 15.03 15.10 15.20 15.34 15.45 15.54 15.65 15.75 15.84 15.95 16.03 16.08 16.15 16.21 16.26 16.23 16.26 16.29 16.29 16.30 16.33 16.38 16.47 16.60 16.76 17.00 17.27 17.58 17.93 18.35 18.74 19.11 19.43
19.51 19.47 19.40 19.31 19.20 19.07 18.93 18.78 18.65 18.45 18.26 18.08 17.92 17.76 17.59 17.42 17.23 17.10 17.01 16.96 16.93 16.94 16.83 16.60 16.31 16.03 15.77 15.55 15.48 15.44 15.42 15.39 15.35 15.31 15.26 15.15 15.10 15.04 15.00 14.93 14.93 14.91 14.89 14.92 14.97 15.06 15.18 15.32 15.40 15.53 15.62 15.73 15.86 15.96 16.05 16.10 16.19 16.27 16.34 16.40 16.38 16.39 16.39 16.41 16.45 16.50 16.59 16.67 16.85 17.07 17.33 17.62 18.02 18.41 18.81 19.20 19.54
19.30 19.05 18.97 18.88 18.77 18.64 18.49 18.33 18.21 18.05 17.86 17.67 17.55 17.42 17.28 17.13 16.99 16.85 16.81 16.79 16.79 16.81 16.83 16.50 16.19 15.89 15.62 15.36 15.35 15.34 15.32 15.30 15.27 15.24 15.20 15.15 15.05 15.01 14.97 14.93 14.89 14.89 14.87 14.85 14.92 15.06 15.19 15.31 15.44 15.56 15.65 15.76 15.89 16.00 16.09 16.14 16.25 16.34 16.43 16.50 16.57 16.49 16.49 16.51 16.55 16.62 16.63 16.77 16.94 17.14 17.38 17.67 18.07 18.46 18.86 19.25 19.62
18.92 18.78 18.57 18.47 18.36 18.24 18.05 17.98 17.83 17.69 17.52 17.35 17.23 17.11 16.98 16.85 16.73 16.67 16.59 16.57 16.57 16.55 16.47 16.29 16.02 15.75 15.50 15.39 15.30 15.27 15.25 15.24 15.21 15.19 15.16 15.12 15.03 15.00 14.96 14.94 14.90 14.89 14.89 14.94 15.00 15.10 15.23 15.33 15.49 15.59 15.71 15.81 15.93 16.05 16.17 16.28 16.32 16.42 16.51 16.58 16.62 16.56 16.58 16.61 16.65 16.71 16.80 16.87 17.03 17.23 17.47 17.79 18.14 18.51 18.88 19.23 19.56
18.53 18.39 18.25 18.10 17.93 17.82 17.69 17.56 17.49 17.29 17.14 17.00 16.93 16.81 16.69 16.58 16.49 16.44 16.36 16.33 16.29 16.25 16.16 15.99 15.82 15.60 15.49 15.34 15.26 15.22 15.20 15.19 15.18 15.17 15.15 15.12 15.05 15.02 14.96 14.95 14.93 14.94 14.95 14.99 15.10 15.19 15.30 15.40 15.52 15.61 15.75 15.87 15.99 16.11 16.22 16.33 16.45 16.50 16.59 16.65 16.69 16.71 16.65 16.70 16.75 16.81 16.89 17.01 17.13 17.33 17.61 17.88 18.21 18.54 18.87 19.18 19.45
18.17 18.03 17.89 17.68 17.59 17.49 17.37 17.25 17.12 17.00 16.87 16.74 16.61 16.49 16.37 16.31 16.24 16.19 16.14 16.07 16.02 15.96 15.88 15.75 15.60 15.53 15.38 15.27 15.20 15.18 15.18 15.16 15.16 15.16 15.15 15.14 15.09 15.04 15.02 15.00 14.99 15.01 15.03 15.08 15.18 15.27 15.38 15.48 15.55 15.66 15.82 15.93 16.05 16.16 16.28 16.39 16.49 16.58 16.67 16.72 16.75 16.79 16.83 16.87 16.83 16.89 16.98 17.09 17.29 17.48 17.71 17.95 18.25 18.56 18.82 19.08 19.31
17.85 17.71 17.43 17.36 17.28 17.19 17.09 16.98 16.86 16.74 16.62 16.50 16.38 16.27 16.17 16.09 16.02 16.03 15.94 15.87 15.81 15.72 15.63 15.60 15.50 15.39 15.26 15.18 15.13 15.12 15.14 15.14 15.15 15.16 15.16 15.11 15.11 15.09 15.08 15.06 15.05 15.09 15.11 15.18 15.25 15.33 15.43 15.49 15.61 15.73 15.85 15.97 16.08 16.21 16.33 16.44 16.54 16.64 16.66 16.73 16.79 16.85 16.92 16.95 16.98 17.03 17.09 17.21 17.34 17.50 17.75 17.96 18.20 18.47 18.74 18.96 19.17
17.56 17.18 17.12 17.06 17.00 16.95 16.87 16.78 16.67 16.55 16.42 16.29 16.16 16.07 15.98 15.90 15.83 15.84 15.75 15.70 15.63 15.59 15.52 15.42 15.33 15.25 15.19 15.07 15.06 15.06 15.09 15.12 15.17 15.18 15.18 15.17 15.16 15.16 15.15 15.15 15.14 15.14 15.20 15.26 15.32 15.40 15.45 15.57 15.68 15.79 15.90 16.02 16.11 16.24 16.37 16.48 16.59 16.65 16.70 16.74 16.83 16.89 16.98 17.01 17.07 17.14 17.20 17.28 17.37 17.52 17.74 17.93 18.13 18.37 18.61 18.84 19.01
17.03 16.90 16.86 16.81 16.76 16.73 16.66 16.58 16.48 16.37 16.25 16.11 16.00 15.90 15.81 15.72 15.66 15.52 15.59 15.54 15.51 15.47 15.40 15.31 15.20 15.11 15.07 15.01 14.99 15.01 15.05 15.11 15.17 15.21 15.21 15.22 15.22 15.23 15.23 15.23 15.23 15.24 15.27 15.34 15.40 15.47 15.52 15.63 15.74 15.84 15.95 16.06 16.15 16.27 16.43 16.51 16.60 16.66 16.71 16.75 16.78 16.89 16.97 17.05 17.12 17.19 17.25 17.32 17.40 17.48 17.56 17.78 18.03 18.24 18.46 18.67 18.84
16.79 16.70 16.63 16.61 16.57 16.53 16.48 16.41 16.32 16.21 16.11 16.00 15.89 15.77 15.65 15.56 15.47 15.41 15.46 15.44 15.41 15.37 15.30 15.23 15.13 15.04 14.96 14.90 14.89 14.95 15.02 15.09 15.16 15.23 15.28 15.26 15.29 15.30 15.31 15.33 15.32 15.34 15.37 15.42 15.47 15.52 15.60 15.68 15.78 15.87 15.97 16.08 16.19 16.33 16.42 16.51 16.57 16.65 16.67 16.73 16.78 16.90 16.97 17.05 17.13 17.21 17.28 17.33 17.39 17.45 17.52 17.70 17.89 18.07 18.29 18.46 18.64
16.57 16.49 16.45 16.44 16.43 16.41 16.37 16.31 16.24 16.15 16.05 15.94 15.82 15.69 15.54 15.44 15.38 15.34 15.33 15.36 15.34 15.31 15.25 15.18 15.08 14.99 14.90 14.82 14.81 14.84 15.00 15.09 15.19 15.27 15.33 15.38 15.42 15.34 15.35 15.38 15.39 15.43 15.44 15.49 15.55 15.58 15.64 15.70 15.80 15.87 15.97 16.12 16.23 16.32 16.41 16.49 16.56 16.61 16.65 16.71 16.76 16.86 16.93 17.02 17.12 17.19 17.26 17.31 17.34 17.38 17.44 17.59 17.73 17.88 18.08 18.26 18.43
16.38 16.32 16.30 16.30 16.35 16.34 16.32 16.27 16.22 16.14 16.04 15.93 15.80 15.66 15.52 15.38 15.29 15.25 15.25 15.30 15.33 15.31 15.26 15.18 15.06 14.95 14.84 14.77 14.76 14.83 14.92 15.01 15.12 15.33 15.38 15.44 15.47 15.51 15.44 15.45 15.45 15.51 15.55 15.59 15.64 15.66 15.70 15.75 15.81 15.87 15.95 16.08 16.18 16.28 16.40 16.47 16.54 16.56 16.61 16.63 16.70 16.77 16.87 16.95 17.06 17.13 17.19 17.23 17.23 17.27 17.30 17.40 17.54 17.69 17.86 18.04 18.21
16.21 16.19 16.24 16.29 16.32 16.33 16.33 16.31 16.25 16.19 16.09 15.96 15.86 15.72 15.56 15.38 15.23 15.20 15.26 15.34 15.38 15.38 15.33 15.22 15.10 14.96 14.82 14.72 14.73 14.84 14.97 15.10 15.20 15.30 15.46 15.51 15.54 15.56 15.52 15.52 15.54 15.60 15.63 15.68 15.71 15.72 15.74 15.77 15.83 15.85 15.93 16.01 16.12 16.23 16.38 16.45 16.47 16.50 16.53 16.58 16.60 16.69 16.76 16.83 16.92 17.05 17.09 17.07 17.08 17.10 17.13 17.18 17.30 17.46 17.63 17.81 17.97
12.70 16.18 16.27 16.34 16.38 16.40 16.39 16.36 16.37 16.30 16.20 16.10 16.00 15.87 15.70 15.50 15.26 15.24 15.37 15.46 15.51 15.52 15.45 15.34 15.20 15.04 14.88 14.71 14.76 14.91 15.05 15.20 15.34 15.45 15.46 15.49 15.62 15.63 15.63 15.58 15.60 15.67 15.70 15.73 15.75 15.75 15.76 15.77 15.80 15.85 15.88 15.95 16.08 16.20 16.33 16.38 16.37 16.38 16.41 16.45 16.51 16.54 16.60 16.67 16.76 16.86 16.91 16.89 16.88 16.88 16.90 16.92 17.04 17.19 17.36 17.55 17.75
