data/SP espacial/T03022017.grd
DSAA
132	56
0.0000	120.0000
0.0000	50.0000
26.2458	26.9672
[rows 0 to 33 of 56, columns 0 to 76 of 132]
26.30 26.54 26.55 26.55 26.56 26.56 26.57 26.57 26.58 26.59 26.60 26.60 26.61 26.61 26.62 26.62 26.63 26.63 26.64 26.64 26.65 26.65 26.65 26.66 26.66 26.66 26.66 26.66 26.66 26.66 26.66 26.66 26.67 26.67 26.67 26.67 26.67 26.66 26.66 26.66 26.66 26.66 26.66 26.66 26.66 26.66 26.66 26.67 26.67 26.67 26.68 26.68 26.69 26.70 26.70 26.71 26.72 26.72 26.73 26.73 26.74 26.75 26.75 26.76 26.76 26.77 26.77 26.78 26.78 26.78 26.78 26.78 26.77 26.77 26.77 26.76 26.76
26.55 26.56 26.56 26.57 26.57 26.58 26.58 26.59 26.59 26.60 26.61 26.62 26.62 26.63 26.63 26.64 26.64 26.65 26.65 26.66 26.66 26.66 26.67 26.67 26.67 26.67 26.67 26.67 26.67 26.67 26.67 26.68 26.68 26.68 26.67 26.67 26.67 26.67 26.67 26.66 26.66 26.66 26.66 26.67 26.67 26.67 26.67 26.67 26.67 26.68 26.68 26.69 26.70 26.71 26.71 26.72 26.73 26.73 26.74 26.74 26.75 26.76 26.77 26.77 26.78 26.78 26.79 26.79 26.79 26.79 26.79 26.79 26.79 26.79 26.78 26.78 26.77
26.57 26.57 26.58 26.58 26.59 26.59 26.60 26.61 26.61 26.62 26.63 26.63 26.64 26.64 26.65 26.65 26.66 26.66 26.67 26.67 26.68 26.68 26.68 26.68 26.68 26.69 26.69 26.69 26.69 26.69 26.69 26.69 26.69 26.68 26.68 26.68 26.68 26.67 26.67 26.67 26.67 26.67 26.67 26.67 26.67 26.67 26.68 26.68 26.68 26.68 26.69 26.70 26.71 26.71 26.72 26.73 26.73 26.74 26.75 26.76 26.76 26.77 26.78 26.79 26.79 26.80 26.80 26.81 26.81 26.81 26.81 26.81 26.81 26.80 26.80 26.79 26.79
26.58 26.59 26.59 26.60 26.60 26.61 26.62 26.62 26.63 26.64 26.64 26.65 26.65 26.66 26.66 26.67 26.67 26.68 26.68 26.69 26.69 26.69 26.69 26.70 26.70 26.70 26.70 26.70 26.70 26.70 26.70 26.70 26.69 26.69 26.69 26.69 26.69 26.68 26.68 26.68 26.68 26.68 26.68 26.68 26.68 26.68 26.68 26.68 26.69 26.69 26.70 26.71 26.71 26.72 26.73 26.73 26.74 26.75 26.76 26.77 26.78 26.79 26.79 26.80 26.81 26.81 26.82 26.82 26.82 26.83 26.82 26.82 26.82 26.82 26.81 26.81 26.80
26.60 26.60 26.61 26.61 26.62 26.63 26.63 26.64 26.65 26.65 26.66 26.66 26.67 26.67 26.68 26.68 26.69 26.69 26.70 26.70 26.70 26.71 26.71 26.71 26.71 26.71 26.71 26.71 26.71 26.71 26.71 26.71 26.71 26.70 26.70 26.69 26.69 26.69 26.69 26.69 26.69 26.69 26.69 26.69 26.69 26.69 26.69 26.69 26.69 26.70 26.71 26.71 26.72 26.73 26.73 26.74 26.75 26.76 26.77 26.78 26.79 26.80 26.81 26.82 26.82 26.83 26.83 26.84 26.84 26.84 26.84 26.84 26.84 26.84 26.83 26.83 26.82
26.61 26.62 26.62 26.63 26.64 26.64 26.65 26.66 26.66 26.67 26.67 26.68 26.68 26.69 26.70 26.70 26.71 26.71 26.71 26.72 26.72 26.72 26.72 26.72 26.72 26.72 26.72 26.72 26.72 26.72 26.72 26.72 26.72 26.71 26.70 26.70 26.70 26.70 26.70 26.70 26.69 26.69 26.70 26.70 26.69 26.69 26.70 26.70 26.70 26.71 26.71 26.72 26.73 26.73 26.74 26.75 26.76 26.77 26.78 26.79 26.80 26.81 26.82 26.83 26.84 26.84 26.85 26.85 26.86 26.86 26.86 26.86 26.86 26.85 26.85 26.84 26.84
26.63 26.63 26.64 26.65 26.65 26.66 26.67 26.67 26.68 26.69 26.69 26.69 26.70 26.71 26.71 26.72 26.72 26.72 26.73 26.73 26.73 26.73 26.73 26.73 26.73 26.73 26.73 26.73 26.73 26.73 26.72 26.73 26.72 26.72 26.71 26.71 26.71 26.71 26.71 26.71 26.71 26.71 26.70 26.70 26.70 26.70 26.70 26.71 26.71 26.72 26.72 26.73 26.73 26.74 26.75 26.76 26.77 26.78 26.79 26.80 26.82 26.83 26.83 26.84 26.85 26.86 26.86 26.87 26.87 26.87 26.88 26.88 26.87 26.87 26.86 26.86 26.85
26.64 26.65 26.65 26.66 26.67 26.68 26.68 26.69 26.70 26.70 26.70 26.71 26.71 26.72 26.72 26.73 26.73 26.74 26.74 26.74 26.75 26.75 26.74 26.75 26.75 26.74 26.74 26.74 26.74 26.74 26.73 26.74 26.73 26.73 26.73 26.72 26.72 26.72 26.72 26.72 26.71 26.71 26.71 26.71 26.71 26.71 26.71 26.71 26.72 26.72 26.73 26.73 26.74 26.75 26.76 26.77 26.78 26.79 26.80 26.82 26.83 26.84 26.85 26.86 26.86 26.87 26.88 26.88 26.89 26.89 26.89 26.89 26.89 26.89 26.88 26.87 26.87
26.65 26.66 26.67 26.68 26.68 26.69 26.70 26.70 26.71 26.72 26.72 26.72 26.73 26.73 26.74 26.74 26.75 26.75 26.75 26.76 26.76 26.76 26.76 26.76 26.76 26.75 26.75 26.75 26.75 26.75 26.74 26.74 26.74 26.74 26.73 26.73 26.73 26.72 26.73 26.72 26.72 26.72 26.72 26.72 26.72 26.71 26.72 26.72 26.73 26.73 26.74 26.75 26.75 26.76 26.77 26.78 26.79 26.80 26.81 26.83 26.84 26.85 26.86 26.87 26.88 26.89 26.89 26.90 26.90 26.91 26.91 26.91 26.90 26.90 26.90 26.89 26.88
26.67 26.67 26.68 26.69 26.70 26.70 26.71 26.72 26.72 26.73 26.74 26.74 26.74 26.75 26.75 26.75 26.76 26.76 26.76 26.77 26.77 26.77 26.77 26.77 26.76 26.76 26.76 26.76 26.76 26.75 26.75 26.75 26.75 26.74 26.74 26.74 26.73 26.73 26.73 26.73 26.73 26.73 26.73 26.73 26.73 26.72 26.72 26.73 26.73 26.74 26.75 26.75 26.76 26.77 26.78 26.79 26.80 26.81 26.82 26.83 26.85 26.86 26.87 26.88 26.89 26.90 26.91 26.91 26.92 26.92 26.92 26.92 26.92 26.91 26.91 26.90 26.90
26.68 26.68 26.69 26.70 26.71 26.72 26.72 26.73 26.74 26.74 26.75 26.75 26.75 26.76 26.76 26.77 26.77 26.77 26.77 26.77 26.78 26.78 26.78 26.77 26.77 26.77 26.77 26.76 26.76 26.76 26.76 26.76 26.75 26.75 26.75 26.74 26.74 26.74 26.74 26.74 26.74 26.74 26.73 26.73 26.73 26.73 26.73 26.73 26.74 26.74 26.75 26.76 26.77 26.78 26.78 26.80 26.81 26.82 26.83 26.84 26.86 26.87 26.88 26.89 26.90 26.91 26.92 26.93 26.93 26.93 26.93 26.93 26.93 26.93 26.92 26.92 26.91
26.69 26.69 26.70 26.71 26.72 26.73 26.73 26.74 26.75 26.75 26.76 26.76 26.76 26.77 26.77 26.78 26.78 26.78 26.78 26.78 26.78 26.78 26.78 26.78 26.78 26.77 26.77 26.77 26.77 26.77 26.76 26.76 26.76 26.76 26.75 26.75 26.75 26.75 26.74 26.74 26.74 26.74 26.74 26.74 26.73 26.73 26.74 26.74 26.74 26.75 26.76 26.77 26.77 26.78 26.79 26.80 26.81 26.83 26.84 26.85 26.86 26.87 26.88 26.90 26.91 26.92 26.93 26.94 26.94 26.94 26.94 26.94 26.94 26.94 26.93 26.93 26.92
26.69 26.70 26.71 26.72 26.73 26.73 26.74 26.75 26.76 26.76 26.77 26.77 26.77 26.78 26.78 26.78 26.79 26.79 26.79 26.79 26.79 26.79 26.79 26.79 26.78 26.78 26.78 26.78 26.78 26.77 26.77 26.77 26.76 26.76 26.76 26.75 26.76 26.75 26.75 26.75 26.75 26.75 26.75 26.74 26.73 26.73 26.74 26.75 26.75 26.75 26.76 26.77 26.78 26.79 26.80 26.81 26.82 26.83 26.84 26.86 26.87 26.88 26.89 26.91 26.92 26.93 26.94 26.94 26.95 26.95 26.95 26.95 26.95 26.95 26.94 26.94 26.93
26.70 26.71 26.71 26.72 26.73 26.74 26.75 26.76 26.76 26.77 26.78 26.78 26.78 26.79 26.79 26.79 26.79 26.80 26.80 26.80 26.79 26.79 26.79 26.79 26.79 26.79 26.79 26.78 26.78 26.78 26.77 26.77 26.77 26.77 26.76 26.76 26.76 26.75 26.75 26.75 26.75 26.75 26.75 26.74 26.74 26.73 26.75 26.75 26.75 26.76 26.76 26.77 26.78 26.79 26.80 26.81 26.82 26.84 26.85 26.86 26.88 26.89 26.90 26.91 26.93 26.94 26.94 26.95 26.95 26.96 26.96 26.96 26.96 26.95 26.95 26.94 26.94
26.70 26.71 26.72 26.73 26.74 26.75 26.75 26.76 26.77 26.78 26.78 26.79 26.79 26.79 26.79 26.80 26.80 26.80 26.80 26.80 26.79 26.79 26.80 26.80 26.79 26.79 26.79 26.79 26.79 26.78 26.78 26.77 26.77 26.77 26.77 26.76 26.76 26.76 26.75 26.75 26.74 26.75 26.75 26.75 26.74 26.74 26.74 26.75 26.76 26.76 26.77 26.77 26.78 26.80 26.81 26.82 26.83 26.84 26.85 26.87 26.88 26.89 26.90 26.92 26.93 26.94 26.95 26.95 26.96 26.96 26.96 26.96 26.96 26.96 26.96 26.95 26.94
26.70 26.71 26.72 26.73 26.74 26.75 26.76 26.76 26.77 26.78 26.79 26.79 26.79 26.80 26.80 26.80 26.80 26.80 26.80 26.80 26.80 26.79 26.80 26.80 26.80 26.79 26.79 26.79 26.79 26.79 26.78 26.78 26.78 26.77 26.77 26.76 26.76 26.76 26.76 26.75 26.74 26.75 26.75 26.75 26.74 26.74 26.74 26.75 26.75 26.76 26.77 26.78 26.79 26.80 26.81 26.82 26.83 26.84 26.86 26.87 26.88 26.89 26.91 26.92 26.93 26.94 26.95 26.95 26.96 26.96 26.97 26.97 26.97 26.96 26.96 26.95 26.94
26.70 26.71 26.72 26.73 26.74 26.75 26.76 26.77 26.77 26.78 26.79 26.79 26.80 26.80 26.80 26.80 26.80 26.80 26.80 26.80 26.80 26.80 26.80 26.80 26.80 26.80 26.79 26.79 26.79 26.79 26.78 26.78 26.78 26.77 26.77 26.77 26.76 26.76 26.75 26.75 26.74 26.75 26.75 26.75 26.74 26.74 26.74 26.74 26.75 26.76 26.77 26.77 26.79 26.80 26.81 26.82 26.83 26.84 26.86 26.87 26.88 26.89 26.91 26.92 26.93 26.94 26.95 26.95 26.96 26.96 26.97 26.97 26.97 26.97 26.96 26.95 26.95
26.70 26.71 26.72 26.73 26.74 26.75 26.76 26.76 26.77 26.78 26.79 26.79 26.80 26.80 26.80 26.80 26.80 26.80 26.80 26.80 26.80 26.80 26.80 26.80 26.80 26.80 26.80 26.79 26.79 26.79 26.78 26.78 26.78 26.77 26.77 26.76 26.76 26.76 26.75 26.74 26.74 26.74 26.74 26.74 26.73 26.74 26.74 26.74 26.75 26.76 26.76 26.77 26.78 26.79 26.81 26.82 26.83 26.84 26.85 26.87 26.88 26.89 26.91 26.92 26.93 26.94 26.95 26.95 26.96 26.96 26.96 26.97 26.97 26.96 26.96 26.95 26.95
26.69 26.70 26.71 26.73 26.73 26.74 26.75 26.76 26.77 26.78 26.79 26.79 26.79 26.80 26.80 26.80 26.79 26.79 26.80 26.80 26.80 26.80 26.80 26.80 26.80 26.80 26.79 26.79 26.79 26.79 26.79 26.78 26.78 26.77 26.76 26.76 26.76 26.75 26.75 26.75 26.74 26.74 26.74 26.74 26.74 26.74 26.74 26.74 26.75 26.75 26.76 26.77 26.78 26.79 26.81 26.82 26.83 26.84 26.85 26.86 26.88 26.89 26.90 26.91 26.92 26.93 26.94 26.95 26.95 26.96 26.96 26.96 26.96 26.96 26.96 26.95 26.95
26.69 26.70 26.71 26.72 26.73 26.74 26.75 26.76 26.77 26.77 26.77 26.78 26.78 26.78 26.79 26.79 26.79 26.79 26.79 26.80 26.80 26.80 26.80 26.80 26.80 26.79 26.79 26.79 26.78 26.78 26.78 26.77 26.77 26.77 26.76 26.76 26.75 26.75 26.75 26.75 26.74 26.74 26.74 26.74 26.73 26.74 26.74 26.74 26.74 26.75 26.76 26.77 26.77 26.79 26.80 26.82 26.82 26.84 26.85 26.86 26.87 26.88 26.90 26.91 26.92 26.93 26.94 26.94 26.95 26.95 26.95 26.95 26.95 26.95 26.94 26.94 26.94
26.68 26.69 26.70 26.71 26.72 26.73 26.74 26.74 26.75 26.76 26.76 26.76 26.77 26.77 26.78 26.78 26.78 26.78 26.79 26.79 26.80 26.80 26.80 26.80 26.79 26.79 26.78 26.78 26.78 26.78 26.77 26.77 26.77 26.76 26.76 26.75 26.75 26.75 26.74 26.74 26.74 26.74 26.74 26.74 26.73 26.73 26.74 26.73 26.74 26.75 26.75 26.76 26.77 26.78 26.80 26.80 26.82 26.83 26.84 26.85 26.86 26.87 26.88 26.89 26.91 26.92 26.93 26.94 26.93 26.94 26.94 26.94 26.94 26.94 26.93 26.93 26.93
26.67 26.68 26.69 26.70 26.71 26.72 26.73 26.74 26.74 26.75 26.75 26.75 26.76 26.76 26.77 26.77 26.78 26.78 26.78 26.79 26.79 26.79 26.79 26.78 26.78 26.78 26.78 26.78 26.78 26.77 26.77 26.77 26.76 26.76 26.76 26.75 26.75 26.74 26.74 26.74 26.74 26.74 26.74 26.73 26.73 26.73 26.73 26.73 26.73 26.74 26.75 26.76 26.76 26.78 26.79 26.80 26.81 26.82 26.83 26.84 26.85 26.86 26.87 26.88 26.89 26.91 26.92 26.92 26.92 26.93 26.93 26.93 26.93 26.93 26.93 26.92 26.92
26.66 26.67 26.68 26.69 26.70 26.71 26.72 26.73 26.73 26.73 26.74 26.74 26.75 26.76 26.76 26.77 26.77 26.78 26.78 26.78 26.78 26.78 26.78 26.78 26.78 26.78 26.78 26.78 26.77 26.77 26.77 26.76 26.76 26.75 26.75 26.75 26.74 26.74 26.74 26.73 26.73 26.73 26.73 26.73 26.72 26.72 26.72 26.72 26.73 26.73 26.74 26.75 26.76 26.77 26.78 26.79 26.80 26.81 26.82 26.83 26.84 26.85 26.86 26.87 26.88 26.89 26.90 26.90 26.91 26.92 26.92 26.92 26.92 26.92 26.92 26.91 26.91
26.65 26.66 26.67 26.68 26.69 26.70 26.70 26.71 26.71 26.72 26.73 26.74 26.74 26.75 26.75 26.76 26.77 26.78 26.78 26.78 26.78 26.79 26.79 26.77 26.77 26.77 26.77 26.77 26.77 26.76 26.76 26.76 26.76 26.75 26.75 26.74 26.74 26.73 26.73 26.73 26.73 26.73 26.73 26.72 26.72 26.72 26.72 26.73 26.72 26.73 26.74 26.75 26.77 26.77 26.78 26.79 26.79 26.80 26.81 26.82 26.83 26.84 26.85 26.86 26.87 26.88 26.89 26.89 26.90 26.90 26.91 26.91 26.91 26.91 26.91 26.90 26.90
26.64 26.65 26.66 26.67 26.67 26.68 26.69 26.70 26.70 26.71 26.72 26.73 26.73 26.74 26.75 26.75 26.76 26.77 26.77 26.77 26.78 26.78 26.78 26.78 26.77 26.77 26.77 26.77 26.76 26.76 26.76 26.75 26.75 26.75 26.74 26.74 26.73 26.73 26.73 26.73 26.73 26.72 26.72 26.72 26.71 26.71 26.71 26.72 26.72 26.73 26.73 26.74 26.75 26.76 26.77 26.78 26.79 26.79 26.80 26.81 26.82 26.83 26.84 26.85 26.86 26.87 26.88 26.88 26.89 26.89 26.89 26.89 26.90 26.89 26.89 26.89 26.89
26.62 26.63 26.64 26.65 26.66 26.67 26.68 26.69 26.69 26.70 26.71 26.72 26.72 26.73 26.74 26.75 26.76 26.76 26.77 26.77 26.77 26.77 26.77 26.77 26.77 26.77 26.76 26.76 26.76 26.76 26.75 26.75 26.74 26.74 26.74 26.73 26.73 26.72 26.72 26.72 26.72 26.72 26.71 26.71 26.71 26.70 26.70 26.71 26.71 26.72 26.72 26.73 26.73 26.74 26.75 26.76 26.77 26.78 26.79 26.80 26.81 26.82 26.83 26.84 26.85 26.86 26.86 26.87 26.87 26.88 26.88 26.88 26.88 26.88 26.88 26.88 26.88
26.61 26.62 26.63 26.64 26.64 26.65 26.66 26.67 26.68 26.69 26.70 26.71 26.71 26.72 26.73 26.74 26.75 26.76 26.77 26.77 26.77 26.77 26.77 26.76 26.76 26.76 26.76 26.76 26.75 26.75 26.75 26.74 26.74 26.74 26.73 26.72 26.73 26.72 26.72 26.71 26.71 26.71 26.71 26.71 26.70 26.69 26.69 26.69 26.70 26.70 26.70 26.71 26.72 26.73 26.74 26.75 26.76 26.77 26.78 26.79 26.80 26.81 26.82 26.83 26.83 26.84 26.85 26.85 26.86 26.86 26.86 26.87 26.87 26.87 26.87 26.87 26.87
26.60 26.61 26.61 26.62 26.63 26.64 26.65 26.66 26.67 26.68 26.69 26.70 26.71 26.72 26.73 26.74 26.74 26.76 26.76 26.76 26.76 26.76 26.76 26.76 26.76 26.76 26.75 26.75 26.75 26.75 26.75 26.74 26.74 26.73 26.73 26.72 26.72 26.71 26.71 26.70 26.70 26.70 26.70 26.70 26.69 26.69 26.68 26.68 26.68 26.68 26.69 26.70 26.71 26.72 26.73 26.74 26.75 26.76 26.77 26.78 26.79 26.80 26.81 26.81 26.82 26.82 26.83 26.83 26.84 26.84 26.85 26.85 26.85 26.85 26.85 26.86 26.85
26.59 26.60 26.60 26.61 26.62 26.63 26.64 26.65 26.66 26.67 26.68 26.69 26.70 26.71 26.72 26.73 26.73 26.74 26.75 26.75 26.75 26.75 26.75 26.75 26.75 26.75 26.75 26.74 26.74 26.74 26.74 26.74 26.73 26.73 26.72 26.71 26.71 26.70 26.70 26.69 26.69 26.69 26.68 26.68 26.68 26.68 26.66 26.66 26.66 26.67 26.68 26.68 26.70 26.71 26.72 26.73 26.73 26.74 26.75 26.76 26.77 26.78 26.79 26.80 26.80 26.81 26.81 26.82 26.82 26.82 26.83 26.83 26.83 26.84 26.84 26.84 26.84
26.57 26.58 26.59 26.60 26.61 26.62 26.63 26.64 26.65 26.66 26.67 26.68 26.69 26.70 26.71 26.72 26.73 26.73 26.74 26.74 26.74 26.74 26.74 26.74 26.74 26.74 26.74 26.74 26.74 26.74 26.73 26.73 26.73 26.72 26.72 26.71 26.70 26.69 26.69 26.68 26.68 26.67 26.67 26.67 26.66 26.66 26.66 26.65 26.65 26.65 26.66 26.67 26.68 26.69 26.70 26.71 26.72 26.73 26.74 26.75 26.75 26.76 26.77 26.78 26.79 26.80 26.80 26.80 26.80 26.81 26.81 26.82 26.82 26.82 26.82 26.82 26.82
26.56 26.57 26.58 26.58 26.59 26.60 26.61 26.63 26.64 26.65 26.66 26.67 26.68 26.69 26.70 26.71 26.72 26.72 26.73 26.73 26.73 26.73 26.73 26.73 26.73 26.73 26.73 26.73 26.73 26.73 26.73 26.72 26.72 26.71 26.71 26.70 26.70 26.69 26.69 26.68 26.67 26.66 26.66 26.65 26.64 26.64 26.64 26.63 26.63 26.64 26.65 26.66 26.67 26.67 26.68 26.69 26.70 26.71 26.72 26.73 26.74 26.74 26.75 26.76 26.77 26.78 26.79 26.79 26.79 26.79 26.79 26.80 26.80 26.80 26.80 26.80 26.80
26.55 26.56 26.57 26.58 26.58 26.59 26.60 26.61 26.63 26.64 26.65 26.66 26.67 26.69 26.70 26.70 26.71 26.72 26.72 26.73 26.72 26.72 26.72 26.72 26.73 26.73 26.73 26.73 26.72 26.72 26.72 26.71 26.71 26.70 26.70 26.69 26.69 26.68 26.68 26.66 26.65 26.65 26.64 26.63 26.62 26.62 26.62 26.61 26.61 26.62 26.63 26.65 26.65 26.66 26.67 26.68 26.69 26.70 26.71 26.71 26.72 26.73 26.74 26.75 26.75 26.76 26.77 26.77 26.78 26.79 26.78 26.78 26.78 26.79 26.78 26.78 26.78
26.54 26.54 26.55 26.56 26.57 26.58 26.59 26.60 26.61 26.63 26.64 26.65 26.67 26.68 26.69 26.70 26.70 26.71 26.72 26.72 26.73 26.71 26.72 26.72 26.72 26.72 26.72 26.72 26.72 26.72 26.71 26.71 26.70 26.69 26.69 26.68 26.68 26.67 26.66 26.65 26.64 26.63 26.62 26.61 26.61 26.61 26.60 26.59 26.60 26.61 26.62 26.63 26.63 26.64 26.65 26.66 26.67 26.68 26.69 26.70 26.70 26.72 26.73 26.73 26.74 26.74 26.75 26.76 26.77 26.77 26.77 26.77 26.77 26.77 26.76 26.76 26.75
26.52 26.53 26.54 26.55 26.56 26.57 26.58 26.59 26.60 26.61 26.63 26.64 26.66 26.67 26.68 26.69 26.69 26.70 26.71 26.71 26.72 26.72 26.72 26.72 26.72 26.71 26.71 26.71 26.71 26.71 26.70 26.70 26.69 26.68 26.68 26.67 26.67 26.66 26.65 26.64 26.63 26.61 26.60 26.60 26.59 26.59 26.59 26.58 26.58 26.59 26.60 26.61 26.61 26.62 26.63 26.64 26.65 26.66 26.67 26.68 26.69 26.70 26.71 26.72 26.72 26.73 26.74 26.74 26.75 26.75 26.76 26.75 26.75 26.75 26.75 26.74 26.74
