data/SP espacial/T03032017.grd
DSAA
132	56
0.0000	120.0000
0.0000	50.0000
27.5000	28.5948
[rows 0 to 33 of 56, columns 0 to 76 of 132]
27.50 27.93 27.93 27.93 27.93 27.93 27.93 27.93 27.94 27.94 27.94 27.94 27.95 27.95 27.95 27.96 27.96 27.97 27.97 27.98 27.98 27.98 27.99 27.99 28.00 28.00 28.00 28.00 28.01 28.02 28.02 28.02 28.05 28.05 28.06 28.07 28.07 28.06 28.07 28.08 28.09 28.10 28.11 28.12 28.13 28.14 28.15 28.15 28.16 28.17 28.17 28.18 28.19 28.19 28.20 28.19 28.20 28.20 28.20 28.19 28.19 28.19 28.19 28.18 28.18 28.17 28.16 28.16 28.15 28.14 28.14 28.13 28.12 28.12 28.11 28.10 28.10
27.94 27.94 27.94 27.94 27.94 27.94 27.94 27.95 27.95 27.95 27.95 27.96 27.96 27.96 27.97 27.97 27.98 27.98 27.98 27.99 27.99 28.00 28.00 28.00 28.01 28.01 28.01 28.02 28.02 28.03 28.03 28.05 28.06 28.06 28.07 28.07 28.08 28.07 28.08 28.09 28.10 28.11 28.12 28.13 28.14 28.15 28.16 28.16 28.17 28.18 28.18 28.20 28.20 28.20 28.21 28.20 28.21 28.21 28.20 28.20 28.20 28.20 28.20 28.19 28.19 28.18 28.17 28.16 28.16 28.15 28.14 28.14 28.13 28.12 28.12 28.11 28.12
27.95 27.95 27.95 27.95 27.95 27.95 27.95 27.96 27.96 27.96 27.96 27.96 27.97 27.97 27.97 27.98 27.99 27.99 28.00 28.00 28.00 28.01 28.01 28.02 28.02 28.02 28.03 28.03 28.03 28.04 28.04 28.06 28.06 28.07 28.07 28.08 28.09 28.08 28.09 28.10 28.11 28.12 28.13 28.14 28.15 28.16 28.17 28.17 28.18 28.19 28.19 28.21 28.21 28.21 28.22 28.21 28.21 28.21 28.21 28.21 28.21 28.21 28.21 28.20 28.20 28.19 28.18 28.17 28.17 28.16 28.15 28.15 28.14 28.13 28.13 28.13 28.12
27.96 27.96 27.96 27.96 27.96 27.96 27.96 27.97 27.97 27.97 27.97 27.97 27.98 27.98 27.98 28.00 28.00 28.00 28.01 28.01 28.02 28.02 28.03 28.03 28.03 28.04 28.04 28.04 28.05 28.05 28.05 28.06 28.07 28.08 28.08 28.09 28.10 28.11 28.10 28.11 28.12 28.13 28.14 28.15 28.17 28.18 28.18 28.19 28.19 28.20 28.21 28.22 28.22 28.22 28.23 28.22 28.22 28.22 28.22 28.22 28.22 28.22 28.22 28.21 28.21 28.20 28.19 28.18 28.18 28.17 28.16 28.16 28.15 28.14 28.14 28.13 28.13
27.97 27.97 27.97 27.97 27.97 27.97 27.98 27.98 27.98 27.98 27.98 27.99 27.99 27.99 28.00 28.00 28.01 28.02 28.02 28.03 28.03 28.03 28.04 28.04 28.05 28.05 28.05 28.05 28.06 28.06 28.06 28.07 28.07 28.09 28.09 28.10 28.11 28.11 28.11 28.12 28.13 28.14 28.15 28.16 28.18 28.19 28.20 28.20 28.21 28.21 28.22 28.23 28.23 28.23 28.24 28.23 28.23 28.23 28.23 28.23 28.23 28.23 28.23 28.22 28.22 28.21 28.20 28.19 28.19 28.18 28.17 28.17 28.15 28.15 28.15 28.14 28.13
27.98 27.98 27.98 27.99 27.99 27.99 27.99 27.99 27.99 27.99 27.99 28.00 28.00 28.00 28.01 28.01 28.02 28.03 28.03 28.04 28.04 28.05 28.05 28.06 28.06 28.06 28.07 28.07 28.06 28.07 28.07 28.08 28.08 28.10 28.10 28.11 28.12 28.12 28.13 28.14 28.14 28.15 28.16 28.17 28.17 28.18 28.21 28.21 28.21 28.22 28.23 28.24 28.24 28.24 28.25 28.23 28.24 28.24 28.24 28.24 28.24 28.24 28.24 28.23 28.23 28.22 28.21 28.21 28.20 28.19 28.19 28.17 28.17 28.16 28.15 28.15 28.14
28.00 28.00 28.00 28.00 28.00 28.00 28.00 28.00 28.01 28.01 28.01 28.01 28.01 28.02 28.02 28.03 28.03 28.04 28.05 28.05 28.06 28.06 28.06 28.07 28.07 28.08 28.08 28.08 28.07 28.08 28.08 28.09 28.10 28.10 28.11 28.12 28.13 28.13 28.15 28.16 28.17 28.18 28.18 28.18 28.18 28.19 28.20 28.22 28.23 28.23 28.24 28.25 28.25 28.25 28.25 28.24 28.25 28.25 28.25 28.25 28.25 28.25 28.25 28.24 28.24 28.23 28.22 28.22 28.21 28.20 28.20 28.19 28.18 28.17 28.16 28.16 28.15
28.01 28.01 28.01 28.01 28.01 28.01 28.02 28.02 28.02 28.02 28.02 28.02 28.03 28.03 28.03 28.04 28.04 28.05 28.05 28.07 28.07 28.07 28.08 28.08 28.09 28.09 28.09 28.09 28.09 28.09 28.09 28.10 28.11 28.11 28.12 28.13 28.14 28.14 28.15 28.17 28.18 28.19 28.19 28.19 28.20 28.20 28.21 28.23 28.24 28.25 28.25 28.26 28.26 28.26 28.26 28.25 28.26 28.26 28.26 28.26 28.26 28.25 28.26 28.26 28.25 28.24 28.23 28.23 28.22 28.22 28.20 28.20 28.19 28.18 28.17 28.17 28.16
28.03 28.03 28.03 28.03 28.03 28.03 28.03 28.03 28.03 28.04 28.03 28.04 28.04 28.04 28.05 28.05 28.06 28.06 28.07 28.07 28.08 28.09 28.09 28.09 28.11 28.10 28.10 28.10 28.10 28.10 28.10 28.12 28.12 28.11 28.13 28.13 28.15 28.16 28.16 28.18 28.19 28.20 28.20 28.20 28.21 28.21 28.23 28.25 28.25 28.26 28.26 28.26 28.27 28.27 28.27 28.28 28.27 28.27 28.27 28.27 28.27 28.26 28.26 28.26 28.26 28.25 28.24 28.24 28.24 28.22 28.21 28.21 28.20 28.19 28.19 28.18 28.18
28.04 28.04 28.04 28.04 28.04 28.04 28.04 28.05 28.05 28.05 28.05 28.05 28.05 28.06 28.06 28.07 28.07 28.08 28.08 28.09 28.10 28.10 28.10 28.11 28.11 28.11 28.11 28.11 28.11 28.11 28.12 28.13 28.12 28.13 28.14 28.15 28.16 28.17 28.17 28.18 28.20 28.20 28.21 28.21 28.22 28.23 28.24 28.26 28.26 28.27 28.27 28.28 28.28 28.28 28.28 28.29 28.27 28.28 28.28 28.28 28.28 28.27 28.27 28.27 28.27 28.26 28.26 28.25 28.24 28.23 28.22 28.22 28.21 28.21 28.20 28.19 28.19
28.05 28.05 28.05 28.05 28.06 28.06 28.06 28.06 28.06 28.07 28.07 28.07 28.07 28.07 28.08 28.08 28.09 28.09 28.09 28.10 28.11 28.11 28.12 28.12 28.12 28.13 28.13 28.13 28.13 28.13 28.13 28.13 28.14 28.14 28.16 28.16 28.17 28.18 28.18 28.19 28.21 28.21 28.22 28.23 28.23 28.23 28.24 28.26 28.27 28.28 28.28 28.29 28.29 28.29 28.29 28.29 28.30 28.29 28.29 28.29 28.29 28.29 28.28 28.28 28.28 28.27 28.27 28.26 28.26 28.25 28.24 28.23 28.23 28.22 28.21 28.21 28.20
28.07 28.07 28.07 28.07 28.07 28.07 28.07 28.08 28.08 28.08 28.08 28.08 28.08 28.09 28.09 28.10 28.10 28.10 28.11 28.11 28.12 28.13 28.13 28.14 28.14 28.14 28.14 28.14 28.15 28.15 28.15 28.15 28.16 28.16 28.17 28.17 28.19 28.19 28.20 28.20 28.21 28.22 28.23 28.24 28.24 28.24 28.25 28.26 28.28 28.29 28.29 28.30 28.30 28.30 28.30 28.30 28.29 28.30 28.30 28.30 28.30 28.30 28.30 28.29 28.30 28.29 28.28 28.28 28.27 28.26 28.25 28.25 28.24 28.23 28.23 28.22 28.22
28.08 28.08 28.08 28.08 28.08 28.09 28.09 28.09 28.09 28.10 28.10 28.10 28.10 28.10 28.11 28.11 28.11 28.12 28.12 28.15 28.14 28.14 28.15 28.15 28.15 28.16 28.16 28.16 28.16 28.17 28.17 28.17 28.18 28.18 28.19 28.19 28.20 28.20 28.21 28.22 28.22 28.23 28.24 28.24 28.24 28.25 28.26 28.27 28.27 28.29 28.30 28.30 28.31 28.31 28.31 28.31 28.30 28.31 28.31 28.31 28.31 28.31 28.31 28.31 28.31 28.30 28.30 28.29 28.28 28.27 28.27 28.26 28.25 28.25 28.24 28.24 28.23
28.09 28.10 28.10 28.10 28.10 28.10 28.10 28.10 28.11 28.11 28.11 28.12 28.12 28.12 28.12 28.13 28.13 28.15 28.15 28.16 28.15 28.16 28.16 28.16 28.17 28.18 28.18 28.19 28.18 28.19 28.19 28.19 28.19 28.20 28.21 28.21 28.21 28.21 28.22 28.23 28.23 28.24 28.24 28.25 28.25 28.26 28.26 28.27 28.28 28.30 28.31 28.31 28.32 28.32 28.32 28.32 28.32 28.32 28.32 28.32 28.33 28.33 28.33 28.32 28.32 28.32 28.31 28.30 28.30 28.29 28.28 28.28 28.27 28.27 28.26 28.25 28.25
28.11 28.11 28.11 28.11 28.11 28.11 28.12 28.12 28.12 28.12 28.13 28.13 28.13 28.14 28.14 28.16 28.16 28.16 28.16 28.17 28.17 28.17 28.17 28.18 28.19 28.19 28.20 28.20 28.21 28.21 28.21 28.21 28.21 28.22 28.22 28.23 28.22 28.22 28.23 28.23 28.24 28.24 28.25 28.26 28.26 28.26 28.27 28.28 28.29 28.30 28.32 28.32 28.32 28.32 28.33 28.33 28.33 28.33 28.33 28.34 28.34 28.34 28.33 28.33 28.33 28.33 28.32 28.32 28.31 28.30 28.30 28.29 28.29 28.28 28.27 28.27 28.26
28.12 28.12 28.12 28.13 28.13 28.13 28.13 28.13 28.14 28.14 28.14 28.14 28.15 28.15 28.17 28.17 28.17 28.17 28.17 28.18 28.18 28.19 28.19 28.20 28.20 28.21 28.21 28.22 28.23 28.23 28.23 28.23 28.23 28.23 28.24 28.25 28.24 28.24 28.24 28.24 28.25 28.25 28.26 28.26 28.27 28.27 28.28 28.29 28.30 28.30 28.32 28.33 28.32 28.33 28.33 28.33 28.34 28.34 28.35 28.35 28.35 28.35 28.34 28.34 28.34 28.34 28.34 28.33 28.32 28.32 28.31 28.31 28.31 28.30 28.29 28.29 28.29
28.14 28.14 28.14 28.14 28.14 28.14 28.14 28.15 28.15 28.15 28.15 28.16 28.16 28.17 28.18 28.18 28.18 28.18 28.19 28.19 28.20 28.20 28.21 28.22 28.22 28.23 28.23 28.24 28.25 28.25 28.26 28.25 28.25 28.25 28.25 28.26 28.26 28.26 28.26 28.26 28.26 28.26 28.27 28.27 28.27 28.28 28.28 28.29 28.30 28.31 28.33 28.33 28.34 28.33 28.34 28.34 28.34 28.36 28.36 28.36 28.36 28.35 28.36 28.35 28.35 28.35 28.35 28.34 28.34 28.33 28.33 28.33 28.32 28.32 28.32 28.31 28.31
28.15 28.15 28.15 28.15 28.15 28.16 28.16 28.16 28.16 28.17 28.17 28.17 28.18 28.19 28.19 28.19 28.19 28.19 28.20 28.21 28.21 28.22 28.23 28.24 28.24 28.25 28.26 28.26 28.27 28.27 28.28 28.28 28.27 28.27 28.27 28.28 28.28 28.28 28.28 28.27 28.27 28.27 28.27 28.28 28.28 28.28 28.29 28.29 28.30 28.31 28.33 28.34 28.34 28.35 28.34 28.35 28.35 28.36 28.36 28.36 28.36 28.36 28.37 28.37 28.37 28.37 28.36 28.36 28.36 28.36 28.35 28.35 28.34 28.34 28.34 28.33 28.33
28.17 28.17 28.17 28.16 28.17 28.17 28.17 28.17 28.18 28.18 28.18 28.19 28.20 28.20 28.20 28.20 28.21 28.22 28.21 28.22 28.23 28.24 28.25 28.26 28.27 28.27 28.28 28.29 28.29 28.29 28.30 28.30 28.29 28.29 28.29 28.28 28.30 28.29 28.29 28.28 28.28 28.28 28.28 28.29 28.28 28.29 28.30 28.30 28.31 28.32 28.32 28.33 28.35 28.35 28.35 28.36 28.36 28.36 28.37 28.37 28.38 28.39 28.38 28.38 28.38 28.38 28.38 28.37 28.37 28.37 28.38 28.37 28.36 28.36 28.36 28.36 28.35
28.18 28.18 28.18 28.18 28.18 28.18 28.18 28.19 28.19 28.19 28.18 28.20 28.21 28.21 28.21 28.22 28.23 28.23 28.23 28.24 28.25 28.26 28.27 28.28 28.29 28.29 28.30 28.31 28.31 28.32 28.31 28.31 28.31 28.31 28.31 28.30 28.31 28.31 28.31 28.30 28.29 28.30 28.30 28.30 28.29 28.30 28.30 28.31 28.32 28.32 28.33 28.34 28.35 28.36 28.36 28.36 28.36 28.37 28.38 28.38 28.39 28.39 28.39 28.40 28.39 28.39 28.39 28.39 28.39 28.39 28.38 28.38 28.38 28.38 28.38 28.38 28.37
28.19 28.19 28.19 28.19 28.19 28.20 28.19 28.18 28.19 28.19 28.20 28.21 28.21 28.22 28.22 28.23 28.24 28.24 28.25 28.26 28.27 28.28 28.29 28.30 28.31 28.31 28.32 28.33 28.33 28.33 28.33 28.33 28.33 28.33 28.32 28.34 28.33 28.32 28.32 28.31 28.31 28.31 28.31 28.31 28.30 28.30 28.31 28.32 28.32 28.32 28.33 28.34 28.36 28.36 28.37 28.36 28.37 28.38 28.38 28.39 28.39 28.40 28.41 28.40 28.41 28.40 28.40 28.40 28.40 28.40 28.40 28.40 28.40 28.40 28.40 28.40 28.39
28.21 28.21 28.21 28.21 28.21 28.21 28.21 28.21 28.20 28.21 28.22 28.22 28.22 28.23 28.23 28.24 28.25 28.26 28.27 28.27 28.28 28.30 28.31 28.32 28.33 28.33 28.34 28.35 28.35 28.35 28.35 28.35 28.35 28.35 28.34 28.35 28.35 28.35 28.34 28.34 28.32 28.32 28.32 28.32 28.31 28.31 28.31 28.32 28.33 28.33 28.34 28.35 28.36 28.37 28.37 28.37 28.37 28.38 28.39 28.39 28.40 28.41 28.41 28.41 28.41 28.42 28.42 28.42 28.42 28.42 28.42 28.41 28.41 28.41 28.41 28.41 28.41
28.22 28.22 28.22 28.22 28.22 28.22 28.22 28.22 28.22 28.22 28.23 28.23 28.23 28.24 28.25 28.25 28.26 28.27 28.28 28.29 28.30 28.31 28.32 28.33 28.34 28.35 28.36 28.37 28.37 28.37 28.37 28.37 28.37 28.36 28.36 28.35 28.36 28.36 28.36 28.35 28.34 28.34 28.33 28.33 28.32 28.32 28.32 28.33 28.33 28.34 28.34 28.35 28.36 28.37 28.37 28.37 28.38 28.39 28.39 28.40 28.41 28.42 28.42 28.42 28.42 28.43 28.43 28.43 28.43 28.43 28.44 28.43 28.43 28.43 28.43 28.43 28.43
28.24 28.24 28.24 28.24 28.24 28.24 28.24 28.23 28.23 28.23 28.24 28.24 28.25 28.25 28.26 28.27 28.28 28.29 28.30 28.31 28.32 28.33 28.34 28.35 28.37 28.38 28.38 28.38 28.39 28.39 28.39 28.39 28.39 28.38 28.38 28.37 28.37 28.38 28.37 28.36 28.35 28.34 28.34 28.33 28.33 28.32 28.32 28.32 28.33 28.33 28.35 28.36 28.35 28.36 28.37 28.38 28.38 28.39 28.40 28.41 28.42 28.43 28.43 28.43 28.44 28.44 28.44 28.44 28.44 28.45 28.45 28.45 28.45 28.45 28.45 28.45 28.44
28.25 28.25 28.25 28.25 28.26 28.26 28.25 28.25 28.24 28.24 28.25 28.25 28.26 28.26 28.27 28.28 28.29 28.30 28.32 28.33 28.34 28.35 28.36 28.38 28.39 28.40 28.40 28.40 28.41 28.41 28.41 28.41 28.41 28.40 28.39 28.38 28.39 28.38 28.37 28.37 28.36 28.35 28.35 28.34 28.33 28.33 28.32 28.32 28.32 28.33 28.35 28.36 28.35 28.36 28.37 28.38 28.39 28.40 28.41 28.42 28.43 28.43 28.44 28.44 28.45 28.45 28.45 28.45 28.46 28.46 28.46 28.46 28.47 28.46 28.47 28.46 28.46
28.27 28.27 28.27 28.27 28.27 28.27 28.26 28.26 28.26 28.25 28.26 28.26 28.27 28.28 28.29 28.30 28.31 28.32 28.34 28.35 28.36 28.37 28.38 28.40 28.41 28.42 28.43 28.42 28.43 28.43 28.43 28.43 28.42 28.42 28.41 28.40 28.40 28.39 28.38 28.38 28.37 28.36 28.35 28.35 28.34 28.33 28.33 28.32 28.33 28.33 28.35 28.36 28.36 28.36 28.37 28.38 28.39 28.41 28.42 28.42 28.43 28.44 28.45 28.45 28.46 28.46 28.46 28.46 28.46 28.47 28.47 28.48 28.47 28.48 28.47 28.47 28.47
28.28 28.28 28.29 28.28 28.28 28.28 28.27 28.27 28.27 28.26 28.27 28.28 28.28 28.29 28.30 28.31 28.33 28.34 28.35 28.37 28.38 28.39 28.40 28.42 28.43 28.44 28.45 28.45 28.45 28.45 28.45 28.44 28.44 28.43 28.43 28.41 28.41 28.40 28.39 28.38 28.37 28.37 28.36 28.35 28.34 28.34 28.33 28.33 28.33 28.34 28.34 28.35 28.35 28.36 28.37 28.38 28.40 28.41 28.43 28.44 28.44 28.45 28.46 28.46 28.46 28.47 28.46 28.46 28.47 28.47 28.48 28.48 28.48 28.48 28.49 28.48 28.48
28.29 28.30 28.30 28.29 28.29 28.28 28.28 28.28 28.28 28.28 28.29 28.29 28.30 28.31 28.32 28.33 28.34 28.36 28.37 28.38 28.40 28.41 28.43 28.44 28.45 28.47 28.47 28.48 28.47 28.47 28.47 28.46 28.46 28.45 28.43 28.42 28.42 28.41 28.40 28.39 28.38 28.37 28.37 28.36 28.35 28.34 28.34 28.33 28.33 28.34 28.34 28.35 28.34 28.35 28.38 28.39 28.41 28.42 28.42 28.43 28.44 28.46 28.46 28.47 28.46 28.46 28.47 28.47 28.48 28.48 28.49 28.49 28.49 28.49 28.49 28.50 28.49
28.31 28.30 28.30 28.30 28.30 28.29 28.29 28.29 28.30 28.30 28.30 28.31 28.31 28.32 28.33 28.34 28.36 28.36 28.39 28.40 28.42 28.43 28.45 28.46 28.47 28.49 28.49 28.49 28.48 28.49 28.48 28.48 28.48 28.46 28.45 28.44 28.44 28.43 28.42 28.40 28.40 28.38 28.37 28.37 28.36 28.35 28.35 28.34 28.33 28.34 28.34 28.35 28.34 28.36 28.38 28.39 28.41 28.42 28.43 28.44 28.45 28.45 28.47 28.48 28.47 28.47 28.47 28.48 28.47 28.47 28.48 28.48 28.49 28.50 28.50 28.50 28.49
28.32 28.32 28.31 28.31 28.31 28.31 28.31 28.31 28.31 28.31 28.32 28.33 28.33 28.34 28.35 28.36 28.37 28.38 28.40 28.42 28.44 28.45 28.47 28.48 28.49 28.50 28.50 28.50 28.50 28.50 28.50 28.49 28.48 28.47 28.46 28.45 28.45 28.44 28.43 28.41 28.40 28.40 28.38 28.38 28.37 28.36 28.35 28.35 28.35 28.34 28.35 28.35 28.36 28.36 28.38 28.39 28.40 28.42 28.43 28.44 28.45 28.46 28.47 28.48 28.48 28.49 28.47 28.48 28.48 28.48 28.48 28.49 28.50 28.50 28.50 28.49 28.49
28.33 28.33 28.33 28.32 28.32 28.32 28.32 28.33 28.33 28.33 28.34 28.34 28.35 28.36 28.36 28.37 28.39 28.41 28.42 28.44 28.45 28.47 28.48 28.50 28.51 28.51 28.51 28.52 28.52 28.52 28.51 28.50 28.49 28.48 28.47 28.48 28.46 28.45 28.43 28.43 28.42 28.41 28.40 28.39 28.37 28.36 28.35 28.35 28.34 28.35 28.35 28.36 28.37 28.36 28.38 28.39 28.40 28.41 28.43 28.44 28.44 28.46 28.47 28.48 28.48 28.48 28.49 28.49 28.49 28.49 28.49 28.51 28.50 28.50 28.49 28.49 28.48
28.34 28.34 28.34 28.34 28.34 28.34 28.34 28.34 28.34 28.35 28.35 28.36 28.37 28.38 28.39 28.40 28.41 28.42 28.44 28.45 28.47 28.48 28.50 28.51 28.52 28.52 28.53 28.53 28.53 28.53 28.52 28.51 28.51 28.50 28.50 28.49 28.47 28.45 28.44 28.44 28.43 28.42 28.41 28.39 28.38 28.37 28.36 28.35 28.35 28.35 28.35 28.36 28.37 28.38 28.38 28.39 28.40 28.41 28.42 28.43 28.44 28.45 28.46 28.47 28.48 28.48 28.49 28.49 28.50 28.50 28.50 28.51 28.51 28.50 28.49 28.49 28.48
28.35 28.35 28.34 28.34 28.34 28.34 28.35 28.35 28.36 28.36 28.37 28.38 28.38 28.39 28.41 28.42 28.42 28.44 28.45 28.47 28.48 28.50 28.51 28.52 28.53 28.54 28.54 28.54 28.54 28.54 28.53 28.53 28.51 28.50 28.50 28.49 28.47 28.47 28.46 28.45 28.44 28.43 28.41 28.40 28.39 28.38 28.37 28.36 28.36 28.35 28.36 28.36 28.37 28.38 28.38 28.39 28.40 28.41 28.42 28.43 28.45 28.46 28.46 28.47 28.48 28.49 28.49 28.49 28.49 28.50 28.50 28.50 28.49 28.49 28.48 28.47 28.47
28.35 28.35 28.35 28.35 28.35 28.36 28.36 28.37 28.37 28.38 28.39 28.39 28.40 28.41 28.42 28.43 28.45 28.45 28.47 28.48 28.50 28.51 28.53 28.54 28.54 28.55 28.56 28.56 28.55 28.55 28.54 28.53 28.52 28.52 28.51 28.50 28.49 28.47 28.46 28.46 28.45 28.43 28.42 28.41 28.39 28.39 28.38 28.37 28.37 28.36 28.36 28.37 28.38 28.39 28.39 28.39 28.41 28.42 28.43 28.44 28.45 28.46 28.46 28.47 28.48 28.48 28.49 28.49 28.49 28.49 28.49 28.48 28.48 28.47 28.47 28.46 28.45
