data/SP espacial/T09022017.grd
DSAA
132	56
0.0000	120.0000
0.0000	50.0000
28.2391	28.8349
[rows 0 to 33 of 56, columns 0 to 76 of 132]
28.30 28.43 28.44 28.45 28.46 28.47 28.48 28.47 28.48 28.48 28.49 28.52 28.53 28.49 28.50 28.51 28.52 28.53 28.54 28.55 28.56 28.57 28.60 28.59 28.59 28.58 28.58 28.58 28.56 28.56 28.56 28.56 28.55 28.56 28.58 28.58 28.59 28.60 28.62 28.63 28.65 28.66 28.67 28.69 28.69 28.67 28.65 28.63 28.61 28.58 28.57 28.55 28.54 28.54 28.54 28.53 28.54 28.54 28.56 28.56 28.56 28.56 28.55 28.55 28.55 28.55 28.54 28.55 28.55 28.55 28.54 28.54 28.54 28.53 28.52 28.54 28.53
28.43 28.43 28.44 28.45 28.46 28.47 28.48 28.49 28.48 28.49 28.49 28.50 28.52 28.53 28.50 28.51 28.52 28.53 28.54 28.55 28.55 28.56 28.59 28.59 28.58 28.58 28.57 28.57 28.55 28.55 28.55 28.55 28.55 28.55 28.55 28.57 28.58 28.58 28.60 28.62 28.63 28.64 28.65 28.66 28.66 28.65 28.63 28.61 28.59 28.56 28.55 28.54 28.53 28.52 28.52 28.52 28.52 28.54 28.55 28.55 28.56 28.56 28.56 28.55 28.56 28.55 28.55 28.55 28.55 28.55 28.55 28.54 28.54 28.53 28.54 28.54 28.53
28.44 28.44 28.45 28.46 28.46 28.47 28.48 28.49 28.48 28.49 28.50 28.50 28.51 28.53 28.54 28.51 28.52 28.52 28.53 28.54 28.55 28.55 28.58 28.58 28.57 28.57 28.56 28.56 28.54 28.54 28.54 28.56 28.54 28.54 28.54 28.56 28.56 28.57 28.58 28.60 28.61 28.62 28.62 28.62 28.62 28.62 28.60 28.59 28.57 28.54 28.53 28.52 28.51 28.51 28.51 28.51 28.51 28.54 28.54 28.55 28.55 28.56 28.56 28.57 28.56 28.56 28.56 28.56 28.55 28.55 28.55 28.55 28.54 28.54 28.54 28.54 28.53
28.45 28.45 28.46 28.46 28.47 28.47 28.48 28.49 28.50 28.49 28.50 28.50 28.51 28.52 28.53 28.50 28.51 28.52 28.53 28.53 28.54 28.54 28.56 28.56 28.56 28.56 28.55 28.55 28.53 28.53 28.54 28.55 28.52 28.52 28.55 28.55 28.55 28.55 28.56 28.58 28.58 28.59 28.59 28.59 28.59 28.58 28.57 28.56 28.54 28.52 28.50 28.50 28.48 28.48 28.49 28.50 28.51 28.53 28.54 28.54 28.55 28.56 28.57 28.57 28.57 28.57 28.57 28.56 28.56 28.56 28.56 28.55 28.54 28.55 28.54 28.52 28.52
28.46 28.46 28.46 28.47 28.47 28.48 28.48 28.49 28.50 28.49 28.49 28.50 28.51 28.51 28.52 28.53 28.51 28.51 28.52 28.53 28.53 28.53 28.55 28.55 28.55 28.54 28.54 28.54 28.52 28.52 28.52 28.53 28.53 28.51 28.54 28.54 28.54 28.53 28.53 28.56 28.56 28.56 28.56 28.55 28.55 28.55 28.54 28.53 28.51 28.50 28.48 28.46 28.46 28.46 28.47 28.48 28.51 28.52 28.53 28.54 28.55 28.56 28.57 28.57 28.58 28.58 28.58 28.58 28.57 28.57 28.56 28.56 28.56 28.55 28.53 28.52 28.52
28.47 28.47 28.47 28.47 28.47 28.48 28.48 28.49 28.49 28.48 28.49 28.49 28.50 28.51 28.51 28.52 28.53 28.51 28.52 28.52 28.52 28.52 28.54 28.54 28.54 28.53 28.53 28.52 28.51 28.51 28.51 28.52 28.52 28.52 28.52 28.52 28.52 28.52 28.52 28.53 28.53 28.53 28.52 28.52 28.52 28.51 28.50 28.49 28.48 28.48 28.45 28.44 28.44 28.44 28.45 28.47 28.50 28.51 28.52 28.53 28.55 28.56 28.57 28.58 28.59 28.59 28.59 28.59 28.58 28.58 28.57 28.57 28.55 28.54 28.53 28.53 28.52
28.48 28.47 28.47 28.47 28.47 28.48 28.48 28.48 28.49 28.49 28.48 28.49 28.49 28.50 28.50 28.51 28.52 28.50 28.51 28.51 28.52 28.52 28.53 28.53 28.52 28.52 28.51 28.51 28.50 28.49 28.49 28.50 28.50 28.50 28.50 28.50 28.50 28.50 28.51 28.51 28.50 28.49 28.49 28.48 28.48 28.47 28.47 28.46 28.45 28.44 28.42 28.42 28.42 28.42 28.43 28.47 28.48 28.49 28.51 28.52 28.54 28.56 28.57 28.58 28.59 28.60 28.60 28.60 28.60 28.59 28.58 28.57 28.56 28.55 28.54 28.53 28.52
28.48 28.48 28.47 28.47 28.47 28.47 28.48 28.48 28.48 28.49 28.47 28.48 28.48 28.49 28.50 28.50 28.51 28.51 28.50 28.51 28.51 28.51 28.52 28.51 28.51 28.51 28.50 28.50 28.49 28.48 28.48 28.48 28.49 28.49 28.49 28.49 28.49 28.48 28.48 28.48 28.47 28.46 28.45 28.44 28.44 28.44 28.43 28.42 28.42 28.41 28.40 28.39 28.40 28.40 28.42 28.45 28.46 28.48 28.50 28.51 28.54 28.56 28.58 28.59 28.60 28.61 28.62 28.62 28.61 28.60 28.59 28.58 28.57 28.56 28.54 28.53 28.52
28.48 28.48 28.47 28.47 28.47 28.47 28.47 28.47 28.47 28.47 28.46 28.47 28.47 28.48 28.49 28.50 28.50 28.50 28.51 28.50 28.50 28.51 28.51 28.50 28.50 28.49 28.49 28.48 28.47 28.47 28.46 28.47 28.47 28.48 28.47 28.47 28.47 28.47 28.46 28.45 28.45 28.43 28.42 28.41 28.40 28.40 28.39 28.39 28.39 28.39 28.38 28.37 28.37 28.39 28.40 28.43 28.44 28.46 28.48 28.51 28.53 28.55 28.58 28.60 28.62 28.63 28.63 28.63 28.62 28.61 28.60 28.59 28.58 28.56 28.55 28.54 28.53
28.49 28.48 28.47 28.47 28.47 28.46 28.46 28.46 28.46 28.46 28.46 28.46 28.46 28.47 28.48 28.49 28.49 28.50 28.50 28.50 28.49 28.50 28.50 28.49 28.49 28.48 28.47 28.46 28.46 28.46 28.46 28.46 28.47 28.47 28.46 28.46 28.46 28.45 28.44 28.43 28.42 28.41 28.39 28.37 28.37 28.37 28.36 28.36 28.36 28.36 28.36 28.36 28.35 28.37 28.38 28.40 28.42 28.45 28.47 28.50 28.53 28.55 28.58 28.61 28.63 28.64 28.65 28.64 28.63 28.63 28.61 28.60 28.59 28.57 28.56 28.54 28.53
28.49 28.48 28.47 28.46 28.46 28.46 28.45 28.45 28.45 28.45 28.45 28.45 28.45 28.46 28.47 28.48 28.49 28.49 28.49 28.49 28.49 28.49 28.49 28.48 28.48 28.46 28.45 28.44 28.44 28.44 28.45 28.45 28.45 28.46 28.45 28.45 28.44 28.43 28.43 28.41 28.40 28.39 28.37 28.34 28.33 28.33 28.34 28.34 28.34 28.34 28.34 28.34 28.35 28.35 28.36 28.38 28.41 28.43 28.46 28.49 28.52 28.55 28.58 28.61 28.64 28.66 28.66 28.66 28.65 28.64 28.62 28.61 28.59 28.58 28.56 28.55 28.53
28.49 28.47 28.46 28.46 28.45 28.45 28.44 28.44 28.44 28.44 28.44 28.43 28.44 28.45 28.46 28.47 28.48 28.48 28.48 28.48 28.48 28.48 28.48 28.47 28.47 28.45 28.44 28.43 28.43 28.43 28.44 28.44 28.44 28.45 28.44 28.43 28.43 28.42 28.41 28.40 28.38 28.37 28.35 28.32 28.30 28.31 28.32 28.32 28.33 28.33 28.32 28.33 28.33 28.33 28.34 28.36 28.39 28.43 28.46 28.49 28.52 28.55 28.58 28.62 28.65 28.67 28.68 28.67 28.66 28.65 28.63 28.62 28.60 28.59 28.57 28.55 28.54
28.47 28.46 28.45 28.44 28.44 28.43 28.43 28.43 28.42 28.42 28.43 28.43 28.43 28.44 28.45 28.46 28.47 28.47 28.48 28.48 28.48 28.47 28.47 28.47 28.46 28.45 28.44 28.43 28.43 28.43 28.43 28.43 28.43 28.43 28.43 28.43 28.42 28.41 28.40 28.39 28.37 28.36 28.34 28.31 28.31 28.30 28.31 28.31 28.31 28.32 28.32 28.32 28.32 28.33 28.34 28.36 28.39 28.42 28.45 28.48 28.52 28.55 28.58 28.61 28.64 28.67 28.68 28.67 28.66 28.65 28.64 28.63 28.61 28.60 28.59 28.57 28.55
28.45 28.44 28.44 28.43 28.42 28.42 28.42 28.41 28.41 28.41 28.42 28.42 28.43 28.44 28.45 28.45 28.46 28.47 28.47 28.47 28.47 28.47 28.47 28.46 28.45 28.45 28.44 28.43 28.43 28.43 28.43 28.43 28.43 28.43 28.42 28.42 28.41 28.40 28.39 28.38 28.37 28.35 28.34 28.32 28.31 28.31 28.31 28.31 28.31 28.31 28.31 28.32 28.32 28.33 28.34 28.36 28.39 28.42 28.45 28.48 28.52 28.55 28.58 28.61 28.64 28.66 28.67 28.67 28.67 28.66 28.65 28.64 28.63 28.61 28.60 28.59 28.58
28.43 28.43 28.42 28.41 28.41 28.41 28.40 28.40 28.40 28.40 28.41 28.41 28.42 28.43 28.44 28.45 28.45 28.46 28.46 28.46 28.46 28.46 28.46 28.46 28.45 28.45 28.44 28.43 28.43 28.43 28.42 28.42 28.42 28.42 28.42 28.41 28.41 28.40 28.39 28.38 28.37 28.35 28.34 28.33 28.32 28.31 28.31 28.31 28.31 28.31 28.31 28.31 28.32 28.33 28.34 28.36 28.39 28.42 28.45 28.48 28.52 28.55 28.58 28.61 28.63 28.65 28.66 28.67 28.67 28.66 28.66 28.65 28.64 28.63 28.62 28.61 28.60
28.41 28.41 28.40 28.40 28.40 28.39 28.39 28.39 28.39 28.40 28.40 28.41 28.42 28.42 28.44 28.44 28.45 28.46 28.46 28.46 28.46 28.46 28.45 28.46 28.45 28.45 28.45 28.44 28.44 28.43 28.43 28.42 28.42 28.42 28.41 28.41 28.41 28.40 28.39 28.38 28.37 28.36 28.34 28.34 28.33 28.32 28.32 28.31 28.31 28.31 28.31 28.31 28.32 28.33 28.35 28.36 28.39 28.42 28.45 28.48 28.52 28.55 28.58 28.61 28.63 28.65 28.66 28.66 28.67 28.67 28.66 28.66 28.65 28.64 28.63 28.63 28.62
28.39 28.39 28.39 28.38 28.38 28.38 28.38 28.38 28.38 28.39 28.39 28.40 28.41 28.42 28.43 28.44 28.45 28.46 28.46 28.46 28.46 28.46 28.45 28.45 28.46 28.45 28.45 28.45 28.44 28.44 28.43 28.42 28.42 28.42 28.41 28.41 28.41 28.40 28.40 28.39 28.38 28.37 28.36 28.35 28.34 28.33 28.32 28.32 28.32 28.31 28.31 28.32 28.32 28.33 28.35 28.37 28.39 28.42 28.45 28.49 28.52 28.55 28.58 28.61 28.63 28.65 28.66 28.67 28.67 28.67 28.67 28.66 28.66 28.66 28.65 28.64 28.64
28.39 28.38 28.37 28.37 28.37 28.37 28.37 28.37 28.38 28.38 28.39 28.40 28.41 28.42 28.43 28.44 28.45 28.46 28.46 28.47 28.46 28.46 28.46 28.45 28.46 28.46 28.46 28.46 28.45 28.45 28.44 28.43 28.42 28.42 28.41 28.41 28.41 28.41 28.40 28.40 28.39 28.38 28.37 28.36 28.35 28.34 28.33 28.33 28.32 28.32 28.32 28.32 28.32 28.33 28.35 28.37 28.39 28.42 28.46 28.49 28.52 28.55 28.58 28.61 28.63 28.65 28.66 28.67 28.67 28.67 28.67 28.67 28.67 28.67 28.67 28.66 28.66
28.37 28.36 28.36 28.36 28.36 28.36 28.36 28.37 28.37 28.38 28.38 28.39 28.41 28.42 28.44 28.45 28.46 28.47 28.47 28.47 28.46 28.46 28.46 28.46 28.46 28.46 28.47 28.47 28.46 28.46 28.44 28.44 28.43 28.42 28.42 28.42 28.42 28.41 28.41 28.41 28.40 28.39 28.39 28.38 28.37 28.36 28.35 28.34 28.33 28.33 28.32 28.32 28.33 28.34 28.35 28.37 28.40 28.43 28.46 28.49 28.53 28.56 28.59 28.61 28.63 28.65 28.66 28.67 28.67 28.68 28.68 28.68 28.68 28.68 28.68 28.68 28.67
28.36 28.36 28.36 28.35 28.35 28.36 28.36 28.36 28.37 28.37 28.38 28.39 28.41 28.43 28.44 28.46 28.47 28.48 28.48 28.48 28.47 28.46 28.46 28.46 28.47 28.47 28.48 28.48 28.48 28.47 28.46 28.45 28.43 28.43 28.42 28.42 28.42 28.42 28.42 28.42 28.41 28.41 28.40 28.40 28.39 28.38 28.36 28.35 28.34 28.34 28.33 28.33 28.33 28.34 28.35 28.37 28.40 28.43 28.47 28.50 28.54 28.57 28.59 28.62 28.63 28.65 28.66 28.67 28.68 28.68 28.68 28.68 28.69 28.69 28.69 28.69 28.69
28.34 28.34 28.34 28.35 28.35 28.35 28.36 28.36 28.36 28.37 28.38 28.39 28.41 28.43 28.45 28.47 28.49 28.49 28.49 28.49 28.47 28.47 28.46 28.47 28.48 28.48 28.50 28.50 28.49 28.48 28.47 28.45 28.44 28.43 28.43 28.43 28.43 28.43 28.43 28.43 28.43 28.43 28.42 28.42 28.41 28.40 28.38 28.37 28.36 28.35 28.34 28.34 28.34 28.34 28.35 28.37 28.40 28.43 28.47 28.51 28.55 28.58 28.60 28.62 28.64 28.65 28.67 28.67 28.68 28.68 28.68 28.69 28.69 28.70 28.70 28.71 28.71
28.33 28.33 28.34 28.35 28.35 28.36 28.36 28.36 28.37 28.37 28.38 28.39 28.41 28.44 28.46 28.49 28.51 28.51 28.51 28.50 28.49 28.47 28.47 28.47 28.48 28.50 28.51 28.52 28.51 28.50 28.48 28.46 28.44 28.43 28.43 28.44 28.44 28.44 28.44 28.44 28.45 28.44 28.44 28.44 28.43 28.42 28.40 28.39 28.37 28.36 28.35 28.35 28.34 28.34 28.35 28.36 28.40 28.44 28.48 28.52 28.56 28.59 28.61 28.63 28.65 28.66 28.67 28.68 28.68 28.68 28.69 28.69 28.70 28.70 28.71 28.72 28.73
28.30 28.33 28.34 28.35 28.36 28.36 28.37 28.37 28.38 28.38 28.38 28.39 28.42 28.45 28.48 28.50 28.53 28.53 28.52 28.51 28.50 28.49 28.47 28.48 28.50 28.51 28.52 28.53 28.53 28.51 28.49 28.47 28.45 28.44 28.44 28.45 28.45 28.45 28.46 28.46 28.46 28.46 28.46 28.46 28.46 28.43 28.42 28.40 28.39 28.38 28.37 28.36 28.35 28.35 28.35 28.36 28.40 28.44 28.49 28.53 28.57 28.59 28.61 28.63 28.65 28.66 28.68 28.68 28.69 28.69 28.69 28.69 28.70 28.71 28.72 28.73 28.74
28.32 28.33 28.35 28.36 28.37 28.37 28.38 28.39 28.39 28.40 28.40 28.41 28.44 28.47 28.49 28.52 28.53 28.54 28.54 28.53 28.52 28.49 28.49 28.50 28.51 28.52 28.53 28.53 28.53 28.52 28.50 28.48 28.46 28.45 28.46 28.46 28.46 28.47 28.47 28.47 28.47 28.47 28.47 28.47 28.46 28.45 28.43 28.42 28.40 28.39 28.38 28.37 28.37 28.36 28.37 28.38 28.41 28.45 28.49 28.53 28.57 28.60 28.62 28.64 28.65 28.67 28.68 28.69 28.69 28.69 28.69 28.69 28.70 28.71 28.72 28.73 28.74
28.34 28.35 28.36 28.37 28.38 28.39 28.40 28.41 28.42 28.42 28.43 28.45 28.46 28.49 28.51 28.53 28.54 28.55 28.55 28.54 28.52 28.52 28.51 28.51 28.52 28.53 28.53 28.54 28.53 28.53 28.51 28.49 28.48 28.47 28.47 28.47 28.48 28.48 28.48 28.48 28.48 28.48 28.48 28.48 28.47 28.45 28.44 28.43 28.42 28.41 28.40 28.39 28.39 28.39 28.39 28.41 28.44 28.47 28.50 28.54 28.57 28.59 28.62 28.64 28.66 28.67 28.68 28.69 28.69 28.70 28.70 28.70 28.71 28.72 28.73 28.73 28.74
28.37 28.37 28.38 28.40 28.41 28.42 28.43 28.43 28.44 28.45 28.46 28.48 28.49 28.51 28.53 28.55 28.56 28.56 28.57 28.56 28.54 28.54 28.53 28.53 28.53 28.54 28.54 28.54 28.54 28.53 28.52 28.51 28.50 28.49 28.49 28.49 28.49 28.50 28.50 28.49 28.49 28.49 28.49 28.48 28.47 28.46 28.45 28.44 28.43 28.42 28.41 28.41 28.41 28.41 28.42 28.43 28.46 28.48 28.51 28.54 28.57 28.60 28.62 28.64 28.66 28.67 28.69 28.69 28.70 28.70 28.71 28.71 28.72 28.72 28.72 28.73 28.73
28.40 28.40 28.42 28.43 28.44 28.45 28.46 28.46 28.47 28.48 28.50 28.51 28.52 28.54 28.55 28.57 28.58 28.58 28.58 28.57 28.57 28.56 28.55 28.55 28.55 28.55 28.55 28.55 28.54 28.54 28.53 28.52 28.51 28.51 28.51 28.51 28.51 28.51 28.51 28.51 28.50 28.50 28.49 28.49 28.48 28.47 28.46 28.45 28.45 28.44 28.43 28.43 28.43 28.43 28.44 28.45 28.47 28.50 28.52 28.55 28.58 28.60 28.62 28.64 28.66 28.67 28.69 28.69 28.70 28.70 28.71 28.71 28.72 28.72 28.72 28.72 28.73
28.43 28.45 28.45 28.46 28.47 28.48 28.49 28.50 28.51 28.52 28.53 28.54 28.55 28.56 28.57 28.58 28.59 28.59 28.59 28.59 28.59 28.58 28.58 28.57 28.56 28.56 28.55 28.55 28.55 28.54 28.53 28.53 28.53 28.53 28.53 28.53 28.53 28.53 28.52 28.52 28.51 28.51 28.50 28.49 28.49 28.48 28.47 28.46 28.46 28.45 28.45 28.45 28.45 28.45 28.46 28.47 28.49 28.51 28.53 28.56 28.58 28.60 28.62 28.65 28.66 28.68 28.68 28.69 28.70 28.71 28.71 28.72 28.72 28.72 28.72 28.72 28.72
28.47 28.49 28.49 28.50 28.50 28.51 28.52 28.53 28.54 28.55 28.56 28.56 28.58 28.59 28.60 28.60 28.61 28.61 28.61 28.61 28.60 28.60 28.60 28.59 28.58 28.58 28.57 28.56 28.56 28.55 28.55 28.55 28.54 28.54 28.54 28.54 28.54 28.54 28.54 28.53 28.52 28.52 28.51 28.50 28.50 28.49 28.48 28.48 28.47 28.47 28.47 28.47 28.47 28.47 28.48 28.49 28.51 28.53 28.55 28.57 28.59 28.61 28.63 28.64 28.66 28.67 28.68 28.69 28.70 28.71 28.71 28.72 28.72 28.72 28.72 28.71 28.72
28.50 28.51 28.52 28.53 28.53 28.54 28.55 28.56 28.57 28.57 28.59 28.60 28.61 28.61 28.62 28.63 28.63 28.63 28.63 28.63 28.62 28.61 28.60 28.60 28.60 28.59 28.59 28.58 28.57 28.57 28.56 28.56 28.56 28.56 28.56 28.56 28.56 28.56 28.55 28.54 28.54 28.52 28.52 28.51 28.50 28.50 28.49 28.49 28.48 28.48 28.48 28.48 28.48 28.49 28.50 28.51 28.52 28.54 28.56 28.58 28.60 28.61 28.63 28.65 28.66 28.67 28.69 28.70 28.70 28.71 28.72 28.72 28.72 28.72 28.71 28.71 28.71
28.53 28.54 28.54 28.56 28.56 28.57 28.58 28.59 28.60 28.61 28.62 28.63 28.64 28.64 28.65 28.65 28.66 28.66 28.65 28.65 28.64 28.63 28.62 28.62 28.61 28.61 28.60 28.59 28.59 28.58 28.58 28.58 28.58 28.58 28.58 28.57 28.57 28.57 28.56 28.56 28.55 28.54 28.53 28.52 28.51 28.51 28.50 28.50 28.50 28.50 28.50 28.50 28.50 28.51 28.51 28.53 28.54 28.56 28.58 28.59 28.61 28.63 28.64 28.65 28.66 28.68 28.68 28.69 28.70 28.71 28.72 28.72 28.71 28.71 28.71 28.70 28.70
28.56 28.57 28.57 28.58 28.59 28.60 28.60 28.61 28.62 28.64 28.65 28.66 28.66 28.67 28.67 28.68 28.68 28.68 28.67 28.66 28.66 28.65 28.64 28.63 28.62 28.62 28.61 28.60 28.60 28.60 28.60 28.60 28.60 28.60 28.59 28.59 28.59 28.58 28.57 28.57 28.56 28.55 28.54 28.53 28.52 28.52 28.51 28.51 28.51 28.51 28.51 28.51 28.51 28.52 28.53 28.54 28.56 28.57 28.59 28.61 28.62 28.64 28.65 28.66 28.67 28.68 28.69 28.69 28.70 28.71 28.72 28.72 28.71 28.71 28.70 28.69 28.68
28.59 28.60 28.60 28.60 28.61 28.62 28.63 28.64 28.65 28.66 28.67 28.68 28.69 28.69 28.69 28.70 28.70 28.70 28.69 28.68 28.67 28.67 28.66 28.65 28.64 28.63 28.62 28.61 28.61 28.61 28.61 28.62 28.62 28.62 28.61 28.61 28.60 28.59 28.59 28.58 28.57 28.56 28.55 28.54 28.53 28.53 28.53 28.52 28.52 28.52 28.52 28.52 28.53 28.53 28.54 28.55 28.57 28.58 28.60 28.62 28.63 28.65 28.66 28.67 28.68 28.68 28.69 28.70 28.70 28.71 28.71 28.71 28.71 28.70 28.69 28.68 28.67
28.62 28.62 28.62 28.63 28.63 28.64 28.65 28.66 28.67 28.69 28.70 28.71 28.71 28.71 28.71 28.72 28.72 28.71 28.71 28.70 28.69 28.68 28.68 28.67 28.66 28.65 28.64 28.62 28.62 28.63 28.63 28.64 28.64 28.64 28.63 28.63 28.62 28.61 28.60 28.59 28.58 28.57 28.56 28.55 28.54 28.54 28.54 28.54 28.53 28.53 28.53 28.54 28.54 28.54 28.55 28.56 28.58 28.59 28.61 28.63 28.65 28.66 28.66 28.67 28.68 28.69 28.69 28.70 28.70 28.70 28.71 28.71 28.70 28.69 28.67 28.66 28.65
