data/SP espacial/T10062017.grd
DSAA
132	56
0.0000	120.0000
0.0000	50.0000
16.6000	20.9244
[rows 0 to 33 of 56, columns 0 to 76 of 132]
16.60 16.92 17.20 17.46 17.70 17.91 18.11 18.30 18.46 18.59 18.72 18.89 19.00 19.12 19.21 19.29 19.35 19.41 19.47 19.51 19.55 19.58 19.60 19.63 19.65 19.67 19.69 19.71 19.71 19.73 19.75 19.77 19.89 19.93 19.95 19.98 20.01 20.04 20.06 20.09 20.12 20.14 20.16 20.18 20.20 20.19 20.19 20.18 20.18 20.18 20.17 20.17 20.17 20.18 20.18 20.21 20.23 20.23 20.25 20.28 20.30 20.33 20.36 20.40 20.44 20.48 20.49 20.49 20.47 20.46 20.45 20.43 20.41 20.39 20.37 20.30 20.27
16.97 17.11 17.35 17.58 17.81 18.02 18.21 18.38 18.56 18.68 18.81 18.93 19.08 19.18 19.28 19.36 19.42 19.48 19.53 19.57 19.60 19.63 19.65 19.67 19.69 19.71 19.72 19.73 19.74 19.75 19.77 19.86 19.89 19.93 19.95 19.98 20.01 20.04 20.06 20.09 20.12 20.14 20.16 20.18 20.19 20.19 20.19 20.18 20.17 20.17 20.16 20.16 20.16 20.16 20.17 20.20 20.21 20.22 20.24 20.26 20.29 20.32 20.36 20.40 20.44 20.47 20.49 20.49 20.49 20.48 20.47 20.45 20.43 20.41 20.36 20.33 20.28
17.32 17.41 17.58 17.77 17.97 18.16 18.34 18.51 18.67 18.79 18.92 19.03 19.14 19.26 19.33 19.43 19.50 19.55 19.60 19.63 19.66 19.69 19.71 19.72 19.73 19.74 19.75 19.76 19.76 19.77 19.78 19.86 19.89 19.93 19.95 19.98 20.01 20.04 20.06 20.09 20.11 20.13 20.15 20.17 20.18 20.18 20.18 20.17 20.17 20.16 20.15 20.15 20.15 20.15 20.15 20.18 20.19 20.20 20.22 20.24 20.28 20.31 20.35 20.39 20.42 20.46 20.48 20.49 20.49 20.49 20.48 20.47 20.46 20.44 20.38 20.34 20.31
17.66 17.73 17.85 18.01 18.17 18.34 18.50 18.65 18.79 18.92 19.04 19.15 19.25 19.34 19.42 19.52 19.58 19.63 19.67 19.70 19.73 19.75 19.76 19.77 19.77 19.77 19.78 19.78 19.78 19.79 19.83 19.87 19.89 19.92 19.95 19.98 20.00 20.03 20.06 20.09 20.11 20.13 20.15 20.16 20.17 20.17 20.17 20.17 20.16 20.15 20.14 20.14 20.13 20.13 20.13 20.15 20.16 20.16 20.20 20.22 20.25 20.29 20.33 20.37 20.41 20.44 20.47 20.49 20.50 20.50 20.50 20.49 20.48 20.44 20.40 20.37 20.34
17.98 18.04 18.14 18.26 18.39 18.53 18.67 18.81 18.94 19.05 19.16 19.27 19.36 19.44 19.52 19.59 19.67 19.71 19.75 19.78 19.80 19.82 19.82 19.82 19.82 19.81 19.80 19.80 19.79 19.82 19.84 19.87 19.89 19.92 19.95 19.98 20.00 20.03 20.06 20.09 20.11 20.13 20.14 20.16 20.17 20.17 20.17 20.16 20.15 20.14 20.13 20.12 20.12 20.11 20.11 20.13 20.12 20.13 20.14 20.20 20.23 20.27 20.31 20.35 20.40 20.43 20.47 20.49 20.51 20.52 20.52 20.52 20.49 20.46 20.44 20.41 20.37
18.29 18.35 18.42 18.52 18.63 18.74 18.86 18.98 19.09 19.20 19.30 19.40 19.48 19.56 19.63 19.69 19.74 19.80 19.84 19.86 19.88 19.89 19.89 19.88 19.86 19.84 19.83 19.82 19.82 19.83 19.84 19.87 19.89 19.92 19.95 19.97 20.00 20.03 20.05 20.08 20.11 20.12 20.14 20.15 20.16 20.16 20.16 20.15 20.14 20.13 20.12 20.11 20.10 20.09 20.09 20.08 20.09 20.10 20.11 20.14 20.18 20.24 20.29 20.34 20.38 20.43 20.47 20.50 20.52 20.53 20.54 20.52 20.51 20.50 20.47 20.45 20.41
18.59 18.64 18.70 18.78 18.86 18.95 19.05 19.15 19.25 19.35 19.44 19.53 19.61 19.68 19.74 19.79 19.84 19.88 19.93 19.95 19.96 19.96 19.95 19.93 19.91 19.88 19.85 19.83 19.82 19.82 19.84 19.86 19.89 19.92 19.94 19.97 20.00 20.02 20.05 20.08 20.10 20.12 20.14 20.15 20.16 20.16 20.16 20.15 20.14 20.12 20.11 20.09 20.08 20.07 20.05 20.05 20.06 20.07 20.08 20.11 20.15 20.19 20.26 20.32 20.37 20.42 20.47 20.50 20.53 20.55 20.55 20.55 20.54 20.53 20.51 20.49 20.45
18.89 18.93 18.98 19.03 19.09 19.16 19.24 19.32 19.41 19.50 19.59 19.67 19.74 19.80 19.85 19.90 19.94 19.98 20.01 20.04 20.05 20.04 20.03 19.99 19.95 19.91 19.87 19.84 19.82 19.82 19.83 19.86 19.88 19.91 19.94 19.97 19.99 20.02 20.05 20.07 20.10 20.12 20.14 20.15 20.16 20.16 20.15 20.14 20.12 20.10 20.08 20.07 20.06 20.03 20.02 20.02 20.02 20.03 20.04 20.07 20.11 20.16 20.22 20.30 20.36 20.41 20.46 20.51 20.55 20.56 20.57 20.58 20.58 20.57 20.55 20.53 20.50
19.17 19.21 19.24 19.26 19.30 19.35 19.41 19.49 19.57 19.65 19.73 19.81 19.87 19.92 19.96 20.00 20.04 20.07 20.10 20.12 20.13 20.13 20.10 20.06 20.01 19.93 19.87 19.83 19.81 19.81 19.82 19.85 19.88 19.91 19.94 19.96 19.99 20.02 20.04 20.06 20.09 20.12 20.14 20.16 20.16 20.16 20.15 20.14 20.12 20.09 20.07 20.05 20.04 20.01 19.99 19.98 19.99 19.99 20.00 20.03 20.07 20.12 20.19 20.27 20.35 20.42 20.47 20.53 20.56 20.58 20.60 20.61 20.62 20.61 20.60 20.58 20.55
19.45 19.48 19.48 19.48 19.49 19.52 19.57 19.63 19.71 19.79 19.87 19.94 19.99 20.03 20.07 20.10 20.13 20.16 20.19 20.20 20.22 20.21 20.19 20.13 20.05 19.95 19.87 19.81 19.78 19.79 19.81 19.84 19.87 19.90 19.93 19.96 19.98 20.01 20.03 20.06 20.09 20.12 20.14 20.16 20.17 20.17 20.16 20.14 20.11 20.09 20.07 20.04 20.01 19.99 19.96 19.95 19.95 19.95 19.96 19.98 20.02 20.08 20.16 20.25 20.34 20.42 20.49 20.54 20.57 20.60 20.63 20.64 20.65 20.65 20.64 20.62 20.60
19.73 19.72 19.68 19.66 19.65 19.67 19.70 19.76 19.83 19.91 20.00 20.08 20.11 20.14 20.16 20.19 20.22 20.24 20.26 20.28 20.30 20.31 20.29 20.20 20.08 19.97 19.86 19.77 19.75 19.77 19.80 19.83 19.87 19.90 19.93 19.95 19.97 20.00 20.03 20.05 20.09 20.12 20.15 20.17 20.18 20.17 20.16 20.14 20.11 20.09 20.06 20.03 20.00 19.97 19.94 19.92 19.92 19.93 19.93 19.94 19.96 20.04 20.14 20.24 20.34 20.44 20.50 20.55 20.58 20.62 20.65 20.67 20.68 20.68 20.68 20.67 20.65
20.00 19.90 19.83 19.79 19.77 19.78 19.81 19.86 19.92 20.00 20.10 20.20 20.20 20.21 20.23 20.26 20.29 20.31 20.32 20.34 20.35 20.38 20.38 20.24 20.11 19.98 19.86 19.74 19.72 19.75 19.79 19.83 19.87 19.90 19.92 19.94 19.96 19.98 20.01 20.04 20.08 20.11 20.14 20.18 20.19 20.17 20.15 20.13 20.11 20.09 20.06 20.03 20.00 19.96 19.93 19.91 19.91 19.92 19.91 19.91 19.90 20.01 20.12 20.23 20.34 20.44 20.51 20.55 20.58 20.62 20.66 20.70 20.70 20.70 20.70 20.70 20.70
19.95 19.94 19.90 19.86 19.85 19.86 19.88 19.92 19.99 20.06 20.14 20.21 20.24 20.26 20.28 20.30 20.33 20.34 20.36 20.36 20.37 20.37 20.34 20.24 20.12 20.00 19.88 19.79 19.75 19.76 19.79 19.82 19.85 19.88 19.90 19.92 19.94 19.97 20.00 20.03 20.06 20.09 20.13 20.15 20.17 20.16 20.15 20.13 20.11 20.09 20.06 20.04 20.01 19.98 19.95 19.93 19.93 19.93 19.93 19.93 19.95 20.02 20.12 20.22 20.32 20.41 20.48 20.53 20.57 20.60 20.64 20.68 20.69 20.70 20.71 20.71 20.70
19.89 19.91 19.90 19.89 19.89 19.90 19.92 19.96 20.02 20.08 20.15 20.21 20.25 20.28 20.31 20.33 20.35 20.34 20.35 20.36 20.36 20.35 20.30 20.22 20.12 20.01 19.91 19.83 19.79 19.78 19.79 19.81 19.83 19.85 19.88 19.89 19.92 19.95 19.97 20.01 20.04 20.07 20.10 20.12 20.14 20.14 20.13 20.12 20.11 20.09 20.07 20.05 20.02 20.01 19.98 19.96 19.96 19.95 19.96 19.97 19.99 20.05 20.12 20.21 20.30 20.37 20.44 20.50 20.54 20.57 20.61 20.65 20.67 20.69 20.70 20.71 20.70
19.83 19.87 19.88 19.88 19.89 19.91 19.94 19.98 20.03 20.08 20.14 20.20 20.24 20.28 20.32 20.31 20.33 20.35 20.36 20.36 20.35 20.32 20.27 20.20 20.12 20.01 19.93 19.87 19.82 19.80 19.79 19.80 19.81 19.84 19.86 19.88 19.90 19.92 19.95 19.98 20.02 20.05 20.08 20.10 20.11 20.12 20.12 20.12 20.10 20.10 20.08 20.07 20.05 20.04 20.02 20.00 19.99 19.99 19.99 20.00 20.03 20.07 20.13 20.20 20.27 20.34 20.41 20.46 20.50 20.54 20.58 20.62 20.65 20.67 20.70 20.71 20.71
19.78 19.81 19.84 19.85 19.87 19.90 19.93 19.97 20.02 20.07 20.13 20.18 20.23 20.28 20.28 20.31 20.34 20.35 20.36 20.36 20.34 20.30 20.25 20.18 20.11 20.03 19.94 19.88 19.84 19.81 19.79 19.79 19.80 19.81 19.83 19.85 19.87 19.90 19.93 19.96 19.99 20.02 20.05 20.07 20.09 20.10 20.10 20.11 20.11 20.10 20.09 20.09 20.08 20.07 20.06 20.05 20.03 20.03 20.03 20.04 20.06 20.09 20.13 20.19 20.25 20.31 20.36 20.41 20.46 20.49 20.54 20.58 20.62 20.66 20.69 20.71 20.72
19.71 19.75 19.78 19.81 19.84 19.87 19.90 19.95 19.99 20.05 20.10 20.16 20.21 20.26 20.27 20.31 20.34 20.36 20.36 20.35 20.33 20.29 20.24 20.17 20.10 20.03 19.95 19.89 19.84 19.81 19.78 19.77 19.78 19.78 19.80 19.81 19.83 19.86 19.89 19.92 19.96 19.99 20.02 20.05 20.06 20.08 20.08 20.10 20.10 20.11 20.11 20.11 20.11 20.10 20.10 20.09 20.08 20.06 20.06 20.06 20.08 20.10 20.14 20.18 20.22 20.28 20.32 20.37 20.41 20.46 20.49 20.54 20.59 20.64 20.68 20.71 20.73
19.65 19.69 19.72 19.76 19.79 19.83 19.87 19.91 19.96 20.01 20.07 20.13 20.19 20.21 20.27 20.32 20.35 20.37 20.37 20.35 20.32 20.27 20.22 20.16 20.09 20.02 19.96 19.89 19.84 19.80 19.77 19.76 19.75 19.75 19.76 19.77 19.80 19.82 19.86 19.89 19.93 19.96 19.99 20.02 20.04 20.06 20.07 20.09 20.09 20.10 20.11 20.12 20.13 20.14 20.13 20.13 20.12 20.09 20.08 20.08 20.08 20.10 20.13 20.16 20.20 20.24 20.28 20.32 20.35 20.40 20.43 20.49 20.55 20.61 20.67 20.72 20.75
19.58 19.62 19.66 19.70 19.74 19.78 19.82 19.86 19.91 19.97 20.02 20.09 20.13 20.20 20.27 20.32 20.36 20.38 20.38 20.36 20.31 20.26 20.21 20.14 20.08 20.01 19.95 19.88 19.83 19.78 19.75 19.73 19.72 19.71 19.71 19.73 19.76 19.79 19.82 19.86 19.90 19.94 19.97 20.00 20.02 20.04 20.05 20.06 20.07 20.09 20.11 20.13 20.15 20.16 20.17 20.16 20.15 20.13 20.10 20.09 20.09 20.09 20.11 20.13 20.17 20.20 20.23 20.26 20.29 20.33 20.38 20.45 20.50 20.58 20.66 20.73 20.77
19.51 19.55 19.59 19.64 19.68 19.72 19.77 19.81 19.86 19.91 19.97 20.02 20.09 20.17 20.25 20.33 20.38 20.40 20.39 20.36 20.30 20.25 20.19 20.12 20.06 20.00 19.93 19.87 19.81 19.76 19.73 19.70 19.68 19.67 19.67 19.69 19.71 19.74 19.78 19.82 19.86 19.90 19.94 19.97 20.00 20.01 20.03 20.03 20.05 20.07 20.10 20.13 20.16 20.19 20.20 20.20 20.18 20.15 20.12 20.09 20.07 20.07 20.08 20.10 20.13 20.15 20.18 20.20 20.23 20.26 20.31 20.38 20.46 20.56 20.66 20.75 20.81
19.45 19.48 19.53 19.58 19.63 19.67 19.72 19.76 19.80 19.85 19.91 19.96 20.04 20.14 20.24 20.34 20.40 20.42 20.39 20.34 20.29 20.23 20.16 20.10 20.03 19.97 19.91 19.85 19.80 19.75 19.70 19.66 19.63 19.62 19.62 19.64 19.67 19.70 19.74 19.78 19.82 19.86 19.90 19.94 19.97 19.98 19.99 20.00 20.01 20.03 20.07 20.11 20.16 20.20 20.23 20.23 20.20 20.15 20.10 20.06 20.04 20.03 20.04 20.06 20.08 20.10 20.12 20.14 20.16 20.18 20.22 20.28 20.38 20.50 20.64 20.76 20.85
19.37 19.42 19.47 19.52 19.57 19.62 19.66 19.70 19.74 19.79 19.82 19.89 19.99 20.10 20.21 20.33 20.43 20.45 20.39 20.33 20.26 20.20 20.13 20.07 20.00 19.94 19.89 19.83 19.78 19.73 19.68 19.63 19.58 19.56 19.58 19.60 19.63 19.66 19.69 19.73 19.77 19.81 19.86 19.91 19.94 19.94 19.94 19.94 19.96 19.98 20.02 20.07 20.13 20.20 20.26 20.26 20.19 20.12 20.06 20.01 19.98 19.97 19.97 19.99 20.02 20.05 20.06 20.07 20.07 20.08 20.10 20.16 20.28 20.43 20.59 20.76 20.90
19.30 19.37 19.43 19.48 19.53 19.57 19.61 19.65 19.67 19.71 19.76 19.81 19.92 20.03 20.16 20.29 20.44 20.44 20.35 20.28 20.21 20.15 20.09 20.03 19.97 19.91 19.86 19.81 19.76 19.71 19.65 19.60 19.54 19.51 19.54 19.56 19.59 19.62 19.65 19.68 19.71 19.75 19.80 19.86 19.89 19.87 19.86 19.87 19.88 19.91 19.95 20.00 20.07 20.15 20.24 20.25 20.15 20.06 19.99 19.94 19.90 19.89 19.89 19.90 19.93 19.97 19.99 19.97 19.97 19.97 19.98 20.01 20.17 20.34 20.52 20.71 20.91
19.32 19.35 19.40 19.45 19.49 19.53 19.54 19.58 19.62 19.66 19.70 19.76 19.84 19.95 20.06 20.18 20.28 20.30 20.25 20.19 20.13 20.08 20.03 19.97 19.92 19.87 19.83 19.78 19.73 19.69 19.64 19.59 19.55 19.52 19.53 19.55 19.56 19.58 19.60 19.61 19.64 19.67 19.71 19.75 19.77 19.76 19.76 19.77 19.79 19.81 19.86 19.90 19.97 20.03 20.09 20.09 20.03 19.95 19.88 19.83 19.80 19.78 19.78 19.79 19.82 19.85 19.86 19.86 19.86 19.87 19.89 19.95 20.07 20.23 20.39 20.56 20.71
19.33 19.35 19.39 19.42 19.44 19.48 19.50 19.53 19.57 19.60 19.64 19.69 19.77 19.84 19.93 20.02 20.09 20.11 20.10 20.07 20.03 19.99 19.95 19.91 19.87 19.83 19.79 19.75 19.71 19.67 19.63 19.60 19.56 19.54 19.53 19.54 19.54 19.54 19.55 19.55 19.56 19.57 19.59 19.61 19.63 19.63 19.64 19.65 19.67 19.70 19.73 19.78 19.83 19.88 19.91 19.90 19.86 19.81 19.75 19.70 19.67 19.65 19.65 19.66 19.68 19.70 19.72 19.73 19.75 19.77 19.81 19.87 19.97 20.10 20.24 20.37 20.46
19.34 19.36 19.38 19.40 19.43 19.45 19.47 19.49 19.51 19.54 19.57 19.62 19.67 19.73 19.80 19.86 19.90 19.93 19.94 19.93 19.92 19.90 19.87 19.84 19.81 19.77 19.74 19.71 19.68 19.65 19.63 19.60 19.57 19.56 19.54 19.53 19.52 19.50 19.49 19.48 19.47 19.47 19.47 19.47 19.48 19.49 19.50 19.51 19.53 19.56 19.60 19.64 19.68 19.71 19.72 19.71 19.67 19.63 19.58 19.54 19.52 19.49 19.49 19.51 19.53 19.56 19.58 19.60 19.62 19.65 19.69 19.76 19.84 19.94 20.06 20.16 20.23
19.36 19.37 19.39 19.40 19.41 19.42 19.43 19.45 19.46 19.48 19.50 19.53 19.56 19.60 19.65 19.69 19.72 19.76 19.78 19.79 19.80 19.80 19.79 19.77 19.75 19.72 19.69 19.67 19.65 19.64 19.62 19.61 19.59 19.57 19.55 19.52 19.50 19.47 19.43 19.40 19.38 19.35 19.34 19.33 19.33 19.33 19.34 19.36 19.39 19.42 19.46 19.49 19.52 19.54 19.54 19.52 19.49 19.45 19.40 19.36 19.34 19.33 19.33 19.35 19.37 19.40 19.43 19.46 19.49 19.53 19.57 19.63 19.70 19.78 19.87 19.95 20.01
19.37 19.40 19.39 19.39 19.40 19.40 19.40 19.41 19.41 19.42 19.43 19.43 19.45 19.46 19.49 19.51 19.55 19.57 19.62 19.65 19.68 19.70 19.71 19.71 19.69 19.67 19.66 19.63 19.63 19.62 19.62 19.62 19.61 19.59 19.57 19.53 19.48 19.43 19.38 19.32 19.28 19.24 19.20 19.18 19.17 19.17 19.18 19.21 19.24 19.27 19.31 19.34 19.37 19.38 19.37 19.34 19.31 19.26 19.21 19.18 19.16 19.15 19.16 19.18 19.21 19.25 19.29 19.32 19.36 19.40 19.43 19.49 19.55 19.62 19.68 19.74 19.80
19.42 19.40 19.40 19.39 19.38 19.38 19.37 19.37 19.36 19.35 19.35 19.34 19.33 19.32 19.32 19.34 19.36 19.40 19.46 19.52 19.57 19.62 19.64 19.65 19.65 19.63 19.60 19.60 19.60 19.60 19.61 19.63 19.63 19.62 19.59 19.54 19.47 19.40 19.32 19.25 19.17 19.11 19.05 19.02 19.00 19.00 19.02 19.05 19.09 19.13 19.16 19.19 19.22 19.22 19.21 19.18 19.13 19.07 19.02 18.98 18.96 18.95 18.97 19.01 19.06 19.10 19.15 19.19 19.23 19.27 19.31 19.35 19.40 19.45 19.50 19.55 19.59
19.43 19.42 19.40 19.39 19.37 19.35 19.34 19.32 19.31 19.29 19.27 19.24 19.21 19.18 19.16 19.15 19.17 19.22 19.29 19.38 19.47 19.54 19.60 19.61 19.60 19.58 19.56 19.55 19.56 19.58 19.61 19.64 19.66 19.65 19.62 19.55 19.46 19.37 19.27 19.17 19.07 18.98 18.90 18.85 18.82 18.83 18.86 18.89 18.94 18.99 19.03 19.06 19.08 19.08 19.06 19.02 18.96 18.89 18.83 18.78 18.75 18.76 18.78 18.84 18.91 18.97 19.02 19.07 19.11 19.14 19.17 19.21 19.25 19.28 19.32 19.36 19.39
19.45 19.43 19.41 19.38 19.36 19.33 19.31 19.28 19.26 19.23 19.20 19.16 19.10 19.04 18.99 18.96 18.97 19.03 19.12 19.25 19.39 19.50 19.56 19.58 19.56 19.53 19.49 19.48 19.49 19.54 19.60 19.66 19.70 19.70 19.66 19.57 19.46 19.34 19.22 19.09 18.96 18.84 18.74 18.66 18.63 18.65 18.69 18.75 18.81 18.87 18.91 18.94 18.96 18.96 18.94 18.88 18.81 18.73 18.64 18.57 18.53 18.55 18.61 18.68 18.76 18.84 18.91 18.96 18.99 19.02 19.04 19.08 19.10 19.12 19.15 19.18 19.20
19.46 19.44 19.41 19.37 19.34 19.31 19.28 19.24 19.21 19.18 19.14 19.08 19.01 18.92 18.83 18.76 18.74 18.81 18.96 19.15 19.32 19.48 19.57 19.58 19.54 19.48 19.41 19.38 19.41 19.49 19.59 19.69 19.76 19.77 19.71 19.60 19.46 19.32 19.17 19.01 18.87 18.72 18.58 18.48 18.44 18.47 18.53 18.61 18.69 18.76 18.80 18.84 18.86 18.86 18.84 18.77 18.68 18.57 18.46 18.35 18.30 18.33 18.43 18.55 18.65 18.75 18.82 18.87 18.90 18.92 18.93 18.94 18.96 18.99 19.01 19.01 19.02
19.48 19.45 19.40 19.36 19.32 19.28 19.24 19.20 19.17 19.13 19.09 19.03 18.93 18.81 18.69 18.56 18.49 18.57 18.80 19.04 19.28 19.49 19.61 19.60 19.52 19.42 19.33 19.26 19.31 19.43 19.57 19.71 19.83 19.86 19.76 19.61 19.45 19.29 19.12 18.96 18.78 18.61 18.44 18.28 18.23 18.30 18.41 18.51 18.60 18.67 18.73 18.77 18.79 18.79 18.77 18.70 18.59 18.46 18.31 18.15 18.06 18.13 18.28 18.43 18.57 18.68 18.76 18.80 18.82 18.82 18.82 18.81 18.84 18.86 18.87 18.87 18.86
19.50 19.44 19.39 19.34 19.29 19.25 19.20 19.16 19.12 19.08 19.04 18.99 18.86 18.73 18.59 18.43 18.27 18.40 18.69 18.97 19.24 19.49 19.68 19.59 19.49 19.38 19.27 19.14 19.22 19.38 19.54 19.70 19.87 19.95 19.77 19.60 19.42 19.25 19.08 18.90 18.73 18.55 18.35 18.15 18.06 18.20 18.33 18.44 18.54 18.62 18.68 18.72 18.73 18.74 18.72 18.66 18.53 18.39 18.22 18.03 17.81 18.01 18.20 18.36 18.51 18.64 18.72 18.75 18.76 18.76 18.74 18.70 18.74 18.76 18.77 18.75 18.72
