data/SP espacial/T17062017.grd
DSAA
132	56
0.0000	120.0000
0.0000	50.0000
20.8073	22.4014
[rows 0 to 33 of 56, columns 0 to 76 of 132]
21.60 21.60 21.60 21.60 21.60 21.60 21.60 21.60 21.60 21.60 21.60 21.63 21.64 21.63 21.64 21.66 21.68 21.70 21.72 21.75 21.78 21.81 21.83 21.81 21.78 21.76 21.74 21.73 21.72 21.70 21.70 21.69 21.69 21.68 21.68 21.68 21.68 21.66 21.66 21.67 21.68 21.70 21.72 21.73 21.74 21.72 21.70 21.68 21.66 21.64 21.63 21.62 21.57 21.55 21.54 21.52 21.51 21.49 21.47 21.46 21.44 21.42 21.40 21.37 21.35 21.32 21.32 21.33 21.33 21.34 21.35 21.35 21.36 21.36 21.37 21.37 21.38
21.59 21.59 21.59 21.59 21.59 21.59 21.59 21.59 21.59 21.58 21.59 21.60 21.62 21.63 21.63 21.64 21.66 21.68 21.70 21.73 21.76 21.78 21.79 21.78 21.76 21.74 21.72 21.71 21.70 21.69 21.68 21.68 21.67 21.66 21.66 21.66 21.66 21.64 21.65 21.65 21.66 21.68 21.70 21.71 21.71 21.70 21.68 21.67 21.65 21.64 21.62 21.58 21.57 21.56 21.54 21.53 21.52 21.50 21.48 21.46 21.45 21.43 21.40 21.38 21.36 21.34 21.33 21.34 21.34 21.35 21.35 21.36 21.36 21.37 21.37 21.38 21.36
21.59 21.58 21.58 21.58 21.58 21.58 21.58 21.58 21.58 21.57 21.57 21.58 21.59 21.61 21.62 21.62 21.64 21.66 21.68 21.70 21.72 21.74 21.74 21.74 21.73 21.71 21.70 21.69 21.68 21.67 21.66 21.66 21.65 21.64 21.64 21.64 21.64 21.63 21.63 21.63 21.64 21.66 21.67 21.68 21.68 21.67 21.66 21.65 21.64 21.62 21.62 21.58 21.57 21.56 21.55 21.53 21.52 21.51 21.49 21.47 21.46 21.44 21.42 21.40 21.38 21.36 21.35 21.35 21.35 21.36 21.36 21.36 21.37 21.37 21.38 21.37 21.37
21.58 21.58 21.57 21.57 21.57 21.57 21.57 21.57 21.57 21.56 21.56 21.56 21.57 21.58 21.59 21.60 21.61 21.63 21.64 21.66 21.68 21.69 21.70 21.70 21.69 21.68 21.67 21.66 21.65 21.64 21.64 21.63 21.63 21.62 21.62 21.62 21.62 21.62 21.61 21.61 21.62 21.63 21.64 21.64 21.65 21.64 21.64 21.63 21.62 21.61 21.58 21.57 21.56 21.56 21.55 21.54 21.53 21.52 21.50 21.49 21.47 21.45 21.43 21.41 21.40 21.38 21.37 21.37 21.37 21.37 21.37 21.37 21.38 21.39 21.37 21.37 21.37
21.57 21.57 21.57 21.56 21.56 21.56 21.56 21.55 21.55 21.54 21.54 21.54 21.55 21.55 21.56 21.58 21.58 21.59 21.61 21.62 21.64 21.65 21.66 21.66 21.65 21.65 21.64 21.63 21.63 21.62 21.62 21.61 21.60 21.60 21.60 21.59 21.60 21.60 21.58 21.59 21.59 21.60 21.61 21.61 21.61 21.61 21.61 21.61 21.60 21.60 21.57 21.57 21.56 21.56 21.55 21.54 21.54 21.53 21.52 21.50 21.49 21.47 21.45 21.43 21.42 21.40 21.39 21.39 21.38 21.38 21.38 21.38 21.39 21.38 21.38 21.38 21.38
21.57 21.56 21.56 21.55 21.55 21.55 21.54 21.54 21.54 21.52 21.52 21.52 21.52 21.53 21.53 21.54 21.55 21.56 21.57 21.58 21.60 21.61 21.61 21.62 21.62 21.61 21.61 21.60 21.60 21.60 21.59 21.58 21.58 21.57 21.57 21.57 21.57 21.57 21.57 21.57 21.56 21.57 21.58 21.58 21.58 21.58 21.58 21.58 21.58 21.58 21.56 21.56 21.56 21.56 21.55 21.55 21.55 21.54 21.53 21.52 21.50 21.49 21.47 21.45 21.44 21.42 21.41 21.40 21.40 21.40 21.39 21.40 21.39 21.39 21.39 21.39 21.39
21.56 21.55 21.55 21.54 21.54 21.54 21.53 21.53 21.52 21.52 21.50 21.50 21.50 21.50 21.50 21.50 21.51 21.51 21.53 21.54 21.56 21.57 21.58 21.58 21.58 21.58 21.57 21.57 21.57 21.56 21.56 21.55 21.55 21.54 21.54 21.54 21.54 21.54 21.55 21.55 21.55 21.55 21.54 21.55 21.55 21.55 21.55 21.54 21.54 21.54 21.55 21.55 21.55 21.56 21.56 21.56 21.56 21.55 21.55 21.54 21.53 21.51 21.49 21.47 21.46 21.44 21.43 21.42 21.41 21.41 21.40 21.40 21.40 21.40 21.40 21.40 21.40
21.55 21.55 21.54 21.54 21.53 21.52 21.52 21.51 21.51 21.50 21.49 21.48 21.48 21.47 21.47 21.47 21.47 21.48 21.48 21.50 21.51 21.52 21.54 21.54 21.54 21.54 21.54 21.54 21.54 21.53 21.53 21.52 21.52 21.51 21.51 21.51 21.51 21.51 21.51 21.53 21.52 21.52 21.51 21.52 21.52 21.52 21.53 21.51 21.53 21.54 21.54 21.54 21.55 21.56 21.56 21.57 21.57 21.57 21.57 21.56 21.55 21.53 21.52 21.49 21.47 21.46 21.44 21.43 21.43 21.41 21.41 21.41 21.41 21.41 21.41 21.41 21.41
21.55 21.54 21.53 21.53 21.52 21.51 21.51 21.50 21.49 21.48 21.47 21.46 21.45 21.45 21.44 21.44 21.44 21.44 21.45 21.46 21.47 21.49 21.50 21.50 21.50 21.51 21.51 21.51 21.50 21.50 21.50 21.49 21.49 21.49 21.48 21.48 21.49 21.49 21.49 21.50 21.50 21.48 21.47 21.48 21.49 21.49 21.49 21.50 21.51 21.52 21.53 21.54 21.55 21.56 21.57 21.58 21.58 21.58 21.59 21.58 21.57 21.56 21.54 21.52 21.49 21.47 21.46 21.45 21.43 21.43 21.43 21.43 21.42 21.42 21.42 21.42 21.42
21.55 21.54 21.53 21.52 21.51 21.51 21.50 21.49 21.48 21.47 21.46 21.44 21.43 21.42 21.41 21.40 21.40 21.40 21.41 21.42 21.43 21.44 21.46 21.47 21.47 21.47 21.47 21.47 21.47 21.47 21.47 21.47 21.47 21.46 21.46 21.45 21.46 21.46 21.46 21.46 21.47 21.46 21.46 21.45 21.45 21.45 21.46 21.48 21.49 21.51 21.52 21.53 21.54 21.56 21.57 21.58 21.59 21.60 21.61 21.61 21.60 21.59 21.56 21.54 21.51 21.49 21.47 21.45 21.45 21.44 21.44 21.44 21.44 21.43 21.43 21.43 21.42
21.54 21.53 21.53 21.52 21.51 21.50 21.49 21.48 21.47 21.46 21.44 21.42 21.41 21.40 21.39 21.37 21.36 21.36 21.38 21.39 21.40 21.41 21.42 21.43 21.44 21.44 21.44 21.44 21.44 21.44 21.44 21.44 21.44 21.44 21.43 21.43 21.43 21.44 21.43 21.43 21.44 21.44 21.43 21.42 21.42 21.42 21.44 21.46 21.48 21.50 21.51 21.52 21.54 21.56 21.58 21.59 21.60 21.62 21.63 21.63 21.63 21.61 21.59 21.56 21.53 21.50 21.47 21.46 21.46 21.46 21.46 21.45 21.45 21.44 21.44 21.44 21.43
21.54 21.53 21.52 21.52 21.51 21.50 21.48 21.47 21.46 21.45 21.43 21.41 21.40 21.38 21.36 21.35 21.33 21.33 21.35 21.36 21.37 21.38 21.39 21.40 21.41 21.41 21.41 21.41 21.41 21.41 21.41 21.41 21.41 21.41 21.41 21.40 21.41 21.41 21.41 21.41 21.41 21.41 21.40 21.39 21.38 21.40 21.42 21.44 21.47 21.49 21.51 21.52 21.53 21.55 21.58 21.60 21.61 21.63 21.64 21.66 21.67 21.64 21.61 21.58 21.53 21.50 21.48 21.48 21.48 21.47 21.47 21.47 21.46 21.45 21.45 21.44 21.44
21.54 21.53 21.52 21.51 21.50 21.49 21.48 21.47 21.45 21.44 21.42 21.40 21.38 21.37 21.35 21.33 21.32 21.32 21.33 21.34 21.35 21.36 21.37 21.37 21.37 21.38 21.38 21.39 21.38 21.39 21.39 21.38 21.39 21.38 21.38 21.38 21.38 21.38 21.39 21.38 21.39 21.39 21.38 21.37 21.38 21.40 21.41 21.43 21.45 21.48 21.50 21.52 21.53 21.55 21.58 21.60 21.62 21.64 21.65 21.66 21.67 21.65 21.63 21.59 21.56 21.53 21.51 21.51 21.50 21.49 21.48 21.48 21.47 21.46 21.45 21.45 21.44
21.54 21.53 21.52 21.51 21.50 21.49 21.48 21.47 21.45 21.44 21.42 21.40 21.38 21.36 21.34 21.33 21.32 21.31 21.32 21.32 21.33 21.34 21.34 21.35 21.35 21.35 21.35 21.35 21.36 21.36 21.36 21.36 21.36 21.36 21.37 21.36 21.36 21.37 21.36 21.36 21.37 21.37 21.36 21.36 21.37 21.39 21.40 21.42 21.44 21.47 21.49 21.51 21.52 21.56 21.58 21.60 21.62 21.64 21.66 21.67 21.66 21.65 21.64 21.61 21.59 21.57 21.55 21.53 21.52 21.51 21.50 21.49 21.48 21.46 21.45 21.45 21.44
21.54 21.53 21.52 21.51 21.50 21.49 21.48 21.47 21.45 21.43 21.42 21.40 21.38 21.36 21.34 21.33 21.32 21.31 21.31 21.31 21.32 21.33 21.33 21.33 21.33 21.33 21.33 21.33 21.33 21.33 21.34 21.34 21.34 21.35 21.35 21.35 21.35 21.35 21.35 21.35 21.35 21.35 21.35 21.36 21.37 21.38 21.40 21.42 21.44 21.46 21.48 21.51 21.54 21.56 21.58 21.60 21.62 21.65 21.66 21.66 21.67 21.67 21.65 21.64 21.62 21.60 21.58 21.56 21.54 21.52 21.51 21.50 21.48 21.47 21.46 21.44 21.43
21.55 21.54 21.53 21.52 21.51 21.49 21.48 21.47 21.45 21.44 21.42 21.40 21.37 21.36 21.34 21.33 21.31 21.31 21.30 21.31 21.31 21.31 21.32 21.31 21.32 21.32 21.31 21.31 21.31 21.31 21.32 21.32 21.33 21.33 21.33 21.34 21.33 21.33 21.33 21.34 21.34 21.34 21.34 21.35 21.36 21.38 21.39 21.41 21.44 21.45 21.48 21.50 21.53 21.56 21.58 21.61 21.63 21.65 21.66 21.68 21.68 21.68 21.68 21.67 21.65 21.63 21.60 21.58 21.56 21.54 21.52 21.50 21.49 21.47 21.46 21.44 21.43
21.56 21.54 21.53 21.52 21.51 21.50 21.49 21.47 21.46 21.44 21.42 21.40 21.38 21.36 21.34 21.33 21.31 21.31 21.30 21.30 21.30 21.30 21.30 21.31 21.30 21.30 21.30 21.30 21.30 21.29 21.29 21.30 21.31 21.32 21.32 21.31 21.31 21.31 21.31 21.33 21.33 21.33 21.34 21.35 21.36 21.37 21.39 21.41 21.43 21.45 21.48 21.50 21.53 21.55 21.58 21.61 21.64 21.64 21.67 21.69 21.70 21.71 21.71 21.69 21.67 21.65 21.63 21.60 21.58 21.56 21.53 21.51 21.49 21.47 21.45 21.44 21.42
21.56 21.55 21.54 21.53 21.52 21.51 21.49 21.48 21.46 21.45 21.43 21.41 21.39 21.37 21.34 21.33 21.31 21.30 21.30 21.30 21.30 21.29 21.29 21.30 21.29 21.29 21.29 21.28 21.28 21.28 21.28 21.29 21.30 21.30 21.31 21.30 21.30 21.30 21.31 21.32 21.33 21.32 21.33 21.34 21.35 21.37 21.38 21.40 21.42 21.45 21.47 21.50 21.52 21.55 21.58 21.61 21.64 21.65 21.68 21.71 21.72 21.73 21.73 21.72 21.70 21.68 21.65 21.63 21.60 21.57 21.54 21.52 21.49 21.47 21.45 21.43 21.41
21.56 21.55 21.54 21.54 21.53 21.52 21.50 21.49 21.47 21.46 21.44 21.42 21.40 21.37 21.35 21.33 21.31 21.30 21.30 21.29 21.29 21.29 21.29 21.29 21.29 21.28 21.28 21.27 21.26 21.27 21.27 21.28 21.29 21.29 21.29 21.29 21.30 21.30 21.31 21.32 21.32 21.33 21.33 21.34 21.35 21.36 21.38 21.40 21.42 21.44 21.47 21.49 21.51 21.54 21.57 21.61 21.63 21.67 21.70 21.73 21.76 21.76 21.76 21.75 21.73 21.70 21.68 21.65 21.61 21.58 21.55 21.53 21.49 21.47 21.44 21.42 21.41
21.57 21.56 21.55 21.54 21.53 21.53 21.52 21.50 21.49 21.47 21.45 21.43 21.40 21.38 21.36 21.33 21.31 21.30 21.30 21.30 21.29 21.29 21.29 21.29 21.29 21.28 21.27 21.26 21.26 21.26 21.27 21.27 21.27 21.28 21.28 21.29 21.30 21.30 21.31 21.32 21.32 21.33 21.33 21.34 21.34 21.36 21.38 21.40 21.42 21.44 21.46 21.48 21.51 21.53 21.56 21.59 21.64 21.69 21.73 21.76 21.78 21.79 21.79 21.78 21.76 21.73 21.70 21.66 21.63 21.59 21.56 21.53 21.50 21.47 21.44 21.42 21.40
21.58 21.57 21.56 21.56 21.55 21.54 21.52 21.51 21.50 21.48 21.46 21.44 21.42 21.39 21.37 21.34 21.32 21.31 21.30 21.30 21.30 21.29 21.29 21.29 21.28 21.28 21.27 21.26 21.26 21.27 21.27 21.27 21.27 21.27 21.27 21.28 21.30 21.31 21.31 21.32 21.33 21.33 21.33 21.33 21.34 21.36 21.38 21.40 21.42 21.44 21.46 21.48 21.49 21.52 21.54 21.59 21.64 21.69 21.75 21.79 21.82 21.83 21.82 21.80 21.78 21.75 21.72 21.68 21.64 21.61 21.57 21.53 21.50 21.46 21.43 21.41 21.38
21.59 21.58 21.58 21.57 21.57 21.56 21.54 21.53 21.52 21.50 21.48 21.46 21.44 21.41 21.39 21.36 21.33 21.31 21.31 21.31 21.31 21.30 21.30 21.29 21.29 21.29 21.28 21.26 21.27 21.27 21.28 21.27 21.27 21.27 21.28 21.29 21.30 21.31 21.32 21.33 21.34 21.34 21.34 21.33 21.34 21.36 21.38 21.40 21.41 21.45 21.46 21.47 21.49 21.51 21.53 21.58 21.63 21.70 21.76 21.82 21.86 21.86 21.84 21.82 21.79 21.77 21.73 21.69 21.65 21.61 21.57 21.53 21.50 21.46 21.43 21.40 21.37
21.60 21.60 21.60 21.59 21.59 21.58 21.57 21.56 21.54 21.52 21.51 21.49 21.46 21.44 21.41 21.38 21.35 21.33 21.33 21.33 21.33 21.32 21.31 21.32 21.31 21.31 21.30 21.28 21.29 21.29 21.29 21.29 21.29 21.28 21.30 21.31 21.32 21.33 21.33 21.35 21.35 21.35 21.34 21.33 21.34 21.37 21.39 21.41 21.43 21.45 21.47 21.48 21.50 21.51 21.52 21.56 21.63 21.70 21.77 21.84 21.91 21.88 21.85 21.83 21.80 21.78 21.74 21.70 21.66 21.61 21.57 21.53 21.50 21.46 21.43 21.39 21.36
21.63 21.63 21.62 21.62 21.61 21.60 21.59 21.58 21.57 21.55 21.53 21.51 21.49 21.47 21.44 21.41 21.39 21.38 21.37 21.37 21.37 21.36 21.36 21.35 21.35 21.34 21.33 21.33 21.32 21.32 21.32 21.32 21.32 21.32 21.33 21.34 21.35 21.36 21.36 21.37 21.37 21.37 21.36 21.37 21.37 21.39 21.41 21.43 21.44 21.46 21.48 21.50 21.51 21.52 21.55 21.58 21.64 21.70 21.76 21.82 21.87 21.86 21.84 21.82 21.79 21.77 21.74 21.70 21.66 21.62 21.58 21.54 21.50 21.47 21.43 21.40 21.37
21.66 21.66 21.65 21.65 21.64 21.63 21.62 21.61 21.60 21.58 21.56 21.55 21.52 21.50 21.48 21.46 21.44 21.43 21.42 21.41 21.41 21.41 21.40 21.40 21.39 21.39 21.38 21.38 21.37 21.37 21.36 21.36 21.36 21.37 21.37 21.37 21.38 21.39 21.39 21.39 21.40 21.40 21.40 21.40 21.41 21.43 21.44 21.45 21.47 21.49 21.50 21.51 21.53 21.54 21.57 21.60 21.65 21.70 21.75 21.79 21.82 21.83 21.81 21.80 21.78 21.76 21.73 21.69 21.65 21.62 21.58 21.54 21.51 21.47 21.44 21.42 21.39
21.70 21.69 21.68 21.68 21.67 21.66 21.65 21.64 21.63 21.61 21.60 21.58 21.56 21.54 21.52 21.51 21.49 21.48 21.47 21.47 21.46 21.46 21.46 21.45 21.45 21.44 21.44 21.43 21.42 21.43 21.42 21.42 21.41 21.42 21.42 21.41 21.42 21.42 21.42 21.43 21.43 21.44 21.44 21.45 21.46 21.47 21.48 21.48 21.50 21.51 21.52 21.53 21.54 21.57 21.59 21.62 21.65 21.69 21.73 21.76 21.78 21.78 21.78 21.78 21.76 21.74 21.71 21.69 21.66 21.62 21.59 21.55 21.52 21.49 21.46 21.43 21.41
21.73 21.72 21.71 21.71 21.70 21.69 21.68 21.67 21.66 21.64 21.63 21.62 21.60 21.59 21.57 21.55 21.55 21.53 21.52 21.52 21.52 21.52 21.51 21.52 21.51 21.51 21.49 21.50 21.49 21.48 21.48 21.47 21.46 21.46 21.47 21.46 21.46 21.46 21.47 21.47 21.48 21.49 21.49 21.50 21.50 21.51 21.51 21.51 21.52 21.54 21.54 21.55 21.56 21.59 21.60 21.63 21.65 21.69 21.71 21.74 21.75 21.74 21.76 21.75 21.74 21.72 21.70 21.68 21.65 21.62 21.59 21.56 21.53 21.50 21.48 21.45 21.43
21.76 21.75 21.75 21.74 21.73 21.72 21.72 21.70 21.69 21.68 21.67 21.65 21.64 21.63 21.61 21.60 21.59 21.58 21.57 21.58 21.58 21.58 21.58 21.58 21.57 21.57 21.56 21.54 21.55 21.54 21.53 21.52 21.52 21.51 21.51 21.51 21.50 21.51 21.51 21.51 21.53 21.53 21.53 21.54 21.55 21.55 21.55 21.55 21.56 21.56 21.57 21.57 21.59 21.60 21.62 21.63 21.66 21.68 21.70 21.72 21.72 21.72 21.73 21.72 21.71 21.70 21.68 21.67 21.65 21.62 21.60 21.56 21.55 21.52 21.49 21.47 21.44
21.80 21.79 21.78 21.78 21.77 21.76 21.75 21.74 21.73 21.72 21.71 21.69 21.68 21.67 21.66 21.65 21.64 21.64 21.63 21.63 21.64 21.64 21.64 21.64 21.64 21.64 21.63 21.63 21.61 21.60 21.59 21.58 21.57 21.56 21.55 21.55 21.55 21.55 21.55 21.56 21.56 21.58 21.59 21.59 21.59 21.60 21.59 21.60 21.59 21.59 21.59 21.59 21.61 21.61 21.63 21.64 21.66 21.67 21.69 21.70 21.71 21.72 21.70 21.70 21.69 21.68 21.67 21.66 21.64 21.62 21.60 21.58 21.56 21.53 21.51 21.48 21.47
21.83 21.83 21.82 21.81 21.80 21.79 21.78 21.77 21.76 21.75 21.74 21.73 21.72 21.71 21.70 21.69 21.69 21.69 21.69 21.69 21.70 21.70 21.71 21.71 21.71 21.70 21.71 21.68 21.67 21.66 21.64 21.62 21.61 21.60 21.60 21.59 21.59 21.59 21.60 21.60 21.61 21.62 21.63 21.64 21.64 21.64 21.64 21.63 21.63 21.62 21.61 21.61 21.62 21.64 21.64 21.65 21.65 21.66 21.67 21.68 21.68 21.70 21.68 21.68 21.67 21.67 21.66 21.65 21.64 21.63 21.61 21.60 21.58 21.55 21.52 21.50 21.48
21.87 21.86 21.86 21.84 21.83 21.82 21.81 21.80 21.79 21.79 21.78 21.77 21.76 21.75 21.74 21.74 21.74 21.74 21.75 21.75 21.76 21.77 21.77 21.77 21.77 21.78 21.77 21.75 21.74 21.72 21.70 21.67 21.65 21.64 21.64 21.63 21.63 21.63 21.64 21.65 21.66 21.67 21.69 21.69 21.69 21.68 21.67 21.67 21.65 21.64 21.64 21.64 21.65 21.64 21.64 21.65 21.65 21.65 21.66 21.66 21.66 21.67 21.67 21.66 21.65 21.65 21.64 21.64 21.64 21.63 21.63 21.61 21.59 21.56 21.54 21.52 21.50
21.90 21.90 21.89 21.87 21.86 21.85 21.84 21.83 21.82 21.82 21.81 21.81 21.80 21.79 21.79 21.78 21.78 21.78 21.79 21.81 21.81 21.83 21.84 21.84 21.84 21.84 21.83 21.82 21.80 21.77 21.74 21.72 21.70 21.68 21.67 21.67 21.67 21.67 21.68 21.69 21.70 21.72 21.73 21.74 21.74 21.73 21.71 21.70 21.69 21.67 21.66 21.65 21.65 21.65 21.65 21.65 21.65 21.65 21.65 21.65 21.65 21.65 21.65 21.65 21.64 21.63 21.63 21.64 21.64 21.64 21.64 21.63 21.61 21.59 21.56 21.53 21.50
21.94 21.93 21.92 21.90 21.89 21.88 21.86 21.85 21.85 21.85 21.85 21.85 21.84 21.83 21.82 21.82 21.81 21.82 21.83 21.85 21.87 21.89 21.90 21.90 21.90 21.90 21.89 21.88 21.86 21.83 21.79 21.76 21.73 21.71 21.71 21.71 21.70 21.71 21.72 21.72 21.73 21.76 21.78 21.79 21.79 21.77 21.74 21.73 21.72 21.69 21.68 21.67 21.66 21.66 21.65 21.65 21.64 21.64 21.64 21.64 21.63 21.64 21.64 21.64 21.63 21.62 21.63 21.64 21.65 21.66 21.66 21.65 21.64 21.61 21.57 21.54 21.51
21.98 21.96 21.94 21.92 21.91 21.90 21.89 21.88 21.87 21.87 21.87 21.88 21.86 21.86 21.85 21.85 21.85 21.86 21.87 21.89 21.91 21.94 21.96 21.95 21.95 21.94 21.94 21.95 21.91 21.87 21.84 21.80 21.77 21.74 21.74 21.74 21.74 21.74 21.75 21.76 21.77 21.79 21.81 21.83 21.84 21.81 21.78 21.76 21.73 21.72 21.70 21.68 21.67 21.66 21.65 21.65 21.65 21.64 21.64 21.63 21.62 21.64 21.64 21.64 21.63 21.62 21.62 21.64 21.66 21.67 21.68 21.69 21.66 21.63 21.59 21.56 21.52
