data/SP espacial/T22022017.grd
DSAA
132	56
0.0000	120.0000
0.0000	50.0000
27.5360	29.1724
[rows 0 to 33 of 56, columns 0 to 76 of 132]
28.60 28.63 28.64 28.64 28.64 28.64 28.63 28.62 28.61 28.59 28.58 28.54 28.52 28.50 28.48 28.45 28.42 28.39 28.35 28.31 28.27 28.22 28.18 28.24 28.29 28.33 28.37 28.40 28.43 28.45 28.46 28.47 28.47 28.48 28.47 28.46 28.45 28.42 28.40 28.37 28.35 28.33 28.30 28.27 28.26 28.29 28.33 28.36 28.39 28.41 28.43 28.44 28.47 28.48 28.48 28.49 28.48 28.45 28.43 28.41 28.39 28.36 28.33 28.30 28.26 28.23 28.21 28.20 28.20 28.19 28.18 28.18 28.18 28.17 28.17 28.17 28.17
28.66 28.66 28.67 28.67 28.66 28.66 28.65 28.64 28.63 28.61 28.59 28.58 28.54 28.52 28.50 28.47 28.45 28.41 28.38 28.34 28.31 28.27 28.26 28.29 28.33 28.38 28.41 28.44 28.46 28.48 28.49 28.50 28.50 28.50 28.50 28.49 28.47 28.44 28.43 28.40 28.38 28.36 28.33 28.31 28.31 28.33 28.36 28.39 28.42 28.44 28.45 28.48 28.50 28.50 28.51 28.51 28.51 28.47 28.46 28.43 28.41 28.37 28.34 28.30 28.27 28.24 28.22 28.20 28.19 28.18 28.17 28.17 28.16 28.16 28.16 28.16 28.17
28.71 28.70 28.70 28.70 28.69 28.69 28.68 28.66 28.65 28.63 28.61 28.60 28.57 28.54 28.52 28.50 28.47 28.45 28.42 28.39 28.36 28.35 28.34 28.36 28.40 28.43 28.46 28.49 28.51 28.52 28.53 28.54 28.54 28.53 28.53 28.51 28.50 28.47 28.46 28.43 28.41 28.39 28.38 28.36 28.36 28.38 28.40 28.43 28.45 28.47 28.49 28.51 28.53 28.53 28.54 28.54 28.53 28.50 28.48 28.46 28.43 28.39 28.35 28.32 28.28 28.25 28.22 28.20 28.18 28.17 28.16 28.16 28.15 28.15 28.15 28.16 28.16
28.75 28.74 28.74 28.73 28.72 28.71 28.70 28.69 28.67 28.65 28.64 28.62 28.60 28.58 28.55 28.53 28.51 28.49 28.47 28.45 28.43 28.42 28.43 28.44 28.47 28.50 28.52 28.54 28.56 28.57 28.59 28.58 28.57 28.57 28.56 28.54 28.53 28.51 28.49 28.47 28.45 28.44 28.42 28.42 28.42 28.43 28.45 28.47 28.49 28.51 28.53 28.55 28.56 28.57 28.57 28.57 28.56 28.54 28.51 28.49 28.45 28.41 28.37 28.33 28.29 28.26 28.23 28.20 28.18 28.17 28.15 28.15 28.14 28.14 28.15 28.14 28.14
28.79 28.79 28.78 28.77 28.76 28.75 28.73 28.72 28.70 28.68 28.66 28.64 28.62 28.60 28.58 28.56 28.54 28.53 28.51 28.50 28.50 28.50 28.51 28.52 28.54 28.57 28.59 28.61 28.62 28.63 28.63 28.63 28.62 28.60 28.59 28.58 28.56 28.55 28.52 28.50 28.49 28.48 28.47 28.47 28.47 28.48 28.50 28.51 28.53 28.55 28.57 28.59 28.60 28.61 28.61 28.61 28.60 28.58 28.56 28.52 28.48 28.44 28.39 28.35 28.30 28.26 28.23 28.20 28.18 28.16 28.14 28.13 28.13 28.13 28.13 28.13 28.13
28.84 28.83 28.82 28.81 28.79 28.78 28.76 28.74 28.73 28.70 28.68 28.67 28.65 28.63 28.61 28.60 28.58 28.57 28.56 28.56 28.57 28.57 28.59 28.60 28.62 28.64 28.66 28.67 28.69 28.69 28.68 28.67 28.66 28.64 28.63 28.61 28.59 28.58 28.57 28.55 28.53 28.53 28.52 28.52 28.53 28.53 28.55 28.56 28.58 28.59 28.62 28.63 28.64 28.65 28.65 28.65 28.64 28.62 28.60 28.56 28.52 28.47 28.42 28.37 28.31 28.27 28.23 28.20 28.17 28.15 28.14 28.13 28.13 28.12 28.12 28.12 28.12
28.88 28.88 28.86 28.85 28.83 28.81 28.79 28.77 28.75 28.73 28.71 28.69 28.67 28.65 28.64 28.63 28.62 28.62 28.61 28.62 28.63 28.64 28.66 28.68 28.70 28.72 28.74 28.75 28.75 28.75 28.74 28.72 28.70 28.68 28.66 28.64 28.63 28.61 28.60 28.58 28.58 28.57 28.57 28.57 28.58 28.58 28.59 28.61 28.63 28.64 28.66 28.67 28.69 28.70 28.70 28.70 28.69 28.67 28.64 28.61 28.56 28.50 28.44 28.38 28.32 28.27 28.23 28.19 28.16 28.14 28.13 28.12 28.12 28.11 28.11 28.11 28.11
28.93 28.92 28.91 28.89 28.87 28.84 28.82 28.80 28.78 28.76 28.73 28.71 28.70 28.68 28.66 28.65 28.65 28.65 28.66 28.67 28.69 28.71 28.73 28.76 28.78 28.80 28.81 28.82 28.82 28.81 28.79 28.77 28.74 28.72 28.70 28.67 28.66 28.64 28.63 28.62 28.61 28.61 28.61 28.61 28.62 28.63 28.64 28.66 28.67 28.68 28.70 28.72 28.73 28.74 28.75 28.75 28.74 28.72 28.69 28.65 28.60 28.54 28.47 28.40 28.33 28.27 28.22 28.18 28.15 28.14 28.12 28.11 28.11 28.11 28.10 28.11 28.11
28.98 28.97 28.95 28.93 28.90 28.88 28.85 28.83 28.80 28.78 28.76 28.74 28.72 28.70 28.69 28.68 28.68 28.68 28.70 28.72 28.75 28.77 28.80 28.83 28.85 28.87 28.89 28.90 28.89 28.87 28.84 28.81 28.78 28.75 28.72 28.70 28.69 28.67 28.66 28.65 28.65 28.65 28.65 28.66 28.67 28.67 28.69 28.70 28.71 28.72 28.74 28.76 28.78 28.79 28.80 28.80 28.79 28.77 28.74 28.71 28.65 28.59 28.51 28.42 28.34 28.27 28.21 28.17 28.15 28.13 28.12 28.11 28.10 28.10 28.10 28.10 28.11
29.04 29.02 29.00 28.97 28.93 28.90 28.87 28.85 28.82 28.80 28.78 28.76 28.74 28.72 28.71 28.70 28.70 28.71 28.73 28.76 28.79 28.83 28.86 28.89 28.92 28.94 28.96 28.97 28.96 28.93 28.89 28.85 28.81 28.77 28.75 28.73 28.71 28.70 28.69 28.68 28.68 28.68 28.69 28.70 28.71 28.72 28.72 28.73 28.75 28.76 28.78 28.80 28.82 28.84 28.85 28.86 28.85 28.83 28.80 28.76 28.71 28.63 28.54 28.44 28.34 28.26 28.20 28.16 28.14 28.12 28.11 28.10 28.10 28.10 28.10 28.10 28.11
29.09 29.07 29.03 29.00 28.96 28.93 28.90 28.87 28.84 28.82 28.80 28.78 28.76 28.74 28.72 28.71 28.71 28.72 28.75 28.79 28.83 28.88 28.92 28.94 28.97 28.99 29.03 29.05 29.03 28.98 28.92 28.87 28.83 28.79 28.76 28.74 28.73 28.71 28.71 28.70 28.70 28.71 28.72 28.74 28.75 28.75 28.76 28.76 28.78 28.79 28.81 28.84 28.86 28.88 28.91 28.91 28.90 28.87 28.85 28.82 28.77 28.68 28.57 28.46 28.34 28.24 28.18 28.16 28.14 28.13 28.12 28.11 28.11 28.12 28.12 28.12 28.11
29.15 29.10 29.05 29.01 28.98 28.94 28.91 28.88 28.86 28.83 28.81 28.79 28.77 28.75 28.74 28.73 28.72 28.73 28.77 28.80 28.85 28.91 28.96 28.97 28.99 29.02 29.06 29.11 29.07 29.00 28.94 28.89 28.84 28.80 28.78 28.76 28.74 28.73 28.72 28.72 28.72 28.73 28.74 28.76 28.78 28.78 28.78 28.79 28.80 28.82 28.84 28.86 28.89 28.92 28.95 28.96 28.93 28.91 28.89 28.87 28.84 28.73 28.61 28.48 28.36 28.24 28.17 28.17 28.16 28.15 28.14 28.12 28.13 28.14 28.14 28.14 28.13
29.12 29.09 29.06 29.02 28.98 28.95 28.92 28.89 28.87 28.85 28.82 28.80 28.79 28.77 28.75 28.74 28.74 28.75 28.78 28.81 28.85 28.90 28.94 28.96 28.99 29.01 29.05 29.07 29.05 29.00 28.94 28.89 28.85 28.81 28.79 28.76 28.75 28.74 28.73 28.73 28.73 28.74 28.75 28.77 28.78 28.79 28.79 28.80 28.82 28.84 28.86 28.88 28.91 28.93 28.96 28.96 28.95 28.93 28.90 28.88 28.83 28.74 28.63 28.52 28.40 28.30 28.24 28.21 28.20 28.19 28.18 28.17 28.18 28.18 28.19 28.19 28.19
29.09 29.07 29.05 29.02 28.98 28.95 28.93 28.90 28.88 28.85 28.83 28.81 28.79 28.78 28.76 28.75 28.75 28.76 28.78 28.81 28.84 28.87 28.90 28.93 28.96 28.98 29.00 29.01 29.00 28.97 28.93 28.89 28.85 28.82 28.79 28.77 28.75 28.74 28.74 28.73 28.73 28.74 28.75 28.76 28.77 28.78 28.79 28.81 28.83 28.85 28.87 28.89 28.92 28.94 28.96 28.96 28.95 28.93 28.91 28.87 28.82 28.74 28.65 28.55 28.46 28.37 28.31 28.28 28.26 28.25 28.24 28.23 28.24 28.24 28.25 28.25 28.26
29.06 29.05 29.03 29.01 28.98 28.95 28.93 28.90 28.88 28.86 28.84 28.82 28.80 28.79 28.77 28.76 28.76 28.76 28.77 28.79 28.81 28.83 28.86 28.89 28.91 28.93 28.95 28.95 28.95 28.93 28.90 28.87 28.84 28.81 28.79 28.77 28.75 28.74 28.73 28.73 28.73 28.73 28.74 28.75 28.76 28.78 28.79 28.81 28.83 28.85 28.87 28.90 28.92 28.94 28.96 28.96 28.95 28.93 28.91 28.87 28.82 28.75 28.67 28.59 28.51 28.44 28.39 28.35 28.33 28.31 28.30 28.30 28.30 28.31 28.31 28.32 28.33
29.03 29.02 29.01 28.99 28.97 28.95 28.92 28.90 28.88 28.86 28.84 28.82 28.81 28.79 28.78 28.77 28.76 28.76 28.76 28.76 28.78 28.79 28.81 28.83 28.85 28.87 28.89 28.90 28.90 28.89 28.87 28.85 28.83 28.80 28.78 28.76 28.75 28.74 28.73 28.72 28.72 28.72 28.73 28.74 28.75 28.76 28.78 28.80 28.82 28.85 28.88 28.90 28.92 28.94 28.95 28.96 28.95 28.93 28.90 28.87 28.82 28.76 28.70 28.63 28.56 28.50 28.46 28.42 28.40 28.38 28.37 28.37 28.37 28.37 28.39 28.40 28.40
29.01 29.00 28.99 28.97 28.96 28.94 28.92 28.90 28.88 28.86 28.84 28.82 28.81 28.79 28.78 28.77 28.76 28.75 28.74 28.74 28.74 28.75 28.76 28.78 28.80 28.82 28.83 28.85 28.85 28.85 28.84 28.82 28.81 28.79 28.77 28.75 28.73 28.72 28.71 28.71 28.71 28.71 28.71 28.72 28.73 28.75 28.77 28.79 28.82 28.84 28.87 28.90 28.92 28.94 28.96 28.96 28.95 28.93 28.91 28.87 28.83 28.78 28.73 28.67 28.61 28.56 28.52 28.49 28.46 28.45 28.44 28.43 28.44 28.45 28.46 28.47 28.48
28.99 28.98 28.97 28.96 28.94 28.93 28.91 28.89 28.87 28.86 28.84 28.82 28.81 28.79 28.78 28.77 28.75 28.74 28.72 28.70 28.70 28.69 28.70 28.71 28.74 28.76 28.78 28.80 28.81 28.81 28.81 28.80 28.79 28.77 28.76 28.73 28.72 28.71 28.70 28.69 28.69 28.69 28.69 28.70 28.71 28.73 28.75 28.78 28.81 28.84 28.87 28.90 28.92 28.94 28.96 28.96 28.96 28.94 28.91 28.88 28.84 28.80 28.76 28.71 28.66 28.62 28.58 28.55 28.53 28.51 28.50 28.50 28.51 28.52 28.54 28.55 28.57
28.97 28.97 28.96 28.94 28.93 28.91 28.90 28.88 28.87 28.85 28.84 28.82 28.81 28.79 28.78 28.76 28.73 28.70 28.69 28.67 28.65 28.63 28.64 28.65 28.67 28.70 28.73 28.74 28.76 28.78 28.78 28.77 28.77 28.76 28.74 28.72 28.71 28.70 28.69 28.68 28.67 28.67 28.67 28.67 28.68 28.70 28.73 28.76 28.79 28.83 28.86 28.89 28.93 28.95 28.97 28.97 28.96 28.95 28.92 28.89 28.85 28.82 28.79 28.75 28.71 28.67 28.64 28.61 28.59 28.57 28.56 28.56 28.57 28.59 28.61 28.63 28.65
28.96 28.95 28.94 28.93 28.91 28.90 28.89 28.87 28.86 28.85 28.83 28.82 28.80 28.78 28.77 28.75 28.73 28.70 28.67 28.63 28.60 28.57 28.56 28.58 28.61 28.65 28.69 28.71 28.73 28.74 28.75 28.75 28.74 28.73 28.72 28.71 28.70 28.68 28.67 28.66 28.65 28.64 28.64 28.64 28.65 28.67 28.70 28.74 28.78 28.81 28.85 28.89 28.93 28.96 28.98 28.99 28.98 28.96 28.93 28.90 28.87 28.84 28.82 28.79 28.76 28.73 28.70 28.67 28.65 28.63 28.61 28.62 28.63 28.65 28.68 28.71 28.74
28.94 28.93 28.92 28.91 28.90 28.89 28.87 28.86 28.85 28.83 28.82 28.81 28.80 28.78 28.77 28.76 28.73 28.70 28.65 28.59 28.54 28.50 28.49 28.51 28.55 28.60 28.64 28.68 28.71 28.73 28.73 28.73 28.73 28.72 28.71 28.70 28.69 28.67 28.66 28.64 28.63 28.62 28.61 28.61 28.62 28.64 28.68 28.72 28.76 28.80 28.85 28.89 28.93 28.97 28.99 29.00 28.99 28.97 28.95 28.92 28.89 28.86 28.84 28.82 28.80 28.78 28.76 28.73 28.70 28.68 28.66 28.67 28.69 28.72 28.76 28.80 28.83
28.92 28.91 28.91 28.90 28.89 28.88 28.86 28.85 28.84 28.83 28.81 28.80 28.79 28.78 28.78 28.77 28.75 28.70 28.64 28.56 28.49 28.43 28.40 28.44 28.50 28.57 28.62 28.67 28.70 28.72 28.73 28.72 28.72 28.71 28.70 28.69 28.68 28.66 28.64 28.63 28.61 28.59 28.58 28.57 28.58 28.61 28.65 28.69 28.74 28.79 28.83 28.88 28.93 28.98 29.01 29.03 29.01 28.99 28.96 28.93 28.90 28.89 28.87 28.86 28.85 28.83 28.81 28.78 28.75 28.73 28.71 28.71 28.73 28.78 28.83 28.88 28.93
28.90 28.90 28.89 28.88 28.87 28.86 28.85 28.84 28.83 28.82 28.81 28.80 28.79 28.78 28.77 28.77 28.76 28.71 28.63 28.55 28.47 28.38 28.32 28.40 28.48 28.55 28.62 28.67 28.70 28.72 28.72 28.72 28.72 28.70 28.70 28.69 28.67 28.65 28.63 28.61 28.59 28.57 28.55 28.54 28.54 28.58 28.62 28.67 28.72 28.77 28.82 28.87 28.92 28.98 29.03 29.05 29.03 29.00 28.97 28.95 28.92 28.91 28.90 28.89 28.89 28.88 28.86 28.83 28.80 28.77 28.75 28.74 28.78 28.83 28.89 28.95 29.01
28.90 28.89 28.88 28.87 28.86 28.85 28.84 28.83 28.82 28.81 28.80 28.79 28.78 28.77 28.76 28.75 28.73 28.69 28.62 28.55 28.48 28.41 28.38 28.43 28.49 28.56 28.62 28.67 28.70 28.72 28.73 28.73 28.72 28.71 28.70 28.69 28.67 28.65 28.63 28.60 28.58 28.56 28.54 28.53 28.54 28.57 28.61 28.65 28.70 28.75 28.80 28.86 28.91 28.96 29.01 29.03 29.02 29.00 28.98 28.96 28.95 28.94 28.93 28.93 28.92 28.92 28.90 28.87 28.85 28.83 28.81 28.81 28.84 28.88 28.93 28.98 29.03
28.89 28.88 28.87 28.86 28.85 28.84 28.83 28.82 28.81 28.80 28.78 28.77 28.76 28.76 28.75 28.73 28.71 28.67 28.62 28.56 28.50 28.46 28.45 28.47 28.53 28.58 28.64 28.68 28.71 28.73 28.74 28.74 28.74 28.73 28.71 28.69 28.67 28.65 28.62 28.59 28.57 28.55 28.53 28.52 28.53 28.55 28.59 28.63 28.68 28.73 28.78 28.84 28.89 28.94 28.98 29.00 29.01 29.00 28.99 28.98 28.97 28.97 28.96 28.96 28.96 28.95 28.94 28.92 28.90 28.88 28.87 28.88 28.90 28.93 28.97 29.01 29.04
28.89 28.88 28.87 28.86 28.85 28.83 28.82 28.81 28.80 28.78 28.77 28.76 28.75 28.74 28.73 28.71 28.69 28.66 28.62 28.57 28.54 28.51 28.51 28.53 28.57 28.62 28.66 28.71 28.74 28.75 28.76 28.76 28.76 28.74 28.73 28.70 28.68 28.65 28.62 28.59 28.56 28.54 28.52 28.51 28.52 28.54 28.57 28.61 28.66 28.71 28.76 28.82 28.87 28.91 28.95 28.98 29.00 29.00 29.00 29.00 29.00 28.99 28.99 28.99 28.99 28.98 28.97 28.96 28.95 28.94 28.93 28.93 28.95 28.98 29.01 29.03 29.05
28.88 28.87 28.86 28.85 28.84 28.83 28.81 28.80 28.78 28.77 28.76 28.75 28.73 28.72 28.71 28.70 28.68 28.65 28.62 28.59 28.57 28.56 28.56 28.58 28.61 28.65 28.70 28.73 28.76 28.78 28.79 28.79 28.78 28.77 28.75 28.72 28.69 28.65 28.62 28.58 28.55 28.53 28.51 28.50 28.50 28.52 28.55 28.59 28.64 28.69 28.74 28.79 28.84 28.89 28.93 28.96 28.99 29.00 29.01 29.01 29.02 29.02 29.02 29.02 29.02 29.01 29.01 29.00 28.99 28.99 28.98 28.99 29.00 29.02 29.03 29.05 29.06
28.88 28.87 28.86 28.85 28.83 28.82 28.80 28.79 28.77 28.76 28.74 28.73 28.72 28.71 28.70 28.68 28.67 28.65 28.63 28.61 28.60 28.60 28.61 28.63 28.66 28.70 28.74 28.77 28.80 28.82 28.82 28.82 28.81 28.80 28.77 28.74 28.70 28.66 28.62 28.58 28.54 28.51 28.49 28.48 28.48 28.50 28.53 28.57 28.61 28.66 28.72 28.77 28.82 28.87 28.91 28.95 28.98 29.00 29.02 29.03 29.04 29.04 29.05 29.05 29.05 29.05 29.04 29.04 29.03 29.03 29.03 29.03 29.04 29.05 29.06 29.07 29.07
28.87 28.87 28.86 28.84 28.83 28.81 28.80 28.78 28.76 28.74 28.73 28.71 28.70 28.69 28.68 28.67 28.67 28.65 28.64 28.63 28.63 28.63 28.65 28.67 28.70 28.74 28.79 28.82 28.85 28.86 28.87 28.86 28.85 28.83 28.80 28.76 28.71 28.67 28.62 28.57 28.53 28.50 28.47 28.45 28.45 28.47 28.50 28.54 28.59 28.64 28.70 28.75 28.80 28.85 28.90 28.94 28.98 29.01 29.03 29.05 29.05 29.07 29.08 29.08 29.08 29.08 29.08 29.07 29.07 29.07 29.07 29.06 29.07 29.08 29.08 29.08 29.08
28.87 28.86 28.86 28.84 28.83 28.81 28.79 28.77 28.75 28.73 28.71 28.70 28.69 28.68 28.68 28.67 28.67 28.66 28.65 28.65 28.65 28.66 28.68 28.71 28.75 28.79 28.84 28.87 28.90 28.91 28.92 28.91 28.89 28.86 28.83 28.78 28.73 28.68 28.62 28.57 28.52 28.47 28.44 28.42 28.42 28.43 28.47 28.51 28.57 28.62 28.68 28.73 28.79 28.84 28.89 28.93 28.97 29.01 29.03 29.06 29.07 29.09 29.10 29.10 29.10 29.10 29.11 29.11 29.10 29.10 29.10 29.09 29.10 29.10 29.10 29.09 29.09
28.88 28.87 28.86 28.84 28.83 28.81 28.79 28.76 28.74 28.72 28.70 28.68 28.68 28.67 28.67 28.67 28.67 28.67 28.66 28.66 28.67 28.68 28.71 28.74 28.79 28.84 28.89 28.94 28.96 28.97 28.97 28.96 28.94 28.91 28.86 28.81 28.75 28.69 28.63 28.57 28.51 28.45 28.41 28.38 28.37 28.40 28.44 28.49 28.54 28.60 28.66 28.72 28.78 28.83 28.88 28.93 28.97 29.01 29.05 29.08 29.10 29.11 29.12 29.13 29.13 29.13 29.13 29.13 29.13 29.12 29.12 29.11 29.12 29.11 29.11 29.10 29.10
28.88 28.87 28.86 28.85 28.83 28.81 28.79 28.76 28.73 28.71 28.68 28.67 28.66 28.66 28.67 28.67 28.67 28.67 28.68 28.68 28.68 28.70 28.73 28.77 28.83 28.89 28.95 29.00 29.02 29.03 29.02 29.01 28.99 28.95 28.90 28.84 28.77 28.70 28.63 28.57 28.50 28.43 28.37 28.33 28.32 28.35 28.40 28.46 28.53 28.59 28.65 28.71 28.77 28.82 28.88 28.93 28.97 29.02 29.06 29.09 29.12 29.14 29.14 29.15 29.15 29.16 29.15 29.15 29.14 29.14 29.14 29.13 29.13 29.12 29.11 29.11 29.10
28.89 28.88 28.87 28.85 28.84 28.82 28.79 28.76 28.73 28.70 28.67 28.65 28.65 28.66 28.67 28.68 28.68 28.69 28.69 28.70 28.70 28.71 28.74 28.80 28.86 28.93 29.00 29.06 29.08 29.08 29.07 29.05 29.04 29.00 28.94 28.86 28.79 28.72 28.64 28.57 28.49 28.42 28.34 28.28 28.27 28.31 28.38 28.45 28.52 28.58 28.65 28.71 28.76 28.82 28.87 28.92 28.97 29.02 29.07 29.11 29.14 29.15 29.16 29.16 29.16 29.17 29.17 29.16 29.15 29.15 29.15 29.15 29.14 29.12 29.11 29.10 29.10
28.90 28.89 28.88 28.87 28.85 28.83 28.80 28.78 28.74 28.71 28.67 28.64 28.65 28.67 28.68 28.69 28.70 28.70 28.71 28.72 28.72 28.73 28.75 28.82 28.89 28.97 29.04 29.12 29.13 29.11 29.09 29.08 29.07 29.04 28.96 28.88 28.80 28.73 28.65 28.58 28.50 28.42 28.34 28.25 28.22 28.30 28.38 28.45 28.52 28.58 28.65 28.71 28.76 28.82 28.87 28.92 28.97 29.02 29.06 29.11 29.16 29.16 29.16 29.16 29.16 29.17 29.17 29.15 29.15 29.15 29.15 29.17 29.14 29.11 29.10 29.09 29.09
