data/SP espacial/U03032017.grd
DSAA
132	56
0.0000	120.0000
0.0000	50.0000
14.1406	25.7689
[rows 0 to 33 of 56, columns 0 to 76 of 132]
22.00 20.66 20.60 20.51 20.39 20.24 20.07 19.84 19.65 19.54 19.37 19.38 19.26 19.06 19.00 18.98 18.99 19.03 19.08 19.15 19.22 19.28 19.39 19.43 19.45 19.45 19.44 19.42 19.39 19.38 19.39 19.43 19.27 19.36 19.50 19.68 19.89 20.32 20.57 20.87 21.10 21.22 21.38 21.50 21.82 21.81 21.75 21.60 21.43 21.21 20.90 20.63 20.38 20.12 19.87 19.27 19.09 19.27 19.19 19.16 19.20 19.47 19.60 19.77 19.97 20.19 20.61 20.86 21.12 21.39 21.65 21.90 22.15 22.40 22.66 22.59 22.85
20.59 20.56 20.50 20.41 20.28 20.12 19.95 19.76 19.51 19.39 19.22 19.07 19.07 18.97 18.80 18.79 18.80 18.84 18.91 18.99 19.07 19.14 19.26 19.30 19.33 19.33 19.32 19.30 19.26 19.25 19.25 19.08 19.14 19.23 19.38 19.56 19.79 20.22 20.47 20.79 21.04 21.18 21.36 21.48 21.79 21.79 21.72 21.57 21.39 21.16 20.84 20.59 20.30 20.02 19.76 19.18 19.01 19.15 19.08 19.08 19.13 19.42 19.58 19.78 20.01 20.27 20.71 20.99 21.27 21.55 21.82 22.08 22.33 22.57 22.50 22.73 22.91
20.44 20.42 20.35 20.25 20.12 19.96 19.78 19.58 19.33 19.19 19.01 18.86 18.73 18.74 18.70 18.56 18.58 18.63 18.71 18.79 18.89 18.98 19.09 19.15 19.18 19.19 19.18 19.15 19.12 19.09 19.09 18.93 18.98 19.08 19.22 19.41 19.64 20.07 20.34 20.67 20.93 21.10 21.29 21.42 21.71 21.72 21.65 21.50 21.31 21.07 20.75 20.48 20.18 19.89 19.63 19.07 18.89 19.02 18.96 18.98 19.06 19.35 19.55 19.79 20.06 20.36 20.81 21.12 21.43 21.72 22.00 22.26 22.50 22.73 22.65 22.81 23.02
20.25 20.21 20.15 20.04 19.91 19.74 19.55 19.35 19.15 18.95 18.77 18.61 18.48 18.39 18.43 18.30 18.33 18.39 18.48 18.58 18.69 18.79 18.91 18.98 19.02 19.03 19.02 18.99 18.95 18.92 18.71 18.63 18.81 18.90 19.04 19.23 19.47 19.74 20.18 20.52 20.79 20.97 21.18 21.32 21.60 21.61 21.55 21.39 21.20 20.95 20.64 20.34 20.03 19.73 19.46 18.92 18.75 18.65 18.82 18.86 18.97 19.28 19.51 19.79 20.10 20.43 20.91 21.25 21.58 21.89 22.17 22.43 22.66 22.80 22.74 22.92 23.09
20.00 19.96 19.89 19.78 19.64 19.47 19.28 19.08 18.87 18.68 18.49 18.33 18.20 18.11 18.07 18.14 18.06 18.13 18.23 18.35 18.47 18.59 18.72 18.80 18.84 18.86 18.85 18.82 18.77 18.56 18.53 18.45 18.49 18.70 18.84 19.03 19.27 19.55 19.98 20.33 20.61 20.81 21.03 21.18 21.46 21.47 21.40 21.25 21.05 20.79 20.48 20.16 19.84 19.54 19.27 18.72 18.58 18.50 18.49 18.72 18.86 19.19 19.46 19.78 20.13 20.50 20.99 21.36 21.71 22.03 22.32 22.57 22.73 22.70 22.85 22.98 23.12
19.71 19.66 19.59 19.48 19.33 19.16 18.97 18.77 18.56 18.36 18.17 18.01 17.88 17.80 17.76 17.77 17.88 17.85 17.97 18.10 18.24 18.38 18.52 18.61 18.67 18.69 18.68 18.65 18.44 18.39 18.35 18.27 18.30 18.50 18.63 18.82 19.06 19.34 19.64 20.01 20.41 20.62 20.95 21.12 21.19 21.21 21.23 21.07 20.87 20.60 20.28 19.96 19.63 19.32 19.05 18.52 18.40 18.32 18.33 18.43 18.85 19.09 19.40 19.76 20.15 20.56 21.07 21.46 21.83 22.16 22.45 22.64 22.65 22.79 22.91 23.01 23.10
19.37 19.32 19.24 19.13 18.98 18.81 18.62 18.41 18.21 18.00 17.82 17.66 17.54 17.46 17.43 17.45 17.52 17.67 17.71 17.86 18.02 18.17 18.30 18.43 18.49 18.52 18.52 18.37 18.29 18.23 18.18 18.10 18.12 18.19 18.42 18.60 18.84 19.11 19.35 19.84 20.14 20.41 20.74 20.91 20.98 21.00 20.94 20.85 20.64 20.41 20.06 19.73 19.40 19.08 18.81 18.33 18.18 18.12 18.15 18.28 18.59 18.93 19.32 19.72 20.14 20.59 21.11 21.53 21.91 22.25 22.48 22.57 22.73 22.84 22.93 22.98 23.03
19.00 18.94 18.85 18.74 18.59 18.42 18.23 18.03 17.82 17.63 17.45 17.30 17.18 17.11 17.09 17.13 17.21 17.25 17.52 17.62 17.80 17.97 18.12 18.25 18.33 18.29 18.28 18.24 18.14 18.09 18.03 17.94 17.95 18.01 18.13 18.39 18.62 18.74 19.05 19.52 19.91 20.18 20.50 20.66 20.75 20.77 20.70 20.61 20.38 20.11 19.84 19.47 19.14 18.82 18.54 18.09 17.95 17.91 17.96 18.10 18.43 18.76 19.19 19.66 20.12 20.64 21.10 21.57 21.96 22.25 22.52 22.62 22.76 22.84 22.89 22.91 22.91
18.60 18.53 18.44 18.32 18.17 18.01 17.82 17.62 17.42 17.23 17.06 16.92 16.81 16.75 16.75 16.80 16.90 16.98 17.16 17.45 17.54 17.79 17.95 18.09 18.14 18.17 18.17 18.13 18.03 17.95 17.90 17.82 17.81 17.90 17.97 18.13 18.28 18.55 18.93 19.28 19.59 19.93 20.25 20.41 20.50 20.51 20.43 20.34 20.12 19.84 19.57 19.20 18.86 18.53 18.26 17.84 17.71 17.67 17.74 17.98 18.26 18.62 19.05 19.55 20.06 20.59 21.08 21.56 21.96 22.26 22.52 22.61 22.73 22.78 22.79 22.77 22.74
18.20 18.12 18.00 17.88 17.73 17.57 17.38 17.19 17.00 16.82 16.65 16.53 16.44 16.40 16.41 16.48 16.60 16.72 16.93 17.16 17.38 17.65 17.82 17.94 18.04 18.09 18.09 18.05 17.96 17.88 17.79 17.72 17.75 17.77 17.83 17.98 18.12 18.37 18.73 19.03 19.35 19.76 19.99 20.14 20.23 20.22 20.15 20.06 19.84 19.56 19.28 18.94 18.57 18.23 17.96 17.57 17.45 17.43 17.56 17.76 18.06 18.45 18.90 19.41 19.95 20.51 21.02 21.50 21.88 22.20 22.44 22.55 22.64 22.66 22.64 22.58 22.50
17.76 17.67 17.57 17.45 17.28 17.11 16.94 16.76 16.58 16.40 16.25 16.15 16.07 16.05 16.08 16.17 16.31 16.48 16.72 16.98 17.25 17.51 17.70 17.87 17.97 18.04 18.05 18.01 17.93 17.84 17.75 17.67 17.67 17.69 17.73 17.82 17.98 18.28 18.54 18.82 19.11 19.43 19.73 19.88 19.95 19.94 19.86 19.77 19.55 19.27 18.98 18.64 18.28 17.93 17.66 17.29 17.18 17.17 17.31 17.53 17.85 18.26 18.73 19.26 19.82 20.37 20.89 21.36 21.77 22.08 22.31 22.42 22.48 22.48 22.42 22.32 22.21
17.31 17.22 17.11 16.98 16.84 16.69 16.49 16.32 16.15 16.00 15.86 15.77 15.72 15.71 15.77 15.88 16.05 16.27 16.54 16.82 17.12 17.39 17.62 17.81 17.95 18.02 18.04 18.01 17.94 17.85 17.75 17.66 17.64 17.64 17.68 17.74 17.89 18.13 18.37 18.63 18.96 19.21 19.47 19.61 19.66 19.65 19.56 19.47 19.24 18.96 18.68 18.31 17.97 17.62 17.36 17.01 16.91 16.93 17.06 17.29 17.63 18.05 18.54 19.08 19.65 20.20 20.73 21.21 21.60 21.89 22.10 22.23 22.26 22.22 22.13 22.01 21.87
16.87 16.76 16.65 16.52 16.39 16.24 16.09 15.93 15.74 15.60 15.49 15.38 15.39 15.41 15.48 15.62 15.82 16.10 16.39 16.69 17.02 17.31 17.57 17.78 17.94 18.05 18.07 18.04 17.99 17.90 17.79 17.68 17.65 17.63 17.61 17.69 17.81 17.98 18.23 18.46 18.77 19.00 19.19 19.32 19.35 19.35 19.26 19.17 18.94 18.66 18.34 18.00 17.66 17.35 17.05 16.87 16.63 16.66 16.80 17.05 17.39 17.82 18.33 18.88 19.46 20.01 20.53 21.00 21.37 21.65 21.83 21.97 21.97 21.91 21.79 21.64 21.50
16.43 16.32 16.20 16.08 15.94 15.81 15.67 15.53 15.39 15.27 15.14 15.07 15.07 15.13 15.24 15.40 15.62 15.94 16.26 16.60 16.94 17.28 17.55 17.79 17.97 18.13 18.17 18.15 18.08 17.98 17.87 17.77 17.68 17.66 17.62 17.68 17.77 17.95 18.12 18.32 18.61 18.80 18.99 19.08 19.09 19.05 18.94 18.79 18.64 18.35 18.03 17.69 17.36 17.05 16.77 16.58 16.37 16.41 16.55 16.81 17.16 17.59 18.10 18.66 19.23 19.78 20.32 20.77 21.09 21.39 21.56 21.64 21.63 21.54 21.39 21.23 21.05
16.02 15.90 15.78 15.65 15.53 15.40 15.28 15.15 15.04 14.95 14.88 14.85 14.83 14.92 15.03 15.28 15.54 15.84 16.18 16.54 16.91 17.27 17.57 17.84 18.04 18.23 18.28 18.28 18.22 18.12 17.99 17.87 17.77 17.69 17.65 17.66 17.78 17.90 18.04 18.29 18.45 18.61 18.78 18.84 18.84 18.78 18.65 18.49 18.26 18.05 17.73 17.40 17.07 16.77 16.53 16.27 16.12 16.17 16.32 16.57 16.92 17.37 17.87 18.42 18.98 19.55 20.05 20.49 20.85 21.07 21.22 21.27 21.24 21.11 20.94 20.75 20.56
15.64 15.51 15.39 15.27 15.15 15.03 14.93 14.82 14.74 14.67 14.63 14.63 14.64 14.75 14.96 15.18 15.46 15.78 16.14 16.51 16.90 17.28 17.64 17.90 18.12 18.28 18.42 18.42 18.37 18.27 18.12 17.99 17.85 17.74 17.71 17.69 17.78 17.86 17.98 18.18 18.32 18.45 18.54 18.62 18.60 18.52 18.38 18.19 17.97 17.77 17.45 17.12 16.81 16.51 16.28 16.03 15.89 15.95 16.10 16.35 16.72 17.15 17.64 18.17 18.72 19.27 19.77 20.18 20.51 20.70 20.83 20.86 20.80 20.68 20.44 20.24 20.03
15.42 15.17 15.04 14.93 14.82 14.72 14.63 14.55 14.49 14.45 14.44 14.46 14.54 14.65 14.88 15.13 15.43 15.77 16.15 16.52 16.93 17.33 17.70 18.02 18.22 18.39 18.55 18.57 18.52 18.43 18.31 18.13 17.97 17.84 17.75 17.81 17.81 17.84 17.89 18.10 18.20 18.30 18.36 18.42 18.37 18.28 18.12 17.92 17.68 17.50 17.19 16.87 16.56 16.30 16.06 15.81 15.74 15.75 15.94 16.19 16.52 16.94 17.41 17.93 18.46 18.99 19.46 19.85 20.15 20.36 20.40 20.41 20.33 20.18 20.00 19.69 19.48
15.12 14.97 14.75 14.64 14.55 14.46 14.39 14.34 14.30 14.29 14.31 14.37 14.47 14.66 14.86 15.13 15.44 15.80 16.21 16.62 16.99 17.40 17.78 18.11 18.39 18.57 18.68 18.71 18.66 18.57 18.45 18.29 18.09 17.95 17.83 17.87 17.83 17.83 17.86 18.03 18.10 18.16 18.20 18.20 18.17 18.05 17.89 17.69 17.45 17.23 16.96 16.65 16.35 16.02 15.81 15.57 15.54 15.64 15.78 16.02 16.35 16.75 17.21 17.70 18.25 18.74 19.14 19.49 19.75 19.92 19.96 19.93 19.82 19.66 19.46 19.14 18.93
14.84 14.70 14.58 14.43 14.34 14.28 14.23 14.20 14.19 14.21 14.26 14.34 14.52 14.68 14.90 15.18 15.63 16.00 16.30 16.71 17.08 17.50 17.87 18.20 18.47 18.67 18.78 18.88 18.85 18.70 18.57 18.41 18.20 18.05 18.00 17.91 17.90 17.89 17.90 17.97 18.01 18.04 18.05 18.03 17.96 17.85 17.69 17.48 17.24 16.96 16.76 16.47 16.18 15.92 15.68 15.45 15.46 15.51 15.66 15.89 16.20 16.59 17.03 17.54 18.02 18.48 18.83 19.14 19.37 19.50 19.53 19.45 19.31 19.13 18.89 18.67 18.39
14.65 14.51 14.40 14.31 14.25 14.17 14.15 14.14 14.16 14.21 14.30 14.44 14.64 14.83 15.08 15.39 15.73 16.11 16.42 16.83 17.20 17.60 17.97 18.30 18.56 18.76 18.87 18.95 18.92 18.84 18.71 18.56 18.40 18.20 18.06 17.95 17.93 17.89 17.88 17.92 17.93 17.93 17.91 17.87 17.79 17.68 17.51 17.30 17.07 16.80 16.54 16.32 16.05 15.80 15.56 15.41 15.38 15.44 15.59 15.80 16.10 16.47 16.88 17.37 17.82 18.24 18.55 18.82 19.01 19.09 19.07 18.98 18.81 18.58 18.35 18.12 17.94
14.53 14.40 14.30 14.23 14.18 14.16 14.16 14.16 14.21 14.29 14.40 14.59 14.77 14.98 15.23 15.53 15.89 16.26 16.68 17.08 17.33 17.72 18.08 18.38 18.72 18.90 18.97 19.00 18.96 18.87 18.73 18.58 18.42 18.32 18.20 18.04 17.94 17.89 17.85 17.86 17.85 17.83 17.79 17.74 17.65 17.52 17.37 17.16 16.92 16.67 16.42 16.22 15.97 15.69 15.52 15.36 15.35 15.41 15.55 15.77 16.05 16.42 16.83 17.25 17.66 18.04 18.31 18.53 18.67 18.72 18.66 18.53 18.33 18.08 17.82 17.59 17.41
14.59 14.45 14.35 14.22 14.19 14.19 14.22 14.27 14.35 14.45 14.62 14.78 14.97 15.20 15.46 15.75 16.09 16.45 16.85 17.23 17.61 17.85 18.18 18.52 18.75 18.91 19.00 19.00 18.95 18.85 18.71 18.56 18.39 18.30 18.17 18.01 17.91 17.87 17.81 17.81 17.78 17.74 17.69 17.62 17.52 17.39 17.26 17.05 16.82 16.59 16.35 16.11 15.93 15.72 15.44 15.37 15.37 15.44 15.57 15.78 16.06 16.41 16.79 17.17 17.55 17.89 18.11 18.29 18.38 18.38 18.28 18.12 17.87 17.61 17.34 17.10 16.92
14.61 14.48 14.39 14.34 14.32 14.34 14.36 14.44 14.57 14.68 14.83 15.04 15.25 15.48 15.74 16.03 16.33 16.70 17.06 17.41 17.74 18.06 18.31 18.56 18.75 18.89 18.96 18.98 18.90 18.79 18.65 18.49 18.33 18.23 18.11 18.00 17.92 17.85 17.77 17.78 17.75 17.71 17.65 17.58 17.48 17.35 17.19 17.01 16.79 16.59 16.32 16.09 15.90 15.73 15.59 15.44 15.44 15.51 15.63 15.84 16.12 16.46 16.81 17.15 17.48 17.79 17.95 18.08 18.13 18.09 17.95 17.73 17.47 17.19 16.90 16.66 16.48
14.70 14.59 14.51 14.48 14.49 14.52 14.57 14.66 14.78 14.95 15.11 15.29 15.60 15.83 16.08 16.35 16.65 16.95 17.29 17.60 17.89 18.08 18.33 18.57 18.73 18.84 18.89 18.88 18.79 18.68 18.54 18.38 18.26 18.12 18.08 17.99 17.91 17.77 17.75 17.69 17.66 17.62 17.56 17.48 17.39 17.26 17.10 16.95 16.75 16.52 16.32 16.11 15.93 15.82 15.70 15.55 15.57 15.65 15.76 15.97 16.23 16.55 16.87 17.16 17.46 17.72 17.84 17.93 17.93 17.85 17.67 17.42 17.13 16.82 16.53 16.28 16.11
14.86 14.76 14.71 14.70 14.73 14.75 14.84 14.95 15.09 15.25 15.46 15.65 15.85 16.24 16.48 16.72 16.99 17.26 17.54 17.80 17.94 18.17 18.37 18.53 18.69 18.76 18.78 18.74 18.67 18.53 18.38 18.27 18.13 18.03 17.97 17.88 17.76 17.68 17.66 17.61 17.57 17.53 17.48 17.41 17.32 17.21 17.05 16.88 16.72 16.55 16.39 16.21 16.04 15.89 15.87 15.81 15.80 15.83 15.97 16.17 16.42 16.70 16.99 17.23 17.51 17.73 17.88 17.96 17.79 17.73 17.50 17.22 16.90 16.52 16.21 15.96 15.83
15.08 15.01 14.98 14.99 14.99 15.07 15.18 15.32 15.48 15.65 15.84 16.07 16.27 16.48 16.69 16.90 17.37 17.58 17.56 17.73 18.09 18.26 18.40 18.50 18.57 18.69 18.66 18.57 18.48 18.38 18.25 18.11 17.99 17.87 17.77 17.75 17.64 17.58 17.57 17.52 17.49 17.46 17.42 17.36 17.26 17.15 17.03 16.89 16.74 16.61 16.49 16.34 16.14 16.05 16.00 16.03 16.03 16.04 16.21 16.40 16.63 16.89 17.12 17.37 17.60 17.78 17.89 17.92 17.86 17.59 17.35 17.04 16.70 16.35 16.00 15.76 15.60
15.37 15.32 15.31 15.28 15.35 15.46 15.59 15.75 15.92 16.11 16.31 16.55 16.75 16.95 17.14 17.30 17.48 17.66 17.79 17.93 18.06 18.16 18.42 18.53 18.54 18.51 18.50 18.34 18.25 18.17 18.05 17.91 17.80 17.69 17.60 17.52 17.51 17.45 17.46 17.42 17.40 17.39 17.36 17.31 17.24 17.15 17.05 16.93 16.80 16.65 16.60 16.48 16.33 16.28 16.24 16.21 16.23 16.27 16.42 16.67 16.88 17.07 17.31 17.56 17.76 17.87 17.95 17.97 17.86 17.53 17.25 16.92 16.51 16.16 15.83 15.59 15.43
15.67 15.57 15.62 15.68 15.78 15.91 16.07 16.24 16.43 16.63 16.83 17.08 17.27 17.45 17.61 17.76 17.86 18.03 18.07 18.15 18.20 18.31 18.32 18.30 18.43 18.36 18.22 18.10 18.06 17.89 17.78 17.68 17.59 17.48 17.42 17.36 17.35 17.31 17.29 17.32 17.33 17.33 17.31 17.28 17.23 17.17 17.08 17.00 16.91 16.82 16.75 16.66 16.52 16.51 16.49 16.46 16.50 16.52 16.68 16.87 17.18 17.36 17.54 17.77 17.93 18.04 18.08 18.03 17.88 17.60 17.15 16.80 16.38 16.04 15.73 15.48 15.32
16.12 15.96 15.98 16.08 16.21 16.37 16.55 16.75 16.97 17.19 17.40 17.59 17.78 17.96 18.11 18.23 18.38 18.34 18.38 18.40 18.43 18.39 18.33 18.25 18.08 17.98 18.03 17.80 17.75 17.63 17.52 17.42 17.34 17.29 17.20 17.16 17.23 17.26 17.28 17.24 17.25 17.26 17.27 17.26 17.25 17.20 17.15 17.09 17.02 16.95 16.87 16.83 16.84 16.71 16.71 16.75 16.79 16.83 16.97 17.15 17.48 17.63 17.87 18.02 18.16 18.23 18.20 18.10 17.92 17.61 17.17 16.74 16.35 15.99 15.67 15.42 15.27
16.45 16.48 16.56 16.58 16.73 16.91 17.11 17.33 17.55 17.77 17.98 18.18 18.34 18.48 18.62 18.74 18.79 18.88 18.75 18.68 18.59 18.48 18.26 18.13 17.99 17.83 17.69 17.61 17.45 17.37 17.26 17.17 17.09 17.04 17.01 16.96 17.05 17.10 17.11 17.13 17.17 17.21 17.23 17.24 17.25 17.24 17.22 17.18 17.13 17.07 17.04 17.01 17.00 16.93 16.95 17.01 17.07 17.12 17.27 17.49 17.77 17.93 18.14 18.26 18.37 18.50 18.30 18.22 18.00 17.59 17.23 16.78 16.37 15.99 15.67 15.42 15.27
16.88 16.94 17.04 17.18 17.28 17.48 17.70 17.93 18.16 18.38 18.59 18.75 18.92 19.04 19.16 19.21 19.27 19.23 19.05 18.92 18.77 18.59 18.31 18.11 17.90 17.70 17.50 17.33 17.16 17.00 16.98 16.89 16.82 16.77 16.76 16.78 16.88 16.94 16.97 17.02 17.08 17.13 17.18 17.22 17.27 17.29 17.29 17.27 17.25 17.20 17.18 17.17 17.25 17.24 17.25 17.22 17.31 17.41 17.58 17.79 18.02 18.25 18.38 18.53 18.63 18.66 18.47 18.32 18.09 17.68 17.25 16.84 16.43 16.04 15.71 15.46 15.31
17.33 17.41 17.54 17.70 17.89 18.07 18.30 18.54 18.77 18.99 19.17 19.35 19.49 19.51 19.70 19.59 19.67 19.58 19.41 19.23 18.87 18.69 18.37 18.10 17.82 17.57 17.34 17.11 16.91 16.75 16.64 16.65 16.60 16.52 16.52 16.55 16.67 16.76 16.82 16.90 16.98 17.04 17.13 17.21 17.27 17.32 17.34 17.35 17.35 17.32 17.32 17.32 17.39 17.42 17.36 17.44 17.54 17.64 17.86 18.02 18.25 18.47 18.66 18.68 18.80 18.82 18.64 18.47 18.24 17.79 17.35 16.93 16.51 16.12 15.88 15.62 15.39
17.78 17.90 18.04 18.22 18.44 18.67 18.90 19.14 19.38 19.58 19.78 19.94 20.01 20.08 20.19 20.07 19.98 19.84 19.64 19.46 19.08 18.77 18.44 18.10 17.77 17.46 17.18 16.92 16.69 16.52 16.39 16.30 16.32 16.31 16.34 16.36 16.44 16.61 16.66 16.76 16.88 16.98 17.09 17.19 17.27 17.34 17.39 17.40 17.42 17.42 17.45 17.46 17.53 17.55 17.60 17.55 17.69 17.86 18.00 18.23 18.45 18.66 18.83 18.87 18.93 18.93 18.79 18.60 18.33 18.03 17.63 17.19 16.77 16.37 15.96 15.70 15.53
18.24 18.37 18.54 18.74 18.97 19.22 19.48 19.73 19.98 20.18 20.36 20.49 20.59 20.64 20.62 20.54 20.41 20.18 19.93 19.63 19.23 18.85 18.45 18.06 17.67 17.38 17.05 16.75 16.50 16.31 16.16 16.07 16.02 16.05 16.09 16.16 16.29 16.42 16.55 16.65 16.79 16.91 17.04 17.16 17.26 17.35 17.42 17.44 17.48 17.52 17.52 17.55 17.62 17.67 17.74 17.71 17.87 18.04 18.27 18.46 18.63 18.81 18.97 19.04 19.08 19.06 18.91 18.70 18.42 18.11 17.71 17.24 16.82 16.43 16.07 15.81 15.65
