data/SP espacial/U03062017.grd
DSAA
132	56
0.0000	120.0000
0.0000	50.0000
4.3191	15.4709
[rows 0 to 36 of 56, columns 0 to 81 of 132]
6.00 6.36 6.53 6.69 6.84 6.98 7.10 7.14 7.27 7.29 7.43 7.80 7.97 7.99 8.21 8.44 8.70 8.98 9.29 9.62 9.98 10.37 10.67 10.35 10.06 9.82 9.62 9.46 9.35 9.26 9.22 9.21 9.20 9.11 9.21 9.33 9.50 9.91 10.15 10.48 10.81 11.13 11.60 12.14 12.35 11.76 11.25 10.86 10.49 10.17 9.91 9.68 9.31 9.13 8.99 8.86 8.77 9.03 8.99 8.99 9.02 8.94 9.06 9.22 9.43 9.68 9.74 9.59 9.48 9.41 9.37 9.35 9.36 9.38 9.42 9.52 9.57 9.21 9.28 9.53 9.66 9.78
6.32 6.39 6.52 6.66 6.79 6.91 7.03 7.15 7.19 7.22 7.35 7.51 7.88 8.07 8.14 8.38 8.65 8.94 9.24 9.57 9.90 10.22 10.36 10.22 9.99 9.76 9.56 9.40 9.29 9.21 9.17 9.13 9.16 9.08 9.18 9.31 9.47 9.85 10.08 10.39 10.70 11.00 11.40 11.77 11.86 11.52 11.09 10.73 10.38 10.07 9.82 9.44 9.24 9.06 8.92 8.78 8.69 8.91 8.86 8.85 8.87 8.80 8.92 9.07 9.26 9.44 9.51 9.45 9.38 9.34 9.32 9.33 9.36 9.40 9.50 9.55 9.45 9.28 9.34 9.59 9.67 9.77
6.46 6.48 6.56 6.66 6.76 6.86 6.96 7.07 7.10 7.13 7.26 7.41 7.59 7.96 8.19 8.29 8.56 8.85 9.15 9.45 9.73 9.95 10.04 9.98 9.82 9.63 9.45 9.30 9.19 9.11 9.08 9.05 9.09 9.03 9.13 9.25 9.40 9.75 9.95 10.23 10.49 10.72 11.01 11.22 11.28 11.08 10.78 10.49 10.19 9.92 9.68 9.33 9.14 8.97 8.82 8.68 8.58 8.76 8.71 8.68 8.69 8.62 8.71 8.84 8.99 9.13 9.20 9.22 9.22 9.22 9.24 9.28 9.34 9.40 9.52 9.44 9.50 9.55 9.39 9.61 9.66 9.73
6.58 6.57 6.61 6.67 6.74 6.82 6.89 6.98 7.07 7.02 7.14 7.29 7.47 7.67 8.05 8.18 8.45 8.74 9.03 9.30 9.54 9.71 9.78 9.73 9.61 9.45 9.29 9.14 9.04 8.98 9.15 9.14 9.00 8.96 9.05 9.16 9.30 9.46 9.79 10.02 10.22 10.38 10.57 10.69 10.73 10.61 10.40 10.19 9.94 9.71 9.39 9.19 9.01 8.85 8.70 8.55 8.44 8.56 8.52 8.48 8.47 8.39 8.46 8.57 8.69 8.81 8.90 8.96 9.02 9.07 9.14 9.22 9.31 9.53 9.41 9.49 9.55 9.60 9.63 9.56 9.64 9.66
6.67 6.65 6.66 6.69 6.73 6.77 6.82 6.88 6.95 6.90 7.01 7.15 7.32 7.52 7.76 8.15 8.32 8.61 8.89 9.16 9.37 9.52 9.56 9.52 9.40 9.25 9.09 8.95 8.86 8.97 8.98 9.00 9.06 8.87 8.96 9.07 9.18 9.31 9.59 9.77 9.92 10.01 10.13 10.19 10.22 10.14 9.99 9.85 9.66 9.47 9.20 9.03 8.86 8.71 8.57 8.44 8.48 8.37 8.30 8.24 8.21 8.12 8.17 8.26 8.37 8.48 8.59 8.69 8.79 8.90 9.01 9.14 9.38 9.33 9.45 9.55 9.63 9.67 9.68 9.71 9.52 9.57
6.75 6.71 6.70 6.70 6.71 6.73 6.75 6.78 6.82 6.76 6.85 6.97 7.14 7.35 7.59 7.86 8.26 8.47 8.76 9.03 9.24 9.37 9.40 9.34 9.21 9.04 8.86 8.72 8.77 8.75 8.78 8.83 8.92 8.77 8.86 8.96 9.05 9.14 9.24 9.48 9.59 9.63 9.74 9.77 9.74 9.68 9.59 9.50 9.26 9.11 8.99 8.85 8.71 8.57 8.42 8.44 8.29 8.15 8.06 7.97 7.98 7.81 7.85 7.93 8.03 8.15 8.28 8.41 8.56 8.71 8.87 9.14 9.17 9.34 9.50 9.63 9.72 9.76 9.74 9.73 9.64 9.39
6.81 6.76 6.73 6.71 6.69 6.68 6.67 6.66 6.67 6.71 6.66 6.77 6.94 7.15 7.40 7.69 8.00 8.28 8.65 8.93 9.16 9.29 9.39 9.22 9.04 8.82 8.60 8.60 8.47 8.48 8.55 8.64 8.77 8.80 8.77 8.85 8.92 8.97 9.03 9.14 9.19 9.22 9.33 9.33 9.29 9.24 9.18 9.05 8.96 8.76 8.77 8.66 8.55 8.42 8.41 8.26 8.09 7.92 7.79 7.66 7.58 7.47 7.50 7.57 7.67 7.80 7.96 8.13 8.31 8.51 8.68 8.90 9.13 9.36 9.57 9.74 9.85 9.88 9.84 9.77 9.61 9.48
6.86 6.80 6.75 6.71 6.67 6.62 6.58 6.54 6.52 6.51 6.45 6.54 6.70 6.92 7.19 7.49 7.82 8.20 8.50 8.87 9.13 9.28 9.36 9.15 8.90 8.67 8.43 8.23 8.13 8.16 8.29 8.45 8.63 8.70 8.80 8.75 8.79 8.91 8.92 8.92 8.87 8.86 8.92 8.91 8.88 8.83 8.79 8.71 8.62 8.56 8.55 8.48 8.39 8.40 8.26 8.09 7.89 7.68 7.50 7.33 7.21 7.18 7.11 7.20 7.31 7.51 7.68 7.83 8.05 8.25 8.56 8.79 9.09 9.39 9.66 9.89 10.02 10.05 10.00 9.82 9.59 9.33
6.90 6.84 6.77 6.71 6.65 6.58 6.50 6.42 6.35 6.30 6.21 6.28 6.43 6.67 6.96 7.28 7.64 8.05 8.45 8.80 9.15 9.42 9.42 9.21 8.85 8.45 8.05 7.78 7.69 7.79 8.00 8.25 8.50 8.70 8.73 8.76 8.75 8.73 8.76 8.65 8.60 8.51 8.53 8.48 8.45 8.42 8.40 8.35 8.33 8.38 8.33 8.29 8.24 8.25 8.12 8.01 7.70 7.44 7.19 6.96 6.80 6.75 6.78 6.80 6.93 7.14 7.33 7.52 7.76 8.07 8.37 8.67 9.03 9.40 9.77 10.07 10.26 10.27 10.15 9.89 9.57 9.23
6.95 6.87 6.79 6.71 6.63 6.54 6.43 6.32 6.20 6.08 6.00 5.97 6.14 6.41 6.72 7.06 7.43 7.88 8.35 8.82 9.24 9.54 9.60 9.31 8.77 8.16 7.60 7.22 7.14 7.35 7.70 8.07 8.42 8.65 8.68 8.67 8.61 8.54 8.53 8.45 8.31 8.23 8.13 8.06 8.03 8.01 8.05 8.04 8.06 8.14 8.12 8.11 8.17 8.12 8.07 7.87 7.53 7.21 6.86 6.55 6.35 6.30 6.36 6.47 6.55 6.76 6.98 7.20 7.52 7.83 8.17 8.52 8.94 9.40 9.87 10.28 10.56 10.56 10.34 9.96 9.54 9.12
6.98 6.90 6.82 6.73 6.63 6.52 6.39 6.24 6.07 5.89 5.71 5.63 5.85 6.18 6.51 6.85 7.21 7.67 8.22 8.78 9.33 9.80 9.91 9.42 8.67 7.87 7.10 6.51 6.49 6.90 7.40 7.91 8.38 8.67 8.65 8.60 8.45 8.41 8.31 8.20 8.03 7.95 7.78 7.63 7.59 7.64 7.73 7.76 7.86 7.90 7.92 7.92 7.99 7.99 7.97 7.77 7.41 6.97 6.54 6.13 5.84 5.84 5.97 6.11 6.23 6.37 6.60 6.93 7.27 7.61 7.95 8.33 8.81 9.35 9.91 10.48 10.93 10.92 10.49 9.98 9.47 8.98
7.00 6.92 6.84 6.75 6.64 6.52 6.38 6.21 6.02 5.79 5.53 5.28 5.67 6.03 6.36 6.68 6.99 7.47 8.06 8.66 9.27 9.91 10.30 9.38 8.51 7.62 6.72 5.80 5.96 6.56 7.13 7.71 8.29 8.70 8.55 8.42 8.30 8.19 8.08 7.96 7.83 7.68 7.48 7.29 7.19 7.34 7.44 7.52 7.62 7.67 7.71 7.77 7.79 7.81 7.85 7.66 7.20 6.75 6.28 5.80 5.29 5.49 5.69 5.85 5.96 6.06 6.31 6.69 7.07 7.42 7.75 8.09 8.65 9.23 9.83 10.48 11.18 11.10 10.46 9.87 9.32 8.80
7.03 6.95 6.87 6.77 6.67 6.55 6.41 6.24 6.05 5.84 5.63 5.54 5.72 6.01 6.30 6.60 6.93 7.37 7.89 8.44 8.98 9.44 9.52 8.99 8.22 7.43 6.65 6.06 6.04 6.44 6.93 7.45 7.92 8.22 8.23 8.15 8.05 7.94 7.84 7.73 7.60 7.46 7.30 7.13 7.08 7.15 7.23 7.31 7.38 7.45 7.49 7.54 7.56 7.55 7.54 7.33 6.95 6.54 6.11 5.70 5.41 5.41 5.55 5.69 5.83 5.98 6.23 6.56 6.91 7.27 7.62 8.01 8.49 9.02 9.58 10.13 10.58 10.55 10.11 9.59 9.08 8.58
7.06 6.99 6.90 6.81 6.71 6.60 6.46 6.31 6.15 5.98 5.84 5.79 5.89 6.07 6.31 6.57 6.89 7.26 7.70 8.14 8.55 8.82 8.80 8.47 7.90 7.27 6.69 6.29 6.23 6.43 6.78 7.16 7.52 7.75 7.86 7.82 7.77 7.74 7.61 7.51 7.41 7.29 7.16 7.05 7.02 7.03 7.07 7.13 7.18 7.25 7.32 7.33 7.30 7.29 7.18 6.99 6.70 6.34 5.99 5.69 5.48 5.44 5.51 5.63 5.79 5.98 6.20 6.50 6.82 7.15 7.49 7.87 8.30 8.74 9.19 9.60 9.86 9.84 9.58 9.19 8.76 8.32
7.09 7.02 6.94 6.86 6.77 6.67 6.55 6.42 6.29 6.15 6.05 6.01 6.05 6.17 6.33 6.55 6.81 7.12 7.46 7.81 8.10 8.27 8.23 7.99 7.59 7.12 6.69 6.39 6.30 6.39 6.62 6.89 7.15 7.36 7.48 7.52 7.52 7.49 7.43 7.35 7.21 7.13 7.04 6.98 6.94 6.91 6.93 6.96 7.01 7.07 7.11 7.10 7.08 7.00 6.87 6.70 6.45 6.17 5.89 5.65 5.50 5.46 5.50 5.62 5.77 5.96 6.18 6.45 6.74 7.05 7.37 7.70 8.05 8.42 8.77 9.04 9.20 9.19 9.02 8.74 8.40 8.03
7.12 7.05 6.99 6.92 6.84 6.76 6.66 6.56 6.45 6.34 6.25 6.20 6.19 6.25 6.35 6.50 6.70 6.94 7.22 7.49 7.70 7.82 7.79 7.60 7.30 6.95 6.61 6.38 6.27 6.30 6.44 6.63 6.85 7.02 7.13 7.20 7.24 7.24 7.21 7.11 7.05 6.99 6.93 6.88 6.84 6.80 6.81 6.82 6.84 6.89 6.91 6.88 6.84 6.73 6.60 6.42 6.22 5.99 5.75 5.58 5.47 5.44 5.49 5.60 5.76 5.95 6.18 6.40 6.67 6.95 7.23 7.52 7.80 8.07 8.33 8.52 8.61 8.60 8.48 8.28 8.02 7.74
7.34 7.09 7.03 6.98 6.93 6.86 6.79 6.71 6.62 6.52 6.44 6.37 6.33 6.31 6.34 6.42 6.56 6.75 6.97 7.19 7.37 7.47 7.44 7.30 7.05 6.76 6.48 6.27 6.15 6.15 6.22 6.37 6.55 6.70 6.83 6.87 6.92 6.95 6.94 6.93 6.90 6.86 6.81 6.78 6.70 6.70 6.70 6.70 6.70 6.68 6.71 6.65 6.57 6.49 6.35 6.17 5.98 5.77 5.60 5.47 5.40 5.39 5.46 5.57 5.73 5.93 6.15 6.36 6.61 6.86 7.09 7.33 7.54 7.73 7.89 8.02 8.08 8.06 7.98 7.84 7.66 7.44
7.36 7.29 7.08 7.05 7.02 6.98 6.93 6.87 6.80 6.71 6.62 6.53 6.44 6.36 6.31 6.31 6.38 6.52 6.72 6.92 7.10 7.20 7.18 7.06 6.83 6.56 6.30 6.09 5.97 5.94 5.98 6.10 6.26 6.40 6.54 6.60 6.68 6.74 6.76 6.77 6.76 6.73 6.70 6.67 6.60 6.59 6.59 6.58 6.57 6.54 6.55 6.47 6.37 6.24 6.12 5.94 5.77 5.58 5.43 5.33 5.28 5.30 5.38 5.51 5.69 5.89 6.11 6.34 6.56 6.78 6.97 7.15 7.30 7.42 7.50 7.57 7.58 7.56 7.51 7.42 7.30 7.16
7.33 7.22 7.20 7.12 7.11 7.10 7.08 7.04 6.99 6.91 6.82 6.69 6.55 6.39 6.24 6.16 6.18 6.28 6.46 6.69 6.90 7.02 7.02 6.90 6.67 6.38 6.09 5.87 5.74 5.69 5.74 5.83 5.97 6.12 6.23 6.37 6.50 6.59 6.64 6.68 6.68 6.60 6.57 6.55 6.51 6.51 6.51 6.53 6.51 6.47 6.42 6.33 6.19 6.04 5.91 5.73 5.52 5.37 5.25 5.16 5.14 5.18 5.29 5.45 5.65 5.86 6.08 6.31 6.51 6.71 6.89 7.01 7.09 7.13 7.14 7.12 7.12 7.10 7.07 7.03 6.98 6.90
7.32 7.29 7.29 7.26 7.28 7.24 7.24 7.22 7.19 7.13 7.03 6.90 6.67 6.42 6.17 5.98 5.90 5.99 6.20 6.49 6.77 6.94 6.97 6.83 6.56 6.21 5.87 5.60 5.45 5.41 5.48 5.57 5.68 5.85 6.00 6.17 6.33 6.44 6.58 6.57 6.58 6.50 6.47 6.44 6.41 6.41 6.42 6.45 6.43 6.43 6.33 6.21 6.05 5.87 5.69 5.51 5.33 5.19 5.06 4.98 4.96 5.04 5.19 5.39 5.61 5.83 6.06 6.29 6.50 6.67 6.81 6.89 6.92 6.89 6.82 6.73 6.67 6.66 6.66 6.68 6.68 6.66
7.30 7.28 7.33 7.39 7.44 7.44 7.40 7.40 7.39 7.36 7.28 7.11 6.83 6.47 6.09 5.75 5.56 5.64 5.95 6.36 6.73 6.99 7.05 6.87 6.52 6.09 5.63 5.28 5.12 5.15 5.23 5.34 5.44 5.57 5.76 5.97 6.21 6.35 6.50 6.50 6.51 6.43 6.39 6.34 6.33 6.33 6.36 6.40 6.39 6.38 6.27 6.14 5.92 5.75 5.50 5.32 5.18 5.04 4.90 4.79 4.76 4.88 5.09 5.34 5.59 5.83 6.07 6.30 6.50 6.68 6.78 6.83 6.80 6.70 6.55 6.37 6.22 6.22 6.28 6.36 6.43 6.45
7.25 7.29 7.40 7.50 7.58 7.63 7.58 7.60 7.61 7.61 7.57 7.41 7.04 6.56 6.05 5.53 5.13 5.24 5.74 6.29 6.78 7.17 7.29 7.02 6.57 6.02 5.44 4.92 4.80 4.94 5.09 5.19 5.26 5.38 5.63 5.89 6.09 6.28 6.48 6.46 6.49 6.41 6.34 6.26 6.23 6.28 6.34 6.40 6.35 6.39 6.24 6.10 5.89 5.64 5.38 5.19 5.09 4.98 4.82 4.63 4.54 4.74 5.06 5.37 5.63 5.87 6.10 6.34 6.55 6.72 6.83 6.85 6.75 6.58 6.34 6.06 5.80 5.76 5.95 6.12 6.23 6.30
7.20 7.38 7.53 7.66 7.75 7.82 7.86 7.88 7.84 7.85 7.84 7.78 7.26 6.71 6.13 5.50 4.81 5.01 5.72 6.35 6.90 7.38 7.66 7.20 6.68 6.09 5.41 4.65 4.66 4.93 5.11 5.21 5.22 5.27 5.62 5.91 6.16 6.32 6.43 6.50 6.50 6.42 6.34 6.22 6.16 6.28 6.36 6.41 6.41 6.37 6.30 6.16 5.94 5.69 5.37 5.17 5.15 5.06 4.89 4.65 4.32 4.76 5.17 5.50 5.77 5.97 6.20 6.45 6.65 6.80 6.90 6.93 6.76 6.53 6.24 5.90 5.48 5.47 5.74 5.95 6.09 6.22
7.66 7.71 7.77 7.88 7.96 8.02 8.11 8.11 8.11 8.01 7.96 7.79 7.40 6.91 6.38 5.85 5.44 5.53 6.01 6.55 7.04 7.43 7.56 7.30 6.85 6.32 5.74 5.24 5.10 5.23 5.36 5.44 5.48 5.59 5.82 6.06 6.27 6.43 6.56 6.60 6.54 6.52 6.46 6.36 6.34 6.41 6.47 6.50 6.53 6.47 6.43 6.27 6.09 5.87 5.65 5.49 5.41 5.32 5.18 5.02 4.94 5.16 5.48 5.78 6.03 6.25 6.45 6.65 6.82 6.93 6.98 6.95 6.80 6.57 6.28 5.96 5.68 5.62 5.77 5.95 6.08 6.15
8.10 8.09 8.15 8.22 8.26 8.31 8.33 8.32 8.29 8.20 8.09 7.89 7.56 7.17 6.76 6.38 6.16 6.21 6.49 6.88 7.25 7.51 7.59 7.43 7.10 6.68 6.26 5.91 5.74 5.73 5.78 5.83 5.89 6.00 6.14 6.31 6.48 6.60 6.69 6.71 6.70 6.69 6.65 6.61 6.58 6.62 6.65 6.66 6.66 6.64 6.56 6.48 6.33 6.17 6.03 5.90 5.82 5.73 5.64 5.56 5.57 5.71 5.94 6.18 6.41 6.60 6.78 6.93 7.04 7.10 7.11 7.05 6.90 6.68 6.42 6.17 5.97 5.90 5.94 6.04 6.11 6.20
8.51 8.49 8.50 8.52 8.54 8.56 8.55 8.53 8.48 8.35 8.23 8.04 7.79 7.49 7.18 6.92 6.81 6.85 7.00 7.27 7.55 7.73 7.77 7.67 7.44 7.13 6.82 6.55 6.39 6.32 6.31 6.33 6.37 6.44 6.53 6.63 6.75 6.84 6.90 6.91 6.92 6.87 6.88 6.86 6.84 6.85 6.87 6.87 6.89 6.86 6.79 6.74 6.63 6.55 6.44 6.35 6.29 6.23 6.18 6.16 6.20 6.30 6.47 6.66 6.85 7.01 7.15 7.25 7.32 7.33 7.30 7.21 7.06 6.86 6.63 6.42 6.25 6.16 6.15 6.20 6.22 6.29
8.91 8.88 8.85 8.85 8.84 8.83 8.80 8.75 8.69 8.54 8.41 8.25 8.05 7.82 7.60 7.44 7.37 7.37 7.52 7.71 7.90 8.03 8.08 8.02 7.86 7.64 7.39 7.18 7.03 6.93 6.88 6.85 6.86 6.89 6.94 6.96 7.02 7.07 7.10 7.12 7.11 7.10 7.14 7.12 7.12 7.12 7.12 7.08 7.07 7.08 7.05 7.01 6.93 6.93 6.87 6.83 6.79 6.77 6.75 6.77 6.82 6.90 7.05 7.19 7.33 7.45 7.55 7.62 7.65 7.63 7.55 7.44 7.27 7.08 6.87 6.66 6.50 6.40 6.36 6.33 6.36 6.41
9.30 9.25 9.22 9.18 9.15 9.09 9.04 8.97 8.89 8.79 8.67 8.49 8.33 8.17 8.02 7.93 7.87 7.90 8.02 8.17 8.32 8.43 8.47 8.43 8.33 8.16 7.98 7.78 7.64 7.52 7.44 7.39 7.37 7.35 7.30 7.31 7.34 7.35 7.36 7.37 7.36 7.40 7.39 7.38 7.38 7.38 7.37 7.33 7.35 7.34 7.33 7.32 7.31 7.30 7.32 7.31 7.31 7.32 7.34 7.39 7.43 7.51 7.63 7.74 7.84 7.92 7.98 8.01 8.01 7.96 7.85 7.71 7.54 7.33 7.11 6.91 6.73 6.61 6.54 6.52 6.53 6.57
9.63 9.62 9.58 9.52 9.46 9.38 9.30 9.22 9.13 9.02 8.91 8.78 8.62 8.50 8.41 8.36 8.37 8.42 8.50 8.64 8.78 8.89 8.93 8.91 8.83 8.70 8.55 8.40 8.24 8.10 8.00 7.92 7.86 7.77 7.72 7.67 7.67 7.64 7.63 7.62 7.66 7.65 7.65 7.64 7.64 7.63 7.62 7.64 7.60 7.61 7.62 7.64 7.67 7.70 7.72 7.76 7.82 7.87 7.92 7.99 8.05 8.14 8.21 8.29 8.36 8.42 8.44 8.44 8.40 8.32 8.20 8.02 7.81 7.58 7.35 7.13 6.94 6.81 6.70 6.67 6.67 6.70
10.03 9.99 9.95 9.87 9.78 9.69 9.59 9.49 9.39 9.25 9.15 9.04 8.94 8.86 8.77 8.76 8.78 8.87 8.96 9.11 9.26 9.38 9.43 9.43 9.35 9.24 9.13 8.97 8.82 8.67 8.54 8.41 8.31 8.21 8.12 8.06 7.99 7.93 7.89 7.86 7.90 7.90 7.89 7.89 7.89 7.88 7.87 7.88 7.88 7.86 7.89 7.94 8.04 8.08 8.16 8.24 8.31 8.40 8.48 8.56 8.64 8.72 8.78 8.84 8.89 8.92 8.92 8.88 8.80 8.70 8.55 8.35 8.11 7.85 7.57 7.31 7.10 6.95 6.86 6.82 6.82 6.84
10.44 10.40 10.31 10.22 10.11 9.99 9.87 9.75 9.63 9.50 9.39 9.30 9.22 9.16 9.10 9.11 9.15 9.25 9.42 9.57 9.75 9.90 9.97 9.96 9.88 9.78 9.66 9.50 9.35 9.20 9.04 8.89 8.77 8.64 8.51 8.41 8.30 8.20 8.13 8.10 8.09 8.12 8.10 8.13 8.13 8.12 8.09 8.09 8.08 8.11 8.14 8.23 8.36 8.46 8.58 8.70 8.80 8.90 9.01 9.12 9.21 9.29 9.34 9.37 9.41 9.42 9.40 9.32 9.21 9.08 8.92 8.70 8.42 8.10 7.77 7.47 7.23 7.06 6.96 6.92 6.92 6.95
10.88 10.82 10.69 10.55 10.42 10.28 10.14 10.01 9.84 9.74 9.63 9.55 9.47 9.43 9.42 9.44 9.48 9.61 9.80 10.01 10.23 10.44 10.54 10.50 10.39 10.26 10.13 10.01 9.84 9.64 9.47 9.33 9.22 9.05 8.89 8.71 8.55 8.42 8.33 8.29 8.28 8.27 8.32 8.37 8.36 8.34 8.29 8.28 8.28 8.30 8.36 8.48 8.65 8.82 8.98 9.13 9.24 9.35 9.49 9.64 9.76 9.81 9.83 9.85 9.89 9.91 9.86 9.74 9.59 9.44 9.28 9.05 8.72 8.34 7.95 7.59 7.30 7.11 7.02 7.00 7.01 7.04
11.34 11.24 11.07 10.88 10.71 10.54 10.40 10.21 10.08 9.96 9.86 9.78 9.73 9.70 9.69 9.72 9.76 9.90 10.12 10.37 10.67 10.96 11.11 10.99 10.80 10.64 10.55 10.46 10.26 10.01 9.81 9.68 9.59 9.45 9.19 8.94 8.74 8.57 8.48 8.42 8.41 8.41 8.49 8.58 8.60 8.53 8.44 8.41 8.39 8.42 8.52 8.67 8.88 9.11 9.35 9.53 9.61 9.72 9.89 10.11 10.29 10.29 10.24 10.23 10.29 10.36 10.29 10.09 9.89 9.74 9.61 9.41 9.00 8.53 8.08 7.66 7.31 7.12 7.07 7.06 7.06 7.12
11.84 11.60 11.38 11.18 10.99 10.81 10.64 10.49 10.31 10.20 10.09 10.01 9.98 9.96 9.95 9.97 10.02 10.15 10.37 10.64 10.95 11.33 11.64 11.29 11.04 10.87 10.79 10.80 10.54 10.23 10.01 9.88 9.83 9.74 9.39 9.10 8.84 8.66 8.54 8.49 8.47 8.48 8.57 8.72 8.78 8.61 8.50 8.46 8.47 8.52 8.62 8.78 9.00 9.28 9.62 9.83 9.85 9.95 10.14 10.40 10.76 10.59 10.47 10.45 10.52 10.67 10.59 10.28 10.05 9.89 9.81 9.76 9.18 8.65 8.16 7.72 7.30 7.12 7.12 7.14 7.16 7.18
11.91 11.81 11.63 11.43 11.24 11.05 10.87 10.71 10.56 10.44 10.35 10.27 10.22 10.20 10.21 10.23 10.29 10.41 10.57 10.79 11.05 11.31 11.42 11.27 11.06 10.89 10.79 10.69 10.49 10.24 10.04 9.90 9.80 9.65 9.39 9.15 8.93 8.69 8.57 8.49 8.47 8.49 8.55 8.61 8.63 8.57 8.50 8.47 8.47 8.54 8.64 8.81 9.05 9.31 9.59 9.78 9.89 10.01 10.19 10.40 10.58 10.57 10.50 10.47 10.50 10.55 10.46 10.24 10.02 9.86 9.73 9.52 9.12 8.66 8.21 7.80 7.45 7.26 7.18 7.16 7.25 7.28
12.02 11.96 11.83 11.65 11.47 11.29 11.10 10.93 10.78 10.66 10.57 10.50 10.46 10.45 10.45 10.47 10.53 10.62 10.71 10.86 11.00 11.13 11.16 11.06 10.90 10.75 10.60 10.47 10.30 10.10 9.93 9.78 9.64 9.48 9.27 9.08 8.86 8.69 8.52 8.44 8.39 8.39 8.41 8.44 8.41 8.41 8.39 8.39 8.43 8.49 8.65 8.82 9.00 9.24 9.46 9.64 9.79 9.94 10.09 10.25 10.36 10.38 10.36 10.33 10.31 10.28 10.19 10.03 9.85 9.68 9.50 9.28 8.96 8.59 8.22 7.87 7.59 7.39 7.29 7.24 7.23 7.32
12.18 12.13 12.02 11.88 11.70 11.51 11.33 11.16 11.01 10.89 10.78 10.71 10.69 10.68 10.68 10.71 10.74 10.79 10.82 10.88 10.91 10.93 10.90 10.79 10.65 10.50 10.36 10.19 10.04 9.88 9.72 9.58 9.44 9.28 9.15 8.97 8.75 8.59 8.42 8.33 8.26 8.22 8.21 8.21 8.21 8.21 8.21 8.25 8.31 8.39 8.56 8.72 8.91 9.12 9.32 9.48 9.63 9.78 9.92 10.04 10.11 10.14 10.14 10.09 10.05 9.98 9.88 9.74 9.59 9.43 9.24 9.03 8.77 8.48 8.18 7.91 7.68 7.50 7.41 7.35 7.31 7.30
