data/SP espacial/U03022017.grd
DSAA
132	56
0.0000	120.0000
0.0000	50.0000
29.3963	40.1684
[rows 0 to 33 of 56, columns 0 to 76 of 132]
32.00 33.54 33.70 33.86 34.02 34.17 34.32 34.55 34.71 34.84 34.98 35.03 35.17 35.45 35.57 35.68 35.78 35.86 35.95 36.02 36.09 36.15 36.13 36.10 36.06 36.03 36.00 35.96 36.00 35.97 35.93 35.91 36.06 36.02 35.97 35.91 35.84 35.75 35.68 35.63 35.55 35.37 35.29 35.21 35.10 35.14 35.18 35.33 35.37 35.41 35.50 35.52 35.51 35.51 35.50 35.37 35.37 35.65 35.66 35.67 35.68 35.66 35.65 35.64 35.63 35.63 35.70 35.82 35.95 36.08 36.21 36.34 36.47 36.60 36.73 36.77 36.90
33.49 33.61 33.76 33.92 34.07 34.23 34.38 34.54 34.77 34.91 35.05 35.19 35.24 35.36 35.61 35.72 35.81 35.90 35.97 36.04 36.10 36.14 36.11 36.10 36.07 36.04 36.00 35.97 36.00 35.97 35.94 36.08 36.07 36.04 35.99 35.93 35.87 35.79 35.72 35.67 35.60 35.45 35.39 35.33 35.25 35.27 35.30 35.41 35.46 35.49 35.57 35.57 35.57 35.57 35.57 35.45 35.45 35.71 35.71 35.72 35.72 35.71 35.70 35.69 35.69 35.69 35.76 35.87 35.98 36.11 36.23 36.36 36.49 36.61 36.66 36.80 36.95
33.61 33.71 33.85 34.00 34.15 34.31 34.47 34.63 34.85 34.98 35.13 35.26 35.39 35.44 35.60 35.76 35.85 35.92 35.99 36.04 36.09 36.11 36.08 36.07 36.05 36.03 36.00 35.97 35.99 35.96 35.94 36.07 36.07 36.05 36.01 35.96 35.90 35.83 35.77 35.73 35.66 35.55 35.50 35.47 35.41 35.41 35.43 35.52 35.55 35.59 35.64 35.64 35.64 35.64 35.64 35.55 35.55 35.76 35.77 35.77 35.78 35.77 35.76 35.76 35.76 35.77 35.83 35.92 36.02 36.14 36.25 36.38 36.50 36.63 36.69 36.84 36.98
33.73 33.83 33.96 34.10 34.25 34.40 34.56 34.72 34.88 35.07 35.21 35.34 35.46 35.58 35.67 35.81 35.89 35.95 36.01 36.04 36.07 36.08 36.05 36.04 36.02 36.00 35.97 35.95 35.97 35.95 36.14 36.02 36.07 36.06 36.03 35.99 35.95 35.90 35.83 35.79 35.74 35.66 35.63 35.61 35.56 35.56 35.57 35.63 35.66 35.69 35.71 35.72 35.72 35.72 35.72 35.65 35.64 35.85 35.83 35.83 35.83 35.83 35.83 35.82 35.83 35.85 35.90 35.98 36.07 36.17 36.28 36.39 36.51 36.55 36.73 36.86 37.00
33.85 33.95 34.08 34.21 34.36 34.51 34.67 34.83 34.98 35.16 35.30 35.43 35.55 35.66 35.76 35.83 35.93 35.99 36.02 36.05 36.05 36.05 36.02 36.00 35.98 35.95 35.93 35.92 35.93 36.07 36.09 36.02 36.04 36.08 36.06 36.03 36.00 35.95 35.90 35.86 35.82 35.78 35.75 35.74 35.71 35.71 35.71 35.75 35.77 35.80 35.80 35.81 35.81 35.81 35.81 35.80 35.89 35.89 35.88 35.89 35.90 35.90 35.89 35.89 35.90 35.92 35.96 36.03 36.11 36.20 36.30 36.40 36.46 36.62 36.75 36.88 37.01
33.98 34.08 34.20 34.34 34.49 34.63 34.78 34.94 35.09 35.26 35.39 35.52 35.64 35.74 35.84 35.91 35.96 36.02 36.04 36.05 36.04 36.01 35.98 35.95 35.92 35.89 35.88 35.87 35.97 36.00 36.04 36.02 36.06 36.10 36.09 36.07 36.05 36.01 35.97 35.91 35.90 35.88 35.87 35.85 35.84 35.84 35.85 35.86 35.86 35.87 35.90 35.90 35.90 35.90 35.90 35.94 35.94 35.95 35.94 35.94 35.98 35.96 35.96 35.96 35.97 35.99 36.02 36.08 36.15 36.22 36.31 36.38 36.51 36.63 36.76 36.89 37.02
34.10 34.21 34.33 34.47 34.61 34.76 34.90 35.05 35.20 35.34 35.49 35.62 35.73 35.83 35.92 35.99 36.04 36.08 36.07 36.05 36.02 35.98 35.93 35.89 35.85 35.82 35.80 35.85 35.88 35.92 35.98 36.02 36.08 36.12 36.13 36.12 36.10 36.07 36.02 36.01 35.99 35.98 35.97 35.97 35.97 35.97 35.97 35.96 35.97 35.97 35.99 35.99 36.00 36.00 36.02 36.00 36.01 36.01 36.00 36.00 36.02 36.02 36.03 36.03 36.04 36.05 36.08 36.12 36.18 36.24 36.33 36.41 36.52 36.63 36.76 36.89 37.02
34.22 34.34 34.46 34.60 34.74 34.88 35.03 35.17 35.31 35.46 35.60 35.72 35.83 35.93 36.01 36.08 36.12 36.13 36.11 36.06 36.00 35.93 35.87 35.82 35.77 35.75 35.73 35.73 35.77 35.84 35.92 36.02 36.10 36.15 36.17 36.17 36.15 36.12 36.09 36.09 36.06 36.06 36.07 36.08 36.08 36.08 36.08 36.08 36.10 36.11 36.10 36.09 36.09 36.09 36.09 36.08 36.08 36.07 36.07 36.07 36.07 36.06 36.07 36.09 36.10 36.10 36.12 36.16 36.20 36.27 36.33 36.41 36.50 36.62 36.75 36.88 37.01
34.34 34.46 34.59 34.73 34.87 35.01 35.15 35.29 35.43 35.57 35.70 35.82 35.92 36.02 36.11 36.17 36.20 36.19 36.14 36.08 36.00 35.89 35.80 35.72 35.70 35.62 35.59 35.60 35.66 35.76 35.87 36.01 36.12 36.19 36.22 36.22 36.20 36.17 36.14 36.13 36.12 36.13 36.15 36.17 36.17 36.18 36.17 36.18 36.19 36.19 36.18 36.19 36.18 36.16 36.16 36.16 36.16 36.14 36.14 36.13 36.12 36.13 36.13 36.15 36.16 36.15 36.17 36.20 36.24 36.27 36.31 36.38 36.48 36.60 36.73 36.86 37.00
34.34 34.48 34.72 34.86 35.00 35.14 35.28 35.41 35.55 35.68 35.80 35.91 36.02 36.12 36.20 36.26 36.29 36.26 36.18 36.08 35.96 35.85 35.73 35.63 35.56 35.49 35.44 35.45 35.52 35.65 35.82 36.00 36.16 36.25 36.28 36.26 36.23 36.20 36.17 36.15 36.16 36.20 36.21 36.24 36.25 36.25 36.25 36.27 36.28 36.26 36.25 36.27 36.23 36.24 36.24 36.23 36.24 36.23 36.21 36.19 36.18 36.19 36.20 36.20 36.22 36.21 36.22 36.25 36.26 36.26 36.28 36.33 36.43 36.56 36.70 36.84 36.98
34.46 34.61 34.78 34.95 35.13 35.27 35.41 35.54 35.67 35.79 35.91 36.01 36.11 36.20 36.29 36.36 36.39 36.33 36.22 36.08 35.94 35.79 35.66 35.53 35.45 35.36 35.29 35.27 35.36 35.54 35.75 35.97 36.19 36.31 36.32 36.25 36.24 36.19 36.17 36.17 36.19 36.24 36.26 36.29 36.33 36.32 36.33 36.35 36.32 36.33 36.35 36.34 36.32 36.32 36.33 36.32 36.29 36.30 36.27 36.24 36.22 36.25 36.25 36.26 36.23 36.25 36.29 36.26 36.26 36.24 36.23 36.27 36.37 36.51 36.65 36.81 36.95
34.56 34.74 34.92 35.09 35.25 35.42 35.54 35.67 35.79 35.90 36.01 36.10 36.19 36.28 36.35 36.42 36.48 36.39 36.24 36.07 35.91 35.72 35.56 35.46 35.35 35.26 35.17 35.09 35.22 35.44 35.67 35.91 36.19 36.36 36.29 36.22 36.20 36.17 36.15 36.16 36.23 36.26 36.28 36.33 36.38 36.38 36.37 36.38 36.38 36.40 36.42 36.37 36.39 36.41 36.41 36.40 36.40 36.37 36.33 36.29 36.26 36.29 36.30 36.31 36.35 36.32 36.30 36.27 36.26 36.22 36.19 36.18 36.31 36.45 36.60 36.75 36.91
34.74 34.90 35.06 35.23 35.40 35.55 35.70 35.84 35.91 36.02 36.12 36.20 36.27 36.34 36.40 36.44 36.44 36.36 36.21 36.07 35.85 35.67 35.51 35.40 35.30 35.19 35.11 35.09 35.18 35.36 35.57 35.79 36.03 36.16 36.15 36.13 36.13 36.12 36.11 36.12 36.21 36.24 36.28 36.32 36.36 36.38 36.40 36.43 36.45 36.45 36.48 36.43 36.44 36.46 36.45 36.45 36.46 36.43 36.39 36.35 36.32 36.34 36.34 36.37 36.37 36.31 36.29 36.28 36.23 36.22 36.20 36.21 36.29 36.40 36.53 36.66 36.81
34.91 35.06 35.22 35.38 35.54 35.69 35.84 35.97 36.09 36.20 36.22 36.29 36.35 36.39 36.42 36.42 36.39 36.32 36.18 36.01 35.82 35.65 35.48 35.35 35.24 35.16 35.10 35.11 35.15 35.29 35.46 35.69 35.85 35.95 35.98 35.99 36.03 36.00 36.05 36.07 36.16 36.20 36.23 36.29 36.35 36.38 36.42 36.46 36.50 36.51 36.49 36.51 36.49 36.52 36.51 36.49 36.51 36.48 36.44 36.41 36.41 36.37 36.35 36.38 36.32 36.29 36.28 36.25 36.23 36.23 36.21 36.21 36.28 36.36 36.45 36.59 36.67
35.07 35.21 35.37 35.52 35.68 35.83 35.97 36.10 36.21 36.31 36.39 36.45 36.42 36.44 36.43 36.43 36.35 36.25 36.11 35.96 35.77 35.61 35.44 35.30 35.19 35.11 35.06 35.06 35.12 35.24 35.39 35.53 35.66 35.74 35.81 35.85 35.88 35.90 35.93 36.01 36.07 36.13 36.18 36.24 36.31 36.37 36.43 36.46 36.53 36.52 36.54 36.57 36.57 36.58 36.57 36.57 36.56 36.53 36.50 36.48 36.43 36.39 36.36 36.35 36.31 36.28 36.27 36.24 36.22 36.23 36.22 36.22 36.24 36.30 36.40 36.47 36.52
35.22 35.36 35.51 35.66 35.82 35.96 36.10 36.23 36.34 36.43 36.49 36.54 36.48 36.48 36.46 36.39 36.30 36.19 36.05 35.87 35.72 35.57 35.42 35.25 35.14 35.06 35.00 34.99 35.04 35.12 35.26 35.38 35.48 35.59 35.66 35.71 35.76 35.80 35.84 35.97 36.00 36.06 36.12 36.18 36.26 36.34 36.42 36.46 36.54 36.57 36.60 36.63 36.64 36.65 36.68 36.66 36.62 36.58 36.57 36.51 36.45 36.40 36.37 36.35 36.30 36.28 36.25 36.23 36.22 36.23 36.22 36.21 36.21 36.23 36.31 36.34 36.39
35.36 35.50 35.65 35.80 35.95 36.09 36.22 36.35 36.46 36.54 36.60 36.63 36.62 36.52 36.46 36.37 36.26 36.13 35.99 35.82 35.67 35.53 35.37 35.23 35.08 34.99 34.92 34.90 34.93 35.00 35.10 35.23 35.34 35.44 35.53 35.60 35.67 35.72 35.77 35.89 35.93 35.99 36.05 36.12 36.21 36.30 36.40 36.47 36.57 36.66 36.62 36.67 36.71 36.74 36.76 36.75 36.70 36.67 36.60 36.53 36.46 36.41 36.40 36.34 36.29 36.27 36.24 36.22 36.21 36.21 36.20 36.19 36.18 36.17 36.16 36.22 36.25
35.47 35.62 35.77 35.92 36.07 36.21 36.34 36.47 36.57 36.65 36.70 36.72 36.69 36.60 36.46 36.35 36.22 36.08 35.93 35.77 35.64 35.47 35.31 35.17 35.03 34.91 34.82 34.79 34.81 34.86 34.95 35.05 35.21 35.32 35.41 35.50 35.57 35.64 35.69 35.81 35.85 35.91 35.97 36.04 36.15 36.26 36.38 36.48 36.60 36.71 36.69 36.75 36.80 36.86 36.87 36.85 36.79 36.72 36.63 36.54 36.46 36.40 36.36 36.33 36.29 36.25 36.22 36.20 36.22 36.18 36.19 36.16 36.13 36.10 36.06 36.10 36.10
35.59 35.71 35.88 36.03 36.17 36.31 36.45 36.57 36.68 36.76 36.81 36.81 36.73 36.64 36.48 36.33 36.17 36.02 35.88 35.72 35.59 35.42 35.26 35.11 34.97 34.82 34.72 34.68 34.68 34.72 34.81 34.92 35.11 35.22 35.33 35.43 35.54 35.61 35.67 35.72 35.77 35.81 35.86 35.93 36.08 36.21 36.35 36.47 36.61 36.74 36.77 36.85 36.93 36.98 37.00 36.96 36.92 36.80 36.66 36.55 36.47 36.39 36.34 36.31 36.26 36.23 36.21 36.19 36.21 36.18 36.13 36.11 36.09 36.03 35.97 35.92 35.95
35.68 35.82 35.97 36.13 36.28 36.40 36.54 36.67 36.78 36.87 36.89 36.86 36.78 36.66 36.50 36.30 36.13 35.98 35.83 35.67 35.54 35.38 35.22 35.05 34.89 34.72 34.59 34.54 34.54 34.60 34.69 34.84 34.98 35.17 35.27 35.37 35.48 35.56 35.60 35.67 35.71 35.74 35.79 35.86 36.01 36.16 36.34 36.48 36.65 36.79 36.86 36.96 37.06 37.12 37.14 37.14 37.04 36.89 36.72 36.56 36.44 36.35 36.31 36.28 36.24 36.21 36.19 36.18 36.17 36.17 36.13 36.09 36.01 35.92 35.83 35.75 35.75
35.75 35.90 36.04 36.18 36.32 36.50 36.61 36.71 36.83 36.94 37.00 36.96 36.86 36.70 36.52 36.32 36.09 35.93 35.81 35.66 35.50 35.35 35.18 35.00 34.84 34.66 34.47 34.38 34.38 34.44 34.59 34.76 34.92 35.10 35.23 35.32 35.45 35.52 35.56 35.64 35.67 35.70 35.73 35.78 35.90 36.12 36.33 36.50 36.70 36.86 36.96 37.08 37.21 37.29 37.34 37.31 37.16 36.97 36.76 36.54 36.39 36.30 36.26 36.24 36.21 36.18 36.17 36.16 36.15 36.13 36.12 36.07 35.97 35.85 35.73 35.62 35.53
35.81 35.95 36.09 36.23 36.36 36.51 36.65 36.79 36.88 37.01 37.06 37.08 36.94 36.73 36.51 36.28 36.03 35.87 35.75 35.62 35.49 35.33 35.17 35.01 34.79 34.58 34.37 34.20 34.19 34.34 34.52 34.71 34.90 35.09 35.21 35.29 35.38 35.49 35.56 35.64 35.66 35.68 35.69 35.72 35.83 36.09 36.35 36.55 36.79 36.95 37.07 37.21 37.34 37.49 37.54 37.49 37.30 37.06 36.80 36.54 36.32 36.25 36.23 36.22 36.20 36.16 36.14 36.14 36.12 36.11 36.10 36.07 35.94 35.79 35.63 35.49 35.37
35.90 35.98 36.11 36.25 36.38 36.52 36.65 36.79 36.86 36.98 37.10 37.19 36.95 36.72 36.48 36.24 36.00 35.82 35.70 35.57 35.45 35.33 35.22 35.00 34.77 34.54 34.30 34.07 34.10 34.29 34.49 34.69 34.89 35.10 35.20 35.29 35.40 35.48 35.56 35.65 35.69 35.69 35.70 35.69 35.79 36.09 36.37 36.65 36.87 37.08 37.17 37.32 37.53 37.63 37.71 37.68 37.42 37.15 36.87 36.57 36.25 36.23 36.23 36.21 36.19 36.17 36.12 36.10 36.08 36.07 36.07 36.08 35.89 35.70 35.53 35.37 35.22
35.90 35.99 36.11 36.24 36.37 36.50 36.58 36.67 36.79 36.91 36.99 37.00 36.84 36.64 36.42 36.20 36.01 35.83 35.66 35.53 35.42 35.31 35.16 34.98 34.77 34.55 34.35 34.19 34.19 34.33 34.50 34.69 34.92 35.07 35.22 35.32 35.41 35.50 35.59 35.70 35.76 35.79 35.81 35.85 36.00 36.24 36.50 36.76 36.99 37.17 37.28 37.47 37.64 37.73 37.79 37.72 37.50 37.25 36.97 36.69 36.46 36.32 36.28 36.24 36.20 36.12 36.08 36.05 36.01 35.98 35.94 35.88 35.75 35.59 35.42 35.28 35.24
35.88 35.98 36.07 36.17 36.31 36.41 36.52 36.62 36.68 36.74 36.78 36.76 36.69 36.51 36.33 36.14 35.98 35.81 35.62 35.50 35.39 35.27 35.13 34.97 34.79 34.61 34.43 34.35 34.36 34.43 34.56 34.76 34.91 35.08 35.21 35.33 35.43 35.55 35.65 35.78 35.86 35.93 35.99 36.09 36.26 36.46 36.68 36.94 37.15 37.28 37.41 37.56 37.72 37.78 37.76 37.68 37.56 37.34 37.09 36.85 36.64 36.48 36.36 36.28 36.19 36.11 36.04 35.98 35.93 35.86 35.80 35.71 35.58 35.46 35.32 35.26 35.14
35.86 35.94 36.03 36.15 36.24 36.34 36.43 36.51 36.58 36.60 36.61 36.57 36.49 36.36 36.19 36.05 35.92 35.77 35.62 35.50 35.36 35.24 35.11 34.98 34.84 34.68 34.55 34.51 34.52 34.55 34.66 34.84 34.97 35.09 35.21 35.35 35.47 35.61 35.73 35.88 35.99 36.09 36.20 36.33 36.49 36.66 36.85 37.09 37.28 37.39 37.52 37.65 37.74 37.82 37.80 37.72 37.58 37.40 37.22 37.00 36.80 36.59 36.47 36.35 36.21 36.10 36.00 35.91 35.83 35.74 35.63 35.55 35.45 35.32 35.24 35.13 35.06
35.81 35.90 35.99 36.08 36.17 36.25 36.32 36.38 36.43 36.45 36.44 36.40 36.33 36.22 36.08 35.95 35.83 35.71 35.60 35.48 35.37 35.25 35.11 34.99 34.88 34.79 34.67 34.67 34.68 34.70 34.76 34.90 35.01 35.13 35.24 35.35 35.53 35.68 35.83 36.01 36.15 36.28 36.42 36.54 36.71 36.88 37.05 37.26 37.43 37.51 37.63 37.74 37.83 37.89 37.86 37.78 37.65 37.50 37.33 37.13 36.93 36.72 36.59 36.41 36.25 36.10 35.95 35.84 35.73 35.64 35.50 35.40 35.30 35.18 35.11 35.03 34.97
35.76 35.84 35.92 36.01 36.08 36.09 36.15 36.19 36.23 36.24 36.24 36.24 36.20 36.11 36.00 35.88 35.76 35.65 35.56 35.46 35.36 35.25 35.15 35.05 34.95 34.88 34.83 34.73 34.81 34.87 34.92 35.00 35.08 35.17 35.28 35.42 35.59 35.76 35.94 36.15 36.31 36.47 36.64 36.76 36.93 37.09 37.27 37.43 37.58 37.73 37.75 37.84 37.98 37.97 37.94 37.86 37.75 37.60 37.43 37.24 37.07 36.82 36.67 36.47 36.27 36.09 35.93 35.77 35.64 35.52 35.36 35.28 35.17 35.08 34.99 34.92 34.87
35.73 35.80 35.84 35.88 35.91 35.99 36.02 36.05 36.07 36.08 36.07 36.08 36.05 35.96 35.88 35.79 35.70 35.61 35.51 35.42 35.33 35.27 35.19 35.11 35.05 34.99 34.95 35.00 34.98 35.00 35.03 35.07 35.14 35.23 35.34 35.48 35.66 35.86 36.06 36.25 36.47 36.63 36.81 37.00 37.18 37.33 37.47 37.60 37.69 37.78 37.96 38.03 38.03 38.08 38.04 37.95 37.84 37.70 37.54 37.35 37.16 36.99 36.72 36.51 36.29 36.08 35.89 35.71 35.55 35.38 35.27 35.10 35.02 34.94 34.87 34.81 34.74
35.67 35.72 35.76 35.79 35.82 35.84 35.86 35.88 35.89 35.96 35.93 35.90 35.86 35.82 35.78 35.70 35.61 35.54 35.47 35.40 35.33 35.27 35.22 35.19 35.15 35.11 35.13 35.11 35.10 35.13 35.14 35.15 35.19 35.27 35.38 35.52 35.74 35.95 36.20 36.40 36.56 36.82 37.02 37.21 37.39 37.53 37.66 37.74 37.83 37.94 38.06 38.12 38.16 38.18 38.14 38.05 37.94 37.80 37.65 37.46 37.26 37.06 36.77 36.54 36.31 36.09 35.88 35.66 35.45 35.26 35.12 34.96 34.87 34.78 34.74 34.68 34.60
35.62 35.66 35.70 35.70 35.72 35.73 35.74 35.74 35.74 35.79 35.76 35.73 35.71 35.68 35.67 35.61 35.54 35.49 35.42 35.38 35.34 35.30 35.27 35.25 35.23 35.25 35.28 35.25 35.23 35.24 35.24 35.18 35.20 35.29 35.43 35.60 35.80 36.04 36.24 36.44 36.70 36.98 37.22 37.42 37.61 37.75 37.85 37.90 37.96 38.06 38.16 38.21 38.20 38.23 38.22 38.13 38.02 37.91 37.73 37.55 37.34 37.13 36.84 36.56 36.34 36.08 35.83 35.60 35.34 35.15 34.99 34.81 34.72 34.64 34.60 34.53 34.46
35.56 35.59 35.62 35.64 35.62 35.63 35.62 35.62 35.69 35.64 35.60 35.57 35.57 35.59 35.58 35.55 35.48 35.44 35.40 35.37 35.35 35.32 35.31 35.31 35.29 35.34 35.41 35.42 35.39 35.39 35.32 35.23 35.22 35.27 35.45 35.65 35.86 36.12 36.32 36.54 36.81 37.12 37.40 37.64 37.84 37.94 38.01 38.02 38.06 38.14 38.22 38.26 38.27 38.30 38.29 38.23 38.11 37.97 37.81 37.65 37.43 37.18 36.93 36.61 36.31 36.02 35.75 35.50 35.27 35.07 34.84 34.67 34.55 34.50 34.40 34.34 34.31
35.50 35.53 35.53 35.54 35.54 35.54 35.52 35.59 35.57 35.52 35.47 35.43 35.47 35.49 35.50 35.49 35.44 35.42 35.39 35.37 35.35 35.35 35.34 35.31 35.37 35.45 35.54 35.61 35.57 35.46 35.42 35.28 35.22 35.24 35.42 35.67 35.93 36.12 36.38 36.65 36.95 37.25 37.56 37.84 38.05 38.11 38.13 38.12 38.13 38.18 38.25 38.29 38.29 38.31 38.34 38.31 38.17 38.02 37.88 37.71 37.51 37.28 36.94 36.59 36.25 35.95 35.66 35.40 35.18 34.96 34.75 34.53 34.46 34.36 34.27 34.18 34.13
35.45 35.44 35.44 35.44 35.44 35.44 35.44 35.43 35.46 35.42 35.36 35.32 35.39 35.44 35.46 35.46 35.44 35.40 35.40 35.39 35.38 35.36 35.30 35.36 35.43 35.52 35.64 35.77 35.75 35.61 35.48 35.34 35.24 35.23 35.46 35.71 35.91 36.17 36.44 36.71 37.00 37.33 37.64 37.97 38.20 38.18 38.17 38.13 38.14 38.20 38.24 38.27 38.25 38.30 38.35 38.34 38.17 38.01 37.93 37.77 37.62 37.27 36.91 36.56 36.20 35.85 35.57 35.34 35.10 34.87 34.65 34.43 34.34 34.24 34.15 34.05 33.97
