data/SP espacial/U08032017.grd
DSAA
132	56
0.0000	120.0000
0.0000	50.0000
21.6355	30.3131
[rows 0 to 33 of 56, columns 0 to 76 of 132]
25.00 25.00 24.99 24.99 24.98 24.97 24.96 24.94 24.93 24.91 24.90 24.88 24.86 24.65 24.89 24.83 24.73 24.62 24.50 24.37 24.14 24.10 24.09 24.11 24.15 24.06 24.08 24.11 24.13 24.16 24.19 24.22 24.24 24.27 24.46 24.52 24.61 24.73 25.05 25.21 25.52 25.64 25.74 25.84 25.85 25.81 25.73 25.67 25.56 25.46 25.36 25.28 25.19 25.31 25.31 25.35 25.43 25.58 26.10 26.48 26.82 27.30 27.69 28.00 28.30 28.46 28.47 28.32 28.05 27.68 27.63 27.33 27.06 26.85 26.68 26.57 26.48
25.08 24.99 24.99 24.98 24.96 24.94 24.92 24.89 24.87 24.84 24.82 24.80 24.78 24.76 24.83 24.77 24.69 24.59 24.48 24.36 24.13 24.10 24.09 24.11 24.14 24.05 24.08 24.11 24.14 24.18 24.22 24.25 24.29 24.33 24.37 24.57 24.65 24.76 25.07 25.39 25.51 25.63 25.73 25.82 25.83 25.79 25.71 25.64 25.53 25.42 25.31 25.22 25.12 25.23 25.22 25.51 25.34 25.72 26.12 26.40 26.75 27.24 27.65 28.02 28.27 28.44 28.46 28.32 28.04 27.94 27.62 27.31 27.04 26.82 26.66 26.54 26.70
25.10 25.11 24.98 24.96 24.93 24.90 24.86 24.81 24.77 24.72 24.69 24.83 24.65 24.64 24.63 24.69 24.63 24.56 24.47 24.38 24.34 24.12 24.11 24.12 24.24 24.17 24.07 24.11 24.16 24.21 24.27 24.32 24.37 24.41 24.46 24.64 24.70 24.79 25.08 25.38 25.48 25.59 25.67 25.71 25.76 25.72 25.73 25.57 25.46 25.34 25.23 25.12 25.00 25.09 25.32 25.34 25.42 25.56 25.96 26.24 26.60 27.10 27.51 27.84 28.15 28.32 28.35 28.22 27.96 27.88 27.57 27.26 26.99 26.77 26.61 26.48 26.64
25.14 25.14 25.14 24.93 24.89 24.83 24.76 24.69 24.61 24.55 24.49 24.62 24.61 24.46 24.47 24.56 24.55 24.51 24.46 24.39 24.38 24.14 24.13 24.13 24.26 24.16 24.06 24.11 24.18 24.26 24.34 24.17 24.49 24.55 24.17 24.21 24.79 24.85 25.10 25.37 25.44 25.52 25.58 25.62 25.67 25.62 25.64 25.56 25.36 25.23 25.09 24.93 25.00 25.11 25.08 25.09 25.17 25.32 25.71 26.01 26.38 26.89 27.31 27.64 27.96 28.15 28.19 28.08 27.84 27.80 27.49 27.19 26.92 26.70 26.53 26.64 26.56
25.18 25.17 25.16 25.13 24.82 24.73 24.63 24.51 24.40 24.29 24.22 24.32 24.31 24.34 24.38 24.30 24.41 24.43 24.42 24.39 24.41 24.38 24.15 24.24 24.27 24.15 24.21 24.11 24.21 24.32 24.45 24.33 24.43 24.74 24.38 24.40 24.42 24.93 24.97 25.37 25.40 25.45 25.49 25.50 25.53 25.60 25.53 25.44 25.32 25.07 24.91 24.88 24.92 24.81 24.75 24.74 24.82 25.21 25.44 25.69 26.09 26.63 27.05 27.50 27.77 27.98 28.04 27.96 27.92 27.72 27.42 27.11 26.84 26.61 26.43 26.51 26.43
25.23 25.20 25.17 25.11 25.03 24.61 24.45 24.28 24.11 23.97 23.86 23.93 23.93 23.98 24.07 24.17 24.16 24.30 24.35 24.37 24.42 24.40 24.15 24.24 24.25 24.12 24.18 24.28 24.24 24.40 24.59 24.55 24.68 24.64 24.67 24.66 24.63 24.61 24.88 25.38 25.38 25.38 25.39 25.39 25.53 25.48 25.41 25.30 25.16 24.89 24.96 24.77 24.58 24.42 24.32 24.29 24.37 24.75 25.01 25.38 25.76 26.31 26.81 27.31 27.68 27.86 27.96 28.05 27.87 27.67 27.36 27.05 26.75 26.50 26.49 26.44 26.36
25.26 25.22 25.16 25.08 24.95 24.78 24.24 24.01 23.78 23.57 23.42 23.46 23.46 23.55 23.69 23.85 24.02 24.21 24.24 24.30 24.39 24.38 24.24 24.21 24.20 24.07 24.13 24.39 24.28 24.51 24.75 24.81 25.00 25.10 25.02 24.97 24.89 24.81 24.96 25.42 25.37 25.34 25.32 25.39 25.35 25.36 25.28 25.15 24.99 24.91 24.68 24.42 24.16 23.94 23.80 23.76 24.01 24.21 24.63 25.06 25.56 26.02 26.60 27.16 27.60 27.83 27.96 28.07 27.89 27.68 27.34 27.00 26.67 26.45 26.39 26.24 26.15
25.29 25.23 25.15 25.03 24.85 24.61 24.32 23.71 23.41 23.14 22.95 22.94 22.95 23.07 23.26 23.50 23.74 23.95 24.15 24.21 24.32 24.32 24.19 24.16 24.13 24.01 24.18 24.33 24.35 24.62 24.94 25.11 25.34 25.41 25.40 25.33 25.20 25.05 25.16 25.12 25.32 25.32 25.36 25.31 25.25 25.25 25.15 25.00 24.91 24.66 24.37 24.04 23.71 23.43 23.24 23.32 23.39 23.62 24.09 24.60 25.18 25.76 26.43 27.08 27.58 27.93 28.18 28.16 27.98 27.73 27.36 27.02 26.65 26.45 26.19 26.02 25.92
25.30 25.24 25.13 24.98 24.75 24.45 24.09 23.68 23.04 22.72 22.48 22.44 22.45 22.60 22.85 23.14 23.45 23.73 23.96 24.14 24.22 24.24 24.18 24.08 24.02 24.02 24.09 24.27 24.39 24.74 25.12 25.39 25.68 25.79 25.81 25.68 25.50 25.51 25.33 25.23 25.35 25.26 25.32 25.25 25.17 25.15 25.03 24.95 24.72 24.54 24.07 23.67 23.27 22.92 22.69 22.70 22.78 23.05 23.55 24.14 24.84 25.60 26.37 27.04 27.63 28.04 28.30 28.30 28.11 27.85 27.44 27.01 26.59 26.30 26.01 25.80 25.70
25.31 25.24 25.11 24.93 24.66 24.31 23.89 23.42 22.95 22.36 22.09 22.01 22.03 22.20 22.49 22.84 23.20 23.54 23.81 24.02 24.12 24.16 24.10 23.99 23.94 23.94 24.02 24.22 24.43 24.84 25.29 25.64 25.94 26.11 26.13 26.00 25.94 25.70 25.47 25.32 25.18 25.26 25.28 25.19 25.10 25.08 24.99 24.81 24.56 24.32 23.91 23.35 22.89 22.49 22.28 22.18 22.27 22.60 23.10 23.76 24.54 25.40 26.26 27.06 27.69 28.15 28.44 28.44 28.28 27.93 27.49 27.01 26.59 26.18 25.85 25.62 25.50
25.32 25.24 25.11 24.90 24.61 24.23 23.76 23.25 22.73 22.28 21.84 21.73 21.76 21.94 22.25 22.64 23.03 23.40 23.70 23.91 24.05 24.06 24.05 23.99 23.89 23.89 23.98 24.20 24.47 24.91 25.40 25.86 26.15 26.34 26.35 26.20 26.10 25.82 25.56 25.37 25.21 25.20 25.11 25.14 25.10 25.00 24.89 24.71 24.52 24.17 23.72 23.13 22.63 22.20 21.94 21.83 21.95 22.26 22.79 23.50 24.35 25.27 26.19 27.04 27.75 28.24 28.53 28.57 28.36 27.99 27.52 27.01 26.54 26.10 25.75 25.50 25.38
25.30 25.25 25.11 24.90 24.60 24.21 23.74 23.21 22.68 22.21 21.87 21.66 21.68 21.87 22.18 22.57 22.97 23.34 23.64 23.86 23.99 24.04 23.98 23.93 23.89 23.89 23.99 24.22 24.52 24.97 25.46 25.92 26.24 26.42 26.42 26.39 26.15 25.85 25.56 25.37 25.19 25.16 25.06 24.97 24.99 24.88 24.82 24.64 24.45 24.09 23.64 23.04 22.54 22.17 21.84 21.73 21.81 22.13 22.68 23.40 24.26 25.20 26.15 27.02 27.74 28.26 28.56 28.58 28.37 28.00 27.52 27.02 26.52 26.07 25.71 25.46 25.33
25.32 25.27 25.14 24.94 24.65 24.28 23.82 23.32 22.81 22.36 22.03 21.86 21.84 22.00 22.29 22.65 23.02 23.36 23.65 23.85 23.96 24.01 23.99 23.95 23.93 23.96 24.07 24.29 24.58 25.01 25.48 25.91 26.19 26.35 26.43 26.30 26.06 25.78 25.50 25.28 25.10 25.06 24.96 24.91 24.82 24.80 24.67 24.66 24.43 24.10 23.67 23.20 22.61 22.27 21.96 21.85 21.93 22.24 22.77 23.47 24.30 25.23 26.15 26.97 27.67 28.20 28.50 28.49 28.30 27.95 27.49 27.01 26.52 26.09 25.74 25.50 25.38
25.35 25.28 25.19 25.01 24.76 24.42 24.02 23.57 23.12 22.72 22.42 22.25 22.21 22.34 22.57 22.86 23.17 23.46 23.68 23.85 23.97 24.01 24.01 24.02 24.02 24.03 24.17 24.39 24.68 25.06 25.46 25.84 26.11 26.14 26.21 26.08 25.85 25.57 25.31 25.10 24.98 24.87 24.84 24.75 24.67 24.69 24.59 24.63 24.45 24.17 23.80 23.39 22.97 22.57 22.29 22.21 22.28 22.57 23.05 23.69 24.45 25.31 26.14 26.92 27.58 28.03 28.34 28.36 28.16 27.84 27.42 27.00 26.55 26.16 25.84 25.62 25.51
25.40 25.34 25.24 25.12 24.92 24.64 24.32 23.95 23.59 23.25 23.00 22.84 22.76 22.84 22.99 23.19 23.40 23.57 23.74 23.86 23.96 23.95 24.03 24.09 24.17 24.20 24.36 24.59 24.86 25.17 25.46 25.72 25.91 25.93 25.89 25.75 25.53 25.28 25.04 24.91 24.73 24.67 24.61 24.52 24.45 24.49 24.53 24.45 24.47 24.27 23.99 23.67 23.34 23.01 22.77 22.74 22.80 23.06 23.47 24.02 24.67 25.43 26.15 26.82 27.40 27.80 28.10 28.13 27.95 27.68 27.32 26.98 26.60 26.26 25.99 25.80 25.70
25.45 25.41 25.34 25.24 25.11 24.92 24.68 24.42 24.16 23.91 23.71 23.57 23.50 23.44 23.49 23.57 23.62 23.71 23.78 23.85 23.92 23.91 24.01 24.18 24.34 24.53 24.63 24.85 25.08 25.30 25.47 25.60 25.77 25.78 25.51 25.35 25.14 24.91 24.70 24.59 24.51 24.36 24.24 24.21 24.15 24.25 24.23 24.34 24.47 24.37 24.22 23.99 23.77 23.52 23.35 23.36 23.43 23.62 23.96 24.40 24.94 25.57 26.16 26.71 27.20 27.53 27.83 27.86 27.71 27.50 27.21 26.97 26.66 26.38 26.16 26.01 25.93
25.53 25.50 25.46 25.40 25.31 25.04 24.92 24.94 24.79 24.63 24.48 24.35 24.24 24.10 24.02 23.92 23.86 23.81 23.78 23.77 23.82 23.82 23.98 24.21 24.51 24.80 24.95 25.19 25.37 25.49 25.55 25.51 25.56 25.46 25.33 24.92 24.72 24.51 24.34 24.33 24.14 23.97 23.84 23.81 23.77 23.91 23.96 24.17 24.08 24.43 24.40 24.29 24.19 24.04 23.92 23.98 24.05 24.20 24.45 24.79 25.20 25.71 26.17 26.63 26.99 27.26 27.56 27.59 27.52 27.31 27.10 26.95 26.72 26.51 26.34 26.23 26.16
25.61 25.60 25.59 25.57 25.54 25.52 25.35 25.32 25.29 25.24 25.15 25.05 24.90 24.76 24.50 24.28 24.06 23.86 23.71 23.64 23.55 23.68 23.92 24.25 24.58 24.98 25.33 25.58 25.72 25.74 25.66 25.60 25.37 25.16 24.96 24.66 24.47 24.28 23.98 23.93 23.72 23.53 23.38 23.28 23.39 23.44 23.66 23.90 24.06 24.05 24.73 24.40 24.68 24.58 24.53 24.57 24.61 24.72 24.90 25.14 25.53 25.85 26.20 26.45 26.72 26.92 27.11 27.14 27.10 27.38 27.23 27.05 26.78 26.63 26.51 26.43 26.38
25.71 25.70 25.72 25.74 25.77 25.82 25.76 25.84 25.90 25.94 25.91 25.80 25.56 25.28 24.95 24.58 24.20 23.86 23.60 23.45 23.35 23.51 23.83 24.28 24.80 25.27 25.71 26.03 26.14 26.04 25.88 25.59 25.22 24.89 24.61 24.28 24.07 23.88 23.83 23.52 23.30 23.08 22.90 22.79 22.84 23.09 23.28 23.60 23.88 24.12 24.39 24.57 24.97 24.99 24.99 25.04 25.07 25.14 25.26 25.51 25.71 25.94 26.18 26.42 26.54 26.69 26.87 26.91 27.32 27.26 27.17 27.05 26.93 26.73 26.65 26.60 26.56
25.79 25.82 25.85 25.91 25.99 26.09 26.15 26.29 26.44 26.54 26.55 26.43 26.16 25.79 25.36 24.81 24.29 23.82 23.46 23.24 23.14 23.33 23.73 24.29 24.94 25.54 26.07 26.42 26.51 26.36 26.09 25.63 25.16 24.70 24.23 23.94 23.72 23.53 23.46 23.26 22.89 22.65 22.45 22.38 22.37 22.63 22.89 23.29 23.67 24.02 24.40 24.68 25.18 25.27 25.31 25.34 25.42 25.47 25.63 25.72 25.84 26.00 26.17 26.34 26.41 26.52 26.69 26.73 27.20 27.18 27.13 27.06 26.98 26.91 26.77 26.73 26.70
25.85 25.90 25.95 26.03 26.15 26.32 26.53 26.66 26.88 27.02 27.03 26.91 26.62 26.21 25.64 25.01 24.37 23.75 23.30 23.04 22.97 23.18 23.64 24.30 25.01 25.76 26.39 26.76 26.83 26.66 26.21 25.64 25.05 24.54 24.10 23.68 23.44 23.36 23.15 22.94 22.56 22.29 22.07 21.98 21.98 22.24 22.55 23.02 23.48 23.92 24.39 24.66 24.88 25.46 25.54 25.59 25.60 25.80 25.82 25.86 25.94 26.03 26.15 26.28 26.32 26.41 26.56 26.61 27.11 27.12 27.10 27.06 27.01 26.97 26.93 26.84 26.82
25.94 25.99 26.06 26.11 26.26 26.46 26.71 26.90 27.16 27.34 27.36 27.25 26.94 26.46 25.83 25.12 24.41 23.74 23.24 22.94 22.89 23.11 23.61 24.29 25.12 25.93 26.58 26.98 27.07 26.80 26.28 25.63 24.97 24.39 23.83 23.48 23.27 23.15 22.95 22.73 22.43 22.06 21.86 21.72 21.72 21.99 22.33 22.85 23.36 23.92 24.38 24.60 24.97 25.40 25.52 25.73 25.81 25.95 25.95 25.97 26.01 26.07 26.16 26.25 26.31 26.38 26.44 26.84 27.06 27.09 27.09 27.07 27.05 27.02 27.00 26.95 26.97
25.95 26.00 26.08 26.20 26.36 26.59 26.76 27.06 27.32 27.51 27.56 27.39 27.08 26.57 25.91 25.18 24.44 23.79 23.27 22.97 22.92 23.16 23.62 24.35 25.20 26.02 26.68 27.06 27.14 26.83 26.28 25.58 24.89 24.26 23.79 23.46 23.21 23.02 22.86 22.62 22.33 22.02 21.78 21.64 21.69 21.87 22.20 22.84 23.39 23.92 24.35 24.72 25.01 25.14 25.62 25.71 25.98 25.99 25.99 26.01 26.04 26.08 26.13 26.26 26.34 26.37 26.43 26.76 26.81 26.88 26.91 26.93 26.95 26.97 27.06 27.04 27.02
25.95 26.00 26.07 26.19 26.35 26.56 26.79 27.07 27.33 27.46 27.51 27.39 27.06 26.58 25.97 25.25 24.54 23.91 23.43 23.14 23.10 23.33 23.82 24.47 25.28 26.06 26.67 27.06 27.07 26.74 26.17 25.48 24.78 24.18 23.72 23.49 23.31 23.02 22.86 22.67 22.41 22.20 21.90 21.77 21.78 22.04 22.38 22.97 23.47 23.98 24.43 24.77 25.00 25.22 25.70 25.80 26.07 26.08 26.10 26.10 26.13 26.17 26.23 26.28 26.28 26.31 26.57 26.62 26.85 26.89 26.95 26.98 27.01 27.15 27.15 27.14 27.13
25.94 25.98 26.04 26.14 26.28 26.44 26.67 26.92 27.14 27.30 27.30 27.20 26.92 26.48 25.96 25.30 24.69 24.14 23.73 23.48 23.45 23.67 24.11 24.73 25.37 26.04 26.63 26.89 26.85 26.53 25.97 25.30 24.64 24.11 23.70 23.45 23.33 23.23 22.98 22.86 22.65 22.48 22.20 22.10 22.11 22.32 22.73 23.14 23.69 24.15 24.45 24.80 25.07 25.54 25.69 25.88 26.04 26.19 26.21 26.24 26.28 26.32 26.37 26.42 26.41 26.43 26.68 26.72 26.94 26.97 27.00 27.19 27.24 27.26 27.28 27.28 27.28
25.92 25.95 26.00 26.07 26.14 26.29 26.47 26.66 26.85 26.97 27.01 26.88 26.67 26.34 25.92 25.45 24.90 24.48 24.17 23.97 23.98 24.16 24.53 25.03 25.60 26.08 26.46 26.65 26.54 26.21 25.69 25.06 24.46 23.98 23.65 23.46 23.41 23.37 23.17 23.13 22.99 22.79 22.66 22.59 22.68 22.92 23.18 23.53 23.91 24.29 24.64 24.94 25.19 25.39 25.78 26.06 26.14 26.21 26.35 26.42 26.47 26.53 26.58 26.58 26.61 26.63 26.87 26.89 26.90 27.10 27.30 27.32 27.35 27.42 27.46 27.49 27.49
25.89 25.91 25.94 25.95 26.01 26.10 26.21 26.34 26.47 26.56 26.59 26.50 26.37 26.16 25.87 25.57 25.23 24.93 24.71 24.61 24.64 24.79 25.08 25.51 25.89 26.22 26.31 26.41 26.20 25.84 25.31 24.71 24.19 23.79 23.54 23.41 23.48 23.53 23.55 23.59 23.40 23.28 23.23 23.24 23.34 23.53 23.74 24.00 24.27 24.57 24.88 25.12 25.33 25.51 25.90 26.15 26.27 26.36 26.57 26.64 26.72 26.80 26.88 26.89 27.12 27.16 27.19 27.19 27.30 27.46 27.47 27.50 27.55 27.62 27.71 27.76 27.83
25.80 25.89 25.86 25.86 25.87 25.90 25.94 25.99 26.05 26.10 26.12 26.07 26.03 25.96 25.87 25.77 25.63 25.46 25.36 25.37 25.43 25.64 25.81 26.01 26.21 26.32 26.36 26.09 25.85 25.35 24.83 24.30 23.85 23.52 23.37 23.36 23.49 23.63 23.78 23.92 24.07 23.99 23.99 23.91 24.10 24.19 24.34 24.46 24.65 24.86 25.14 25.32 25.50 25.89 26.04 26.29 26.42 26.67 26.80 26.91 27.03 27.14 27.19 27.27 27.49 27.53 27.53 27.50 27.57 27.55 27.69 27.73 27.80 27.91 28.11 28.17 28.21
25.85 25.75 25.83 25.79 25.76 25.72 25.69 25.66 25.65 25.65 25.67 25.70 25.70 25.77 25.85 25.95 26.00 26.09 26.08 26.28 26.38 26.48 26.56 26.60 26.62 26.50 26.29 25.95 25.39 24.89 24.34 23.83 23.43 23.20 23.11 23.19 23.45 23.71 23.98 24.29 24.54 24.65 24.72 24.74 24.77 24.84 24.87 24.97 25.07 25.19 25.27 25.41 25.56 25.91 26.07 26.54 26.68 26.88 27.05 27.21 27.38 27.53 27.81 27.92 27.96 27.98 28.06 28.01 28.07 28.02 28.04 28.08 28.18 28.31 28.45 28.59 28.66
25.84 25.82 25.77 25.72 25.64 25.53 25.43 25.33 25.25 25.22 25.23 25.30 25.44 25.64 25.82 26.10 26.41 26.67 26.90 27.11 27.26 27.33 27.35 27.25 27.03 26.70 26.32 25.67 25.07 24.43 23.83 23.34 22.98 22.79 22.80 22.97 23.32 23.70 24.08 24.52 24.88 25.21 25.35 25.34 25.39 25.39 25.41 25.43 25.37 25.41 25.53 25.63 25.76 25.92 26.26 26.70 26.88 27.08 27.33 27.54 27.76 27.95 28.12 28.38 28.43 28.44 28.47 28.39 28.39 28.34 28.32 28.37 28.50 28.67 28.87 29.03 29.14
25.86 25.82 25.75 25.65 25.54 25.38 25.21 25.05 24.91 24.84 24.84 24.96 25.18 25.50 25.86 26.35 26.81 27.25 27.59 27.87 28.09 28.15 28.06 27.82 27.44 26.97 26.34 25.57 24.83 24.04 23.38 22.87 22.51 22.37 22.44 22.80 23.21 23.70 24.19 24.75 25.16 25.58 25.80 25.93 25.88 25.90 25.88 25.83 25.79 25.68 25.76 25.83 25.95 26.12 26.35 26.85 27.06 27.31 27.54 27.86 28.13 28.37 28.63 28.88 28.97 28.97 28.95 28.84 28.71 28.63 28.59 28.65 28.80 28.98 29.22 29.43 29.59
25.88 25.84 25.75 25.61 25.44 25.26 25.04 24.82 24.64 24.54 24.54 24.68 24.98 25.43 25.96 26.55 27.12 27.68 28.17 28.55 28.74 28.80 28.65 28.31 27.83 27.16 26.32 25.47 24.60 23.75 23.03 22.50 22.15 22.01 22.20 22.54 23.04 23.62 24.21 24.86 25.36 25.74 26.13 26.28 26.35 26.37 26.24 26.15 26.00 25.94 25.94 25.99 26.11 26.31 26.53 26.85 27.22 27.47 27.78 28.09 28.43 28.75 28.99 29.16 29.32 29.31 29.26 29.12 28.98 28.86 28.82 28.88 29.02 29.29 29.58 29.82 29.96
25.90 25.85 25.75 25.59 25.39 25.15 24.92 24.67 24.46 24.34 24.35 24.51 24.86 25.35 25.97 26.65 27.32 27.98 28.54 28.96 29.21 29.23 29.05 28.67 28.06 27.28 26.38 25.40 24.43 23.55 22.79 22.21 21.88 21.80 21.97 22.37 22.92 23.57 24.22 24.90 25.46 25.93 26.32 26.53 26.61 26.62 26.56 26.47 26.18 26.09 26.06 26.10 26.22 26.40 26.71 26.96 27.30 27.61 27.94 28.30 28.64 28.94 29.23 29.41 29.55 29.54 29.46 29.30 29.14 29.01 28.93 29.01 29.21 29.49 29.80 30.07 30.23
25.92 25.86 25.75 25.59 25.37 25.11 24.85 24.58 24.38 24.24 24.24 24.43 24.79 25.32 25.97 26.70 27.44 28.11 28.70 29.15 29.40 29.44 29.24 28.80 28.14 27.32 26.37 25.38 24.36 23.46 22.69 22.11 21.76 21.71 21.90 22.31 22.90 23.57 24.30 24.97 25.56 26.11 26.45 26.66 26.75 26.75 26.68 26.52 26.40 26.35 26.15 26.14 26.26 26.46 26.75 27.00 27.33 27.64 28.01 28.36 28.70 29.02 29.28 29.54 29.63 29.65 29.55 29.38 29.20 29.02 28.97 29.05 29.25 29.55 29.87 30.15 30.31
