data/SP espacial/U09022017.grd
DSAA
132	56
0.0000	120.0000
0.0000	50.0000
6.6348	21.0000
[rows 0 to 35 of 56, columns 0 to 79 of 132]
21.00 18.56 18.15 17.80 17.51 17.27 17.08 16.93 16.85 16.84 16.85 17.17 17.27 17.67 17.85 18.05 18.30 18.57 18.89 19.26 19.67 20.14 20.45 19.69 19.02 18.42 17.90 17.47 17.21 16.95 16.78 16.68 16.18 16.14 16.26 16.43 16.66 17.32 17.62 17.93 18.27 18.62 18.95 19.26 19.44 19.41 19.36 19.24 19.15 19.05 18.92 18.81 18.30 18.20 18.11 17.97 17.93 18.34 18.39 18.50 18.68 19.02 19.35 19.77 20.28 20.90 20.90 20.15 19.50 18.93 18.44 18.02 17.66 17.36 17.12 16.69 16.56 16.57 16.55 16.56
18.24 18.09 17.78 17.46 17.19 16.96 16.78 16.65 16.56 16.55 16.57 16.63 16.97 17.11 17.51 17.71 17.94 18.20 18.49 18.80 19.14 19.44 19.47 19.02 18.42 17.85 17.35 16.93 16.67 16.42 16.27 15.78 15.79 15.80 15.96 16.18 16.46 17.12 17.46 17.82 18.20 18.58 18.93 19.23 19.40 19.44 19.41 19.31 19.21 19.09 18.94 18.46 18.31 18.17 18.03 17.86 17.77 18.08 18.07 18.13 18.25 18.53 18.81 19.17 19.58 19.95 19.93 19.43 18.87 18.35 17.89 17.49 17.15 16.87 16.43 16.25 15.92 16.13 16.11 16.07
17.47 17.41 17.22 16.98 16.75 16.56 16.40 16.29 16.21 16.21 16.23 16.30 16.41 16.76 16.97 17.31 17.51 17.73 17.96 18.19 18.39 18.50 18.41 18.08 17.61 17.11 16.66 16.26 16.02 15.80 15.67 15.28 15.32 15.39 15.60 15.87 16.20 16.87 17.27 17.69 18.10 18.51 18.87 19.17 19.35 19.44 19.44 19.35 19.25 19.11 18.94 18.48 18.29 18.11 17.92 17.70 17.55 17.74 17.67 17.65 17.70 17.89 18.08 18.33 18.59 18.75 18.73 18.43 18.02 17.60 17.21 16.86 16.56 16.30 15.91 15.57 15.45 15.38 15.60 15.57
16.71 16.69 16.57 16.41 16.23 16.08 15.95 15.86 15.81 15.81 15.84 15.92 16.04 16.18 16.56 16.85 17.03 17.19 17.35 17.48 17.55 17.53 17.38 17.08 16.68 16.25 15.84 15.49 15.27 15.08 14.89 14.79 14.78 14.91 15.17 15.51 15.90 16.34 17.06 17.53 17.99 18.44 18.82 19.14 19.33 19.44 19.46 19.39 19.28 19.13 18.69 18.48 18.25 18.02 17.78 17.50 17.28 17.13 17.18 17.08 17.04 17.12 17.21 17.34 17.47 17.53 17.51 17.31 17.03 16.72 16.42 16.14 15.88 15.51 15.19 15.03 14.92 14.86 14.84 15.07
15.96 15.95 15.88 15.77 15.65 15.54 15.44 15.38 15.34 15.36 15.40 15.49 15.62 15.77 15.94 16.27 16.51 16.62 16.70 16.73 16.70 16.58 16.36 16.06 15.69 15.31 14.94 14.63 14.43 14.20 14.15 14.11 14.25 14.36 14.69 15.09 15.56 16.07 16.82 17.36 17.88 18.37 18.80 19.13 19.35 19.48 19.51 19.43 19.31 19.13 18.70 18.46 18.19 17.91 17.61 17.33 17.00 16.71 16.45 16.42 16.28 16.25 16.23 16.26 16.30 16.31 16.29 16.16 15.99 15.78 15.56 15.35 15.04 14.74 14.58 14.45 14.35 14.29 14.27 14.27
15.23 15.23 15.18 15.12 15.04 14.96 14.90 14.85 14.83 14.86 14.92 15.02 15.16 15.32 15.50 15.65 15.91 16.05 16.05 15.99 15.85 15.65 15.38 15.05 14.69 14.32 13.99 13.70 13.46 13.35 13.34 13.36 13.56 13.75 14.15 14.63 15.18 15.77 16.39 17.21 17.78 18.33 18.79 19.16 19.42 19.55 19.57 19.48 19.37 19.17 18.70 18.42 18.12 17.78 17.42 17.04 16.64 16.24 15.87 15.55 15.51 15.30 15.19 15.13 15.11 15.08 15.07 15.01 14.92 14.80 14.68 14.45 14.21 14.07 13.93 13.82 13.73 13.68 13.66 13.67
14.51 14.50 14.48 14.45 14.41 14.37 14.33 14.30 14.29 14.32 14.39 14.51 14.67 14.86 15.05 15.21 15.31 15.46 15.42 15.27 15.04 14.75 14.43 14.05 13.68 13.32 12.99 12.70 12.52 12.45 12.48 12.56 12.81 13.13 13.55 14.12 14.76 15.45 16.17 16.85 17.52 18.12 18.84 19.26 19.53 19.66 19.66 19.39 19.22 19.00 18.69 18.38 18.03 17.65 17.25 16.76 16.26 15.74 15.24 14.79 14.49 14.17 14.09 13.97 13.89 13.86 13.86 13.85 13.85 13.82 13.74 13.58 13.49 13.38 13.27 13.17 13.10 13.05 13.03 13.04
13.79 13.79 13.79 13.79 13.78 13.77 13.75 13.73 13.73 13.76 13.83 13.97 14.16 14.39 14.61 14.80 14.89 14.89 14.82 14.59 14.26 13.88 13.49 13.08 12.68 12.24 11.95 11.70 11.54 11.51 11.58 11.72 12.01 12.40 12.96 13.58 14.32 15.11 15.92 16.73 17.46 18.16 18.94 19.41 19.71 19.82 19.78 19.48 19.26 18.99 18.65 18.31 17.94 17.54 17.06 16.50 15.88 15.22 14.57 14.04 13.54 13.17 12.86 12.78 12.68 12.63 12.65 12.72 12.80 12.84 12.83 12.82 12.78 12.70 12.61 12.52 12.45 12.40 12.39 12.41
13.09 13.09 13.12 13.15 13.18 13.19 13.18 13.17 13.17 13.18 13.25 13.39 13.62 13.91 14.20 14.43 14.54 14.49 14.26 13.95 13.51 13.06 12.58 12.14 11.66 11.30 10.96 10.71 10.57 10.57 10.68 10.86 11.18 11.67 12.28 13.06 13.88 14.77 15.67 16.57 17.44 18.22 19.07 19.62 19.94 20.02 19.77 19.55 19.27 18.93 18.58 18.22 17.83 17.41 16.90 16.26 15.51 14.70 13.93 13.17 12.55 12.09 11.77 11.53 11.47 11.42 11.47 11.61 11.78 11.90 12.04 12.11 12.11 12.05 11.96 11.87 11.79 11.76 11.76 11.80
12.44 12.45 12.48 12.55 12.61 12.64 12.65 12.64 12.62 12.60 12.63 12.77 13.06 13.44 13.82 14.14 14.29 14.20 13.86 13.37 12.84 12.24 11.72 11.20 10.81 10.40 10.02 9.73 9.63 9.69 9.84 10.04 10.36 10.87 11.60 12.50 13.45 14.43 15.42 16.40 17.36 18.27 19.10 19.90 20.24 20.11 19.89 19.57 19.21 18.82 18.45 18.07 17.70 17.28 16.76 16.07 15.18 14.22 13.21 12.27 11.50 11.00 10.68 10.45 10.25 10.22 10.31 10.55 10.82 11.11 11.34 11.47 11.51 11.46 11.36 11.24 11.15 11.12 11.16 11.22
11.74 11.80 11.92 12.04 12.10 12.15 12.17 12.16 12.12 12.06 12.02 12.11 12.49 12.98 13.46 13.89 14.16 14.02 13.53 12.90 12.21 11.51 10.84 10.44 10.07 9.65 9.20 8.81 8.76 8.95 9.15 9.34 9.57 10.06 10.97 12.02 13.06 14.12 15.16 16.20 17.24 18.25 19.24 20.10 20.61 20.31 19.91 19.48 19.04 18.63 18.23 17.84 17.49 17.11 16.67 15.94 14.86 13.72 12.52 11.36 10.41 9.95 9.71 9.49 9.24 9.04 9.19 9.60 10.03 10.43 10.75 10.95 10.99 10.93 10.81 10.66 10.52 10.51 10.61 10.72
11.04 11.27 11.45 11.59 11.69 11.75 11.77 11.76 11.72 11.64 11.52 11.43 12.02 12.58 13.10 13.59 14.04 13.82 13.17 12.48 11.73 10.89 10.14 9.88 9.56 9.14 8.65 8.07 8.16 8.49 8.73 8.91 9.02 9.37 10.55 11.67 12.78 13.84 14.90 15.96 17.01 18.07 19.13 20.22 20.78 20.23 19.72 19.23 18.76 18.32 17.91 17.52 17.15 16.80 16.48 15.76 14.51 13.23 11.95 10.65 9.31 9.15 9.00 8.79 8.50 8.15 8.27 8.85 9.42 9.87 10.25 10.55 10.54 10.48 10.36 10.19 9.97 9.99 10.18 10.32
10.94 10.99 11.12 11.24 11.34 11.41 11.45 11.45 11.42 11.37 11.33 11.42 11.79 12.26 12.73 13.13 13.38 13.21 12.70 12.06 11.36 10.65 10.05 9.66 9.32 8.94 8.53 8.19 8.19 8.41 8.64 8.85 9.09 9.59 10.49 11.53 12.59 13.63 14.64 15.66 16.68 17.68 18.66 19.45 19.84 19.58 19.24 18.78 18.33 17.89 17.47 17.07 16.67 16.28 15.81 15.05 13.97 12.76 11.54 10.36 9.38 8.89 8.64 8.41 8.17 7.98 8.10 8.54 9.00 9.45 9.80 10.05 10.13 10.10 10.01 9.89 9.77 9.78 9.91 10.04
10.83 10.83 10.90 10.99 11.08 11.15 11.19 11.22 11.22 11.22 11.26 11.39 11.66 12.01 12.35 12.62 12.74 12.58 12.22 11.72 11.14 10.57 10.04 9.66 9.31 9.00 8.71 8.51 8.50 8.63 8.83 9.07 9.40 9.92 10.67 11.54 12.49 13.43 14.39 15.33 16.25 17.14 17.88 18.53 18.83 18.77 18.55 18.18 17.77 17.35 16.94 16.52 16.08 15.62 15.05 14.31 13.37 12.32 11.26 10.26 9.44 8.89 8.54 8.30 8.11 8.03 8.17 8.45 8.81 9.16 9.45 9.65 9.79 9.80 9.76 9.69 9.65 9.67 9.76 9.86
10.72 10.70 10.73 10.80 10.87 10.94 11.00 11.05 11.08 11.13 11.20 11.33 11.54 11.78 12.01 12.15 12.20 12.08 11.81 11.42 10.96 10.51 10.07 9.74 9.46 9.20 9.01 8.90 8.89 8.99 9.17 9.43 9.78 10.25 10.89 11.65 12.43 13.27 14.12 14.96 15.71 16.47 17.13 17.63 17.89 17.90 17.71 17.42 17.12 16.74 16.33 15.90 15.44 14.93 14.34 13.65 12.81 11.91 11.01 10.17 9.46 8.93 8.56 8.32 8.16 8.12 8.25 8.45 8.72 9.00 9.25 9.42 9.52 9.59 9.58 9.56 9.56 9.60 9.67 9.76
10.61 10.58 10.60 10.65 10.72 10.79 10.86 10.92 10.99 11.06 11.15 11.26 11.42 11.58 11.70 11.80 11.80 11.68 11.46 11.15 10.81 10.47 10.17 9.86 9.66 9.50 9.38 9.33 9.35 9.44 9.60 9.84 10.15 10.58 11.13 11.76 12.42 13.14 13.87 14.56 15.24 15.87 16.40 16.79 17.01 17.04 16.92 16.70 16.39 16.07 15.67 15.24 14.77 14.26 13.71 13.03 12.30 11.53 10.77 10.06 9.46 8.97 8.62 8.40 8.25 8.25 8.33 8.49 8.70 8.92 9.13 9.28 9.38 9.42 9.45 9.46 9.50 9.54 9.61 9.71
10.39 10.47 10.48 10.52 10.59 10.67 10.75 10.84 10.92 11.01 11.10 11.20 11.30 11.41 11.48 11.51 11.47 11.36 11.18 10.94 10.68 10.45 10.23 10.06 9.90 9.83 9.78 9.79 9.83 9.93 10.07 10.27 10.54 10.90 11.35 11.86 12.42 13.01 13.62 14.22 14.78 15.29 15.71 16.01 16.19 16.23 16.14 15.96 15.70 15.37 14.99 14.58 14.13 13.61 13.09 12.47 11.82 11.17 10.53 9.94 9.42 9.00 8.70 8.48 8.35 8.35 8.42 8.55 8.72 8.90 9.08 9.22 9.31 9.35 9.36 9.41 9.43 9.49 9.57 9.68
10.33 10.31 10.36 10.41 10.48 10.57 10.67 10.77 10.87 10.97 11.06 11.15 11.21 11.26 11.29 11.28 11.21 11.10 10.94 10.75 10.59 10.42 10.29 10.21 10.16 10.16 10.17 10.27 10.34 10.43 10.54 10.69 10.91 11.20 11.55 11.98 12.43 12.90 13.40 13.89 14.33 14.73 15.06 15.29 15.43 15.46 15.40 15.24 15.01 14.71 14.35 13.95 13.51 13.06 12.50 11.95 11.38 10.83 10.29 9.80 9.36 9.00 8.72 8.54 8.45 8.44 8.50 8.61 8.77 8.95 9.09 9.21 9.28 9.32 9.32 9.35 9.38 9.44 9.53 9.67
10.10 10.09 10.15 10.30 10.39 10.49 10.60 10.72 10.84 10.95 11.04 11.11 11.14 11.16 11.13 11.09 11.09 10.98 10.74 10.60 10.49 10.39 10.34 10.36 10.44 10.52 10.63 10.88 10.97 10.95 11.02 11.11 11.25 11.46 11.75 12.05 12.43 12.81 13.19 13.57 13.91 14.21 14.45 14.62 14.72 14.74 14.68 14.55 14.34 14.06 13.72 13.34 12.95 12.48 11.95 11.45 10.96 10.50 10.06 9.65 9.40 8.95 8.74 8.58 8.51 8.50 8.56 8.68 8.83 9.01 9.18 9.37 9.31 9.32 9.31 9.29 9.31 9.37 9.49 9.65
9.96 9.98 10.05 10.14 10.26 10.41 10.54 10.68 10.81 10.94 11.08 11.09 11.17 11.15 11.09 11.01 10.90 10.79 10.58 10.47 10.39 10.34 10.37 10.49 10.69 10.90 11.11 11.41 11.52 11.55 11.55 11.57 11.62 11.75 11.90 12.12 12.41 12.69 12.98 13.26 13.52 13.73 13.90 14.01 14.07 14.08 14.03 13.91 13.71 13.45 13.13 12.76 12.37 11.92 11.46 10.98 10.64 10.27 9.92 9.60 9.30 9.05 8.74 8.61 8.54 8.53 8.60 8.73 8.90 9.09 9.36 9.45 9.48 9.46 9.39 9.32 9.22 9.35 9.42 9.62
9.81 9.84 9.93 10.04 10.18 10.32 10.49 10.65 10.81 10.97 11.10 11.17 11.16 11.09 10.99 10.86 10.74 10.63 10.55 10.47 10.30 10.28 10.37 10.60 11.01 11.37 11.71 11.98 12.08 12.04 11.97 11.91 11.89 11.92 12.01 12.16 12.37 12.58 12.78 12.98 13.16 13.30 13.39 13.45 13.47 13.47 13.43 13.32 13.14 12.90 12.59 12.22 11.79 11.39 10.95 10.57 10.24 9.95 9.68 9.43 9.20 8.99 8.83 8.71 8.54 8.53 8.60 8.76 9.05 9.28 9.47 9.57 9.56 9.48 9.35 9.23 9.17 9.22 9.38 9.60
9.65 9.70 9.82 9.95 10.10 10.25 10.43 10.60 10.78 10.96 11.12 11.22 11.17 11.04 10.90 10.74 10.59 10.49 10.45 10.39 10.33 10.20 10.31 10.75 11.22 11.71 12.19 12.58 12.65 12.50 12.32 12.18 12.09 12.05 12.09 12.18 12.30 12.45 12.60 12.72 12.84 12.92 12.94 12.92 12.91 12.93 12.89 12.80 12.61 12.40 12.08 11.73 11.33 10.91 10.46 10.11 9.88 9.67 9.47 9.28 9.09 8.92 8.79 8.68 8.60 8.49 8.57 8.83 9.07 9.34 9.59 9.73 9.67 9.48 9.29 9.11 8.99 9.04 9.26 9.53
9.47 9.60 9.74 9.88 10.03 10.18 10.34 10.51 10.69 10.89 11.11 11.30 11.14 10.98 10.82 10.65 10.47 10.42 10.42 10.39 10.34 10.27 10.29 10.86 11.42 11.99 12.56 13.15 13.10 12.82 12.58 12.38 12.23 12.14 12.14 12.18 12.26 12.34 12.42 12.50 12.55 12.58 12.56 12.49 12.43 12.47 12.44 12.35 12.19 11.96 11.68 11.34 10.97 10.53 10.05 9.71 9.59 9.45 9.30 9.15 9.00 8.87 8.76 8.66 8.57 8.50 8.57 8.80 9.06 9.33 9.63 9.94 9.68 9.44 9.21 9.00 8.81 8.89 9.15 9.45
9.54 9.60 9.70 9.83 9.96 10.10 10.22 10.40 10.57 10.78 10.95 11.05 11.00 10.88 10.75 10.62 10.51 10.47 10.48 10.49 10.50 10.52 10.70 11.13 11.65 12.19 12.69 13.08 13.12 12.93 12.71 12.50 12.34 12.23 12.19 12.18 12.18 12.23 12.26 12.30 12.31 12.31 12.27 12.20 12.15 12.13 12.07 11.96 11.83 11.60 11.34 11.03 10.68 10.28 9.88 9.59 9.43 9.30 9.17 9.04 8.93 8.83 8.73 8.65 8.58 8.52 8.60 8.79 9.01 9.24 9.47 9.61 9.51 9.31 9.11 8.94 8.83 8.90 9.12 9.38
9.60 9.62 9.69 9.79 9.86 9.99 10.13 10.27 10.44 10.58 10.71 10.78 10.82 10.76 10.69 10.62 10.58 10.58 10.61 10.67 10.74 10.86 11.09 11.45 11.89 12.33 12.71 12.98 13.04 12.92 12.75 12.57 12.39 12.29 12.18 12.14 12.11 12.10 12.09 12.11 12.11 12.09 12.05 11.99 11.93 11.87 11.79 11.66 11.50 11.30 11.06 10.78 10.47 10.12 9.78 9.51 9.35 9.21 9.08 8.98 8.88 8.80 8.72 8.66 8.57 8.57 8.63 8.74 8.93 9.09 9.26 9.31 9.26 9.13 8.99 8.88 8.81 8.88 9.07 9.32
9.63 9.64 9.69 9.70 9.80 9.91 10.02 10.14 10.27 10.40 10.50 10.57 10.60 10.60 10.59 10.59 10.65 10.69 10.73 10.84 11.01 11.19 11.44 11.76 12.11 12.48 12.77 12.93 12.98 12.91 12.76 12.60 12.42 12.28 12.17 12.07 12.01 11.96 11.94 11.94 11.93 11.91 11.87 11.81 11.74 11.66 11.56 11.42 11.26 11.06 10.83 10.58 10.27 9.99 9.70 9.46 9.27 9.12 8.97 8.87 8.85 8.71 8.65 8.59 8.60 8.59 8.63 8.70 8.79 8.90 8.97 9.04 8.95 8.88 8.80 8.75 8.75 8.84 9.01 9.24
9.66 9.66 9.61 9.67 9.74 9.82 9.91 10.00 10.10 10.21 10.30 10.37 10.42 10.47 10.52 10.58 10.65 10.77 10.91 11.06 11.24 11.46 11.75 12.05 12.35 12.62 12.85 13.00 13.01 12.91 12.73 12.56 12.38 12.22 12.09 11.97 11.87 11.83 11.81 11.79 11.76 11.75 11.71 11.64 11.57 11.49 11.37 11.24 11.06 10.84 10.60 10.35 10.09 9.90 9.64 9.41 9.22 9.05 8.95 8.86 8.77 8.69 8.63 8.60 8.57 8.57 8.63 8.65 8.68 8.70 8.75 8.73 8.71 8.67 8.61 8.61 8.65 8.75 8.91 9.13
9.68 9.57 9.60 9.63 9.67 9.72 9.77 9.83 9.90 9.98 10.06 10.18 10.27 10.36 10.46 10.58 10.71 10.87 11.07 11.27 11.49 11.74 12.01 12.28 12.57 12.79 12.96 13.04 13.02 12.89 12.70 12.47 12.23 12.11 11.94 11.83 11.72 11.68 11.65 11.64 11.62 11.59 11.57 11.51 11.44 11.34 11.23 11.08 10.88 10.67 10.45 10.21 10.00 9.76 9.58 9.37 9.15 9.02 8.91 8.82 8.76 8.69 8.64 8.61 8.61 8.60 8.58 8.57 8.57 8.54 8.53 8.50 8.46 8.43 8.42 8.44 8.51 8.62 8.77 8.98
9.57 9.57 9.58 9.59 9.60 9.62 9.65 9.68 9.73 9.79 9.86 9.97 10.12 10.24 10.40 10.57 10.75 10.99 11.22 11.47 11.73 12.01 12.28 12.53 12.80 12.98 13.11 13.14 13.08 12.90 12.66 12.39 12.12 11.86 11.76 11.65 11.55 11.51 11.49 11.49 11.48 11.47 11.44 11.40 11.33 11.23 11.10 10.92 10.74 10.54 10.32 10.10 9.91 9.68 9.40 9.24 9.12 8.99 8.88 8.80 8.76 8.74 8.70 8.70 8.65 8.63 8.59 8.53 8.46 8.37 8.31 8.25 8.23 8.20 8.21 8.25 8.32 8.45 8.61 8.82
9.58 9.57 9.55 9.54 9.53 9.53 9.53 9.54 9.57 9.60 9.67 9.77 9.92 10.10 10.32 10.54 10.78 11.07 11.37 11.66 11.95 12.25 12.57 12.83 13.04 13.20 13.28 13.29 13.16 12.93 12.63 12.27 11.95 11.67 11.47 11.43 11.34 11.31 11.31 11.33 11.34 11.35 11.34 11.32 11.25 11.14 10.99 10.81 10.61 10.43 10.22 10.00 9.81 9.54 9.36 9.20 9.07 8.97 8.85 8.77 8.76 8.72 8.74 8.75 8.76 8.73 8.64 8.54 8.40 8.26 8.09 8.04 7.98 7.96 8.00 8.04 8.13 8.27 8.45 8.64
9.58 9.56 9.53 9.49 9.45 9.42 9.40 9.39 9.39 9.41 9.46 9.57 9.75 9.97 10.25 10.54 10.87 11.18 11.47 11.83 12.20 12.52 12.82 13.07 13.27 13.43 13.50 13.42 13.23 12.96 12.58 12.13 11.74 11.43 11.22 11.09 11.03 11.09 11.11 11.15 11.20 11.23 11.27 11.26 11.19 11.06 10.89 10.70 10.51 10.31 10.10 9.85 9.68 9.50 9.33 9.18 9.05 8.94 8.86 8.78 8.73 8.75 8.79 8.84 8.87 8.85 8.76 8.61 8.38 8.15 7.94 7.82 7.74 7.73 7.78 7.85 7.94 8.09 8.28 8.49
9.59 9.55 9.49 9.43 9.37 9.32 9.28 9.25 9.23 9.21 9.25 9.36 9.61 9.90 10.22 10.56 10.90 11.25 11.62 11.99 12.38 12.74 13.05 13.30 13.47 13.63 13.71 13.67 13.42 12.98 12.46 11.92 11.44 11.11 10.91 10.83 10.81 10.83 10.91 10.98 11.06 11.12 11.18 11.21 11.15 11.01 10.82 10.62 10.41 10.21 10.01 9.80 9.61 9.44 9.30 9.17 9.01 8.94 8.85 8.78 8.74 8.78 8.88 8.96 9.03 9.02 8.91 8.71 8.43 8.13 7.83 7.63 7.56 7.57 7.61 7.67 7.77 7.92 8.11 8.34
9.59 9.53 9.44 9.36 9.29 9.23 9.16 9.13 9.09 9.07 9.06 9.15 9.44 9.81 10.18 10.56 10.93 11.31 11.71 12.12 12.53 12.94 13.27 13.46 13.63 13.80 13.94 13.96 13.63 13.03 12.37 11.71 11.11 10.69 10.58 10.57 10.59 10.63 10.68 10.76 10.88 10.97 11.07 11.16 11.13 10.95 10.72 10.51 10.27 10.11 9.91 9.75 9.57 9.42 9.26 9.14 9.08 9.00 8.91 8.81 8.77 8.87 9.02 9.15 9.23 9.27 9.15 8.87 8.54 8.16 7.76 7.45 7.42 7.47 7.53 7.57 7.62 7.76 7.98 8.22
9.59 9.46 9.35 9.26 9.18 9.12 9.07 9.03 8.99 8.95 8.91 8.91 9.35 9.78 10.19 10.59 10.97 11.38 11.80 12.21 12.63 13.05 13.43 13.54 13.67 13.83 14.01 14.21 13.72 12.97 12.24 11.52 10.81 10.28 10.31 10.34 10.39 10.43 10.49 10.56 10.65 10.75 10.88 11.04 11.07 10.80 10.56 10.35 10.16 9.98 9.85 9.70 9.55 9.42 9.29 9.21 9.18 9.13 9.06 8.95 8.81 9.05 9.26 9.42 9.52 9.56 9.44 9.12 8.75 8.32 7.83 7.30 7.43 7.52 7.56 7.57 7.55 7.68 7.93 8.15
9.37 9.31 9.22 9.14 9.07 9.02 8.99 8.96 8.94 8.94 8.96 9.10 9.43 9.84 10.25 10.66 11.06 11.47 11.87 12.27 12.65 13.01 13.30 13.45 13.57 13.68 13.78 13.77 13.38 12.74 12.06 11.38 10.76 10.34 10.21 10.19 10.21 10.25 10.29 10.35 10.41 10.50 10.61 10.72 10.71 10.55 10.35 10.17 10.01 9.87 9.77 9.66 9.55 9.46 9.39 9.36 9.35 9.35 9.32 9.28 9.29 9.44 9.62 9.75 9.84 9.85 9.71 9.43 9.07 8.65 8.21 7.86 7.76 7.76 7.75 7.73 7.73 7.81 7.97 8.15
9.16 9.11 9.05 8.99 8.95 8.92 8.91 8.91 8.93 8.98 9.08 9.27 9.58 9.96 10.37 10.78 11.17 11.57 11.95 12.30 12.62 12.91 13.12 13.26 13.35 13.40 13.39 13.26 12.92 12.41 11.83 11.26 10.76 10.39 10.19 10.10 10.08 10.07 10.08 10.10 10.14 10.21 10.27 10.32 10.30 10.21 10.08 9.95 9.83 9.74 9.67 9.61 9.56 9.53 9.52 9.54 9.58 9.63 9.67 9.72 9.80 9.92 10.06 10.17 10.23 10.19 10.06 9.81 9.49 9.12 8.74 8.44 8.25 8.13 8.06 8.00 7.98 8.01 8.10 8.22
