data/SP espacial/U10062017.grd
DSAA
132	56
0.0000	120.0000
0.0000	50.0000
17.2269	26.0427
[rows 0 to 33 of 56, columns 0 to 76 of 132]
18.00 18.69 18.79 18.90 19.04 19.17 19.31 19.33 19.46 19.48 19.63 19.99 20.17 20.10 20.30 20.51 20.72 20.93 21.15 21.37 21.60 21.83 22.03 22.01 22.01 22.00 21.99 21.99 21.97 21.98 21.99 22.01 21.97 21.80 21.86 21.93 22.02 22.38 22.49 22.68 22.80 22.83 22.99 23.18 23.31 23.11 22.93 22.85 22.68 22.50 22.28 22.08 21.72 21.53 21.36 21.14 21.03 21.26 21.18 21.13 21.11 20.91 20.95 21.04 21.16 21.31 21.41 21.45 21.50 21.58 21.68 21.78 21.88 21.98 22.07 22.23 22.30
18.64 18.67 18.76 18.86 18.98 19.10 19.23 19.35 19.37 19.40 19.55 19.72 20.08 20.27 20.24 20.45 20.67 20.88 21.10 21.32 21.54 21.74 21.88 21.93 21.93 21.92 21.92 21.91 21.90 21.91 21.93 21.89 21.92 21.76 21.81 21.88 21.97 22.31 22.42 22.59 22.71 22.74 22.88 23.01 23.09 22.97 22.81 22.72 22.56 22.39 22.17 21.81 21.61 21.41 21.24 21.02 20.90 21.11 21.04 20.99 20.97 20.80 20.85 20.93 21.05 21.18 21.29 21.36 21.44 21.53 21.64 21.75 21.86 21.97 22.13 22.22 22.19
18.66 18.68 18.74 18.83 18.93 19.03 19.14 19.26 19.27 19.31 19.47 19.64 19.83 20.17 20.36 20.37 20.59 20.81 21.02 21.23 21.43 21.60 21.72 21.78 21.80 21.80 21.80 21.80 21.79 21.80 21.82 21.79 21.83 21.69 21.74 21.80 21.88 22.19 22.29 22.45 22.56 22.58 22.68 22.74 22.80 22.72 22.60 22.53 22.39 22.24 22.02 21.68 21.47 21.27 21.09 20.86 20.75 20.93 20.86 20.82 20.80 20.65 20.70 20.78 20.89 21.01 21.13 21.23 21.33 21.44 21.57 21.70 21.82 21.94 22.10 22.11 22.17
18.68 18.69 18.73 18.79 18.87 18.95 19.05 19.16 19.27 19.22 19.36 19.53 19.72 19.92 20.24 20.28 20.49 20.71 20.92 21.11 21.30 21.45 21.55 21.62 21.64 21.65 21.64 21.64 21.63 21.65 21.93 21.92 21.70 21.58 21.64 21.70 21.77 21.84 22.12 22.26 22.34 22.36 22.42 22.45 22.50 22.44 22.34 22.29 22.17 22.03 21.71 21.50 21.30 21.10 20.92 20.69 20.58 20.75 20.66 20.62 20.60 20.46 20.51 20.59 20.69 20.80 20.93 21.05 21.18 21.32 21.47 21.61 21.75 22.07 21.98 22.07 22.14
18.69 18.68 18.71 18.75 18.81 18.88 18.96 19.05 19.16 19.11 19.25 19.41 19.59 19.78 20.00 20.31 20.38 20.59 20.80 20.99 21.16 21.29 21.39 21.44 21.46 21.46 21.45 21.44 21.44 21.66 21.71 21.71 21.77 21.45 21.51 21.57 21.62 21.68 21.91 22.02 22.09 22.10 22.13 22.14 22.18 22.13 22.05 22.00 21.91 21.80 21.50 21.31 21.11 20.91 20.73 20.52 20.62 20.53 20.51 20.39 20.36 20.25 20.29 20.36 20.46 20.57 20.71 20.85 21.01 21.17 21.34 21.51 21.82 21.80 21.93 22.03 22.10
18.69 18.67 18.68 18.71 18.74 18.80 18.86 18.94 19.03 18.99 19.11 19.26 19.43 19.63 19.84 20.07 20.36 20.47 20.67 20.86 21.02 21.14 21.22 21.27 21.27 21.26 21.23 21.22 21.37 21.40 21.45 21.47 21.53 21.28 21.35 21.41 21.45 21.49 21.53 21.74 21.80 21.81 21.84 21.87 21.84 21.80 21.74 21.69 21.50 21.37 21.26 21.08 20.90 20.71 20.53 20.49 20.38 20.28 20.24 20.18 20.19 20.00 20.04 20.11 20.21 20.32 20.47 20.63 20.81 20.99 21.19 21.50 21.55 21.71 21.85 21.97 22.04
18.69 18.66 18.65 18.66 18.68 18.71 18.76 18.82 18.89 18.98 18.96 19.09 19.26 19.46 19.67 19.90 20.13 20.32 20.54 20.73 20.89 21.01 21.18 21.10 21.08 21.04 20.99 21.12 21.07 21.10 21.16 21.20 21.28 21.23 21.17 21.22 21.26 21.28 21.30 21.41 21.45 21.47 21.50 21.52 21.49 21.46 21.42 21.32 21.25 21.03 21.01 20.84 20.67 20.49 20.43 20.24 20.12 20.01 19.95 19.88 19.85 19.75 19.76 19.83 19.93 20.05 20.21 20.39 20.59 20.80 21.02 21.22 21.42 21.61 21.77 21.90 21.98
18.68 18.64 18.62 18.61 18.62 18.63 18.66 18.69 18.74 18.80 18.78 18.91 19.07 19.26 19.48 19.71 19.95 20.22 20.39 20.61 20.77 20.89 21.00 20.94 20.88 20.86 20.82 20.77 20.74 20.76 20.84 20.91 21.00 20.99 21.04 21.02 21.05 21.13 21.14 21.16 21.15 21.15 21.15 21.16 21.14 21.11 21.08 21.01 20.89 20.78 20.74 20.59 20.44 20.33 20.17 19.98 19.86 19.73 19.64 19.56 19.50 19.50 19.47 19.53 19.64 19.82 19.98 20.14 20.36 20.58 20.86 21.04 21.27 21.48 21.68 21.83 21.92
18.68 18.63 18.60 18.57 18.56 18.55 18.56 18.56 18.58 18.62 18.60 18.71 18.86 19.06 19.28 19.51 19.76 20.02 20.26 20.47 20.67 20.81 20.86 20.81 20.72 20.58 20.46 20.38 20.35 20.40 20.50 20.61 20.72 20.79 20.80 20.83 20.85 20.86 20.88 20.85 20.84 20.82 20.80 20.78 20.76 20.75 20.72 20.64 20.58 20.53 20.44 20.34 20.20 20.07 19.92 19.81 19.59 19.44 19.32 19.21 19.13 19.12 19.15 19.22 19.33 19.48 19.66 19.87 20.10 20.35 20.61 20.85 21.10 21.35 21.58 21.76 21.87
18.73 18.66 18.58 18.55 18.52 18.49 18.47 18.45 18.43 18.44 18.47 18.51 18.66 18.86 19.08 19.32 19.57 19.83 20.09 20.34 20.56 20.71 20.76 20.66 20.48 20.28 20.08 19.95 19.93 20.01 20.15 20.31 20.44 20.53 20.57 20.57 20.59 20.58 20.56 20.54 20.52 20.45 20.42 20.41 20.39 20.37 20.37 20.32 20.27 20.21 20.14 20.06 19.93 19.82 19.70 19.54 19.34 19.17 18.99 18.85 18.76 18.74 18.78 18.86 19.01 19.15 19.35 19.57 19.82 20.09 20.37 20.64 20.92 21.20 21.46 21.69 21.83
18.75 18.68 18.62 18.57 18.49 18.45 18.41 18.36 18.32 18.28 18.27 18.30 18.46 18.68 18.91 19.14 19.38 19.63 19.91 20.18 20.44 20.65 20.70 20.52 20.26 19.97 19.70 19.49 19.49 19.63 19.81 20.00 20.18 20.29 20.33 20.30 20.32 20.27 20.25 20.22 20.20 20.11 20.07 20.02 20.01 20.02 20.04 20.01 19.95 19.91 19.85 19.78 19.67 19.58 19.46 19.30 19.09 18.88 18.68 18.50 18.38 18.38 18.44 18.53 18.68 18.82 19.03 19.29 19.56 19.84 20.12 20.42 20.72 21.03 21.32 21.60 21.81
18.79 18.70 18.63 18.57 18.52 18.46 18.38 18.32 18.25 18.19 18.13 18.10 18.32 18.54 18.76 18.98 19.20 19.44 19.72 20.00 20.27 20.52 20.68 20.35 20.01 19.68 19.36 19.04 19.09 19.29 19.49 19.70 19.92 20.07 20.03 20.01 20.00 19.97 19.94 19.91 19.84 19.80 19.75 19.68 19.66 19.70 19.73 19.72 19.65 19.61 19.56 19.46 19.39 19.32 19.21 19.07 18.84 18.61 18.39 18.19 18.00 18.06 18.15 18.26 18.38 18.55 18.75 19.03 19.32 19.60 19.88 20.19 20.51 20.82 21.13 21.43 21.73
18.80 18.72 18.65 18.58 18.52 18.46 18.38 18.31 18.23 18.16 18.11 18.13 18.29 18.47 18.66 18.86 19.07 19.28 19.53 19.76 19.99 20.19 20.24 20.05 19.76 19.42 19.13 18.91 18.90 19.03 19.20 19.39 19.58 19.69 19.71 19.71 19.71 19.68 19.65 19.61 19.55 19.51 19.46 19.42 19.41 19.43 19.46 19.45 19.42 19.34 19.29 19.18 19.10 19.03 18.89 18.74 18.56 18.35 18.15 17.98 17.86 17.86 17.94 18.06 18.19 18.39 18.59 18.85 19.12 19.38 19.66 19.98 20.28 20.57 20.86 21.13 21.30
18.83 18.74 18.67 18.61 18.54 18.47 18.39 18.31 18.24 18.18 18.16 18.17 18.25 18.44 18.59 18.76 18.95 19.09 19.30 19.51 19.65 19.78 19.82 19.67 19.49 19.22 18.99 18.82 18.77 18.83 18.94 19.07 19.20 19.33 19.35 19.39 19.42 19.30 19.37 19.34 19.29 19.26 19.21 19.21 19.18 19.21 19.23 19.21 19.18 19.09 18.94 18.88 18.82 18.70 18.60 18.43 18.23 18.11 17.94 17.81 17.74 17.75 17.81 17.92 18.02 18.18 18.48 18.71 18.95 19.26 19.51 19.76 20.03 20.29 20.54 20.70 20.83
18.87 18.78 18.71 18.65 18.58 18.50 18.43 18.36 18.29 18.23 18.20 18.20 18.27 18.36 18.54 18.61 18.76 18.93 19.10 19.26 19.35 19.43 19.45 19.35 19.19 19.02 18.83 18.69 18.63 18.63 18.69 18.78 18.88 18.97 19.03 19.06 19.03 19.02 19.02 19.00 19.04 19.03 19.00 18.98 18.98 19.03 19.01 18.98 18.96 18.84 18.69 18.62 18.53 18.43 18.32 18.13 17.97 17.82 17.76 17.67 17.63 17.64 17.70 17.77 17.90 18.07 18.37 18.59 18.82 19.10 19.33 19.56 19.78 20.01 20.15 20.30 20.40
18.93 18.84 18.77 18.71 18.64 18.57 18.50 18.43 18.37 18.31 18.28 18.27 18.31 18.36 18.44 18.53 18.65 18.77 18.91 18.99 19.09 19.14 19.10 19.08 18.95 18.80 18.67 18.55 18.48 18.46 18.46 18.52 18.55 18.63 18.74 18.79 18.76 18.77 18.77 18.84 18.83 18.82 18.81 18.80 18.81 18.86 18.83 18.80 18.75 18.63 18.48 18.40 18.30 18.19 18.06 17.93 17.75 17.63 17.62 17.55 17.53 17.55 17.61 17.67 17.81 17.98 18.17 18.48 18.69 18.96 19.17 19.37 19.56 19.72 19.81 19.93 20.01
19.17 18.91 18.85 18.79 18.72 18.66 18.60 18.53 18.47 18.42 18.37 18.34 18.33 18.37 18.40 18.46 18.54 18.64 18.74 18.80 18.88 18.88 18.87 18.81 18.75 18.62 18.51 18.40 18.32 18.29 18.29 18.29 18.30 18.37 18.44 18.60 18.64 18.66 18.67 18.65 18.65 18.65 18.64 18.64 18.73 18.70 18.68 18.64 18.59 18.53 18.33 18.24 18.15 17.99 17.85 17.73 17.62 17.56 17.49 17.44 17.43 17.46 17.50 17.60 17.73 17.90 18.08 18.39 18.59 18.78 19.01 19.19 19.34 19.47 19.57 19.60 19.64
19.22 19.10 18.94 18.89 18.83 18.78 18.72 18.66 18.61 18.55 18.49 18.44 18.40 18.36 18.38 18.40 18.44 18.51 18.56 18.65 18.68 18.71 18.70 18.64 18.60 18.47 18.35 18.25 18.17 18.13 18.12 18.09 18.09 18.16 18.22 18.41 18.45 18.49 18.51 18.49 18.50 18.51 18.51 18.51 18.60 18.58 18.55 18.51 18.46 18.39 18.19 18.10 18.00 17.88 17.69 17.58 17.47 17.45 17.39 17.35 17.35 17.39 17.44 17.55 17.69 17.85 18.02 18.21 18.46 18.65 18.88 19.03 19.15 19.24 19.31 19.30 19.32
19.24 19.10 19.05 19.01 18.97 18.92 18.87 18.82 18.76 18.70 18.63 18.56 18.48 18.41 18.37 18.35 18.37 18.42 18.45 18.54 18.57 18.61 18.60 18.53 18.43 18.35 18.22 18.15 18.06 17.98 17.92 17.93 17.92 17.98 18.13 18.19 18.21 18.26 18.29 18.29 18.31 18.44 18.44 18.43 18.45 18.43 18.40 18.33 18.27 18.21 18.08 17.98 17.87 17.76 17.58 17.47 17.48 17.41 17.30 17.28 17.30 17.31 17.40 17.52 17.66 17.82 17.99 18.17 18.40 18.57 18.72 18.89 18.98 19.05 19.09 19.10 19.03
19.32 19.22 19.16 19.12 19.10 19.09 19.05 19.00 18.95 18.88 18.82 18.66 18.61 18.50 18.39 18.33 18.30 18.34 18.37 18.47 18.52 18.57 18.57 18.50 18.37 18.27 18.11 18.03 17.93 17.89 17.83 17.84 17.88 17.88 18.00 18.07 18.11 18.16 18.06 18.21 18.23 18.37 18.37 18.36 18.38 18.37 18.34 18.27 18.22 18.05 18.02 17.92 17.81 17.70 17.59 17.47 17.46 17.39 17.33 17.24 17.26 17.32 17.38 17.52 17.66 17.82 17.99 18.16 18.33 18.52 18.72 18.81 18.86 18.91 18.91 18.88 18.80
19.42 19.34 19.29 19.26 19.22 19.23 19.25 19.21 19.16 19.10 19.02 18.90 18.77 18.61 18.44 18.30 18.24 18.26 18.35 18.48 18.54 18.62 18.62 18.53 18.45 18.26 18.09 17.92 17.83 17.74 17.75 17.76 17.80 17.91 17.98 18.07 18.06 18.12 18.02 18.18 18.21 18.34 18.34 18.33 18.30 18.34 18.32 18.26 18.21 18.04 18.01 17.91 17.84 17.68 17.63 17.53 17.45 17.38 17.32 17.23 17.24 17.32 17.46 17.61 17.71 17.86 18.02 18.19 18.40 18.54 18.70 18.76 18.79 18.79 18.75 18.69 18.63
19.55 19.48 19.46 19.44 19.42 19.38 19.46 19.43 19.37 19.32 19.23 19.13 18.96 18.76 18.54 18.33 18.18 18.21 18.35 18.54 18.69 18.74 18.76 18.72 18.52 18.29 18.04 17.84 17.70 17.71 17.74 17.75 17.77 17.87 17.97 18.07 18.16 18.16 18.04 18.20 18.23 18.36 18.35 18.31 18.30 18.35 18.35 18.29 18.27 18.09 18.08 17.99 17.90 17.79 17.66 17.56 17.50 17.45 17.38 17.31 17.24 17.37 17.54 17.70 17.86 17.95 18.10 18.32 18.46 18.58 18.67 18.77 18.78 18.73 18.65 18.55 18.44
19.81 19.69 19.68 19.67 19.65 19.62 19.58 19.54 19.56 19.51 19.45 19.40 19.18 18.95 18.71 18.46 18.19 18.23 18.46 18.67 18.84 18.98 19.05 18.88 18.66 18.41 18.12 17.80 17.74 17.80 17.83 17.84 17.83 17.89 18.03 18.15 18.18 18.25 18.30 18.29 18.32 18.45 18.43 18.40 18.40 18.43 18.44 18.40 18.36 18.31 18.18 18.10 18.03 17.91 17.76 17.66 17.64 17.60 17.53 17.44 17.34 17.50 17.69 17.87 18.02 18.16 18.30 18.44 18.56 18.66 18.73 18.85 18.81 18.73 18.62 18.48 18.30
20.15 20.03 19.96 19.94 19.92 19.88 19.77 19.73 19.67 19.74 19.67 19.55 19.41 19.19 18.96 18.74 18.55 18.55 18.71 18.88 19.03 19.17 19.19 19.05 18.86 18.63 18.37 18.08 18.02 18.03 18.04 18.04 18.08 18.11 18.21 18.31 18.36 18.38 18.34 18.42 18.58 18.58 18.57 18.60 18.59 18.57 18.57 18.58 18.50 18.45 18.34 18.32 18.26 18.15 17.99 17.91 17.88 17.84 17.80 17.74 17.75 17.79 17.95 18.11 18.25 18.41 18.53 18.62 18.72 18.79 18.83 18.86 18.87 18.79 18.67 18.53 18.39
20.49 20.36 20.26 20.18 20.16 20.11 20.04 19.98 19.93 19.87 19.78 19.66 19.62 19.47 19.28 19.11 18.98 18.97 19.05 19.17 19.32 19.38 19.38 19.30 19.12 18.93 18.66 18.48 18.38 18.37 18.35 18.39 18.38 18.42 18.47 18.53 18.57 18.61 18.57 18.67 18.73 18.74 18.73 18.72 18.76 18.73 18.73 18.74 18.72 18.63 18.63 18.54 18.49 18.42 18.31 18.26 18.19 18.18 18.15 18.16 18.18 18.26 18.30 18.43 18.59 18.70 18.79 18.88 18.92 18.96 19.00 18.98 18.93 18.90 18.78 18.64 18.54
20.85 20.71 20.60 20.55 20.49 20.42 20.35 20.27 20.19 20.13 20.03 19.91 19.78 19.63 19.51 19.44 19.41 19.40 19.39 19.52 19.62 19.66 19.65 19.58 19.46 19.29 19.13 18.91 18.80 18.82 18.76 18.75 18.74 18.75 18.77 18.80 18.81 18.76 18.78 18.86 18.87 18.97 18.91 18.90 18.92 18.92 18.92 18.93 18.86 18.84 18.86 18.79 18.78 18.69 18.65 18.61 18.59 18.58 18.57 18.58 18.63 18.71 18.81 18.93 18.93 19.02 19.09 19.15 19.26 19.26 19.24 19.15 19.13 19.04 18.93 18.81 18.70
21.21 21.08 20.97 20.91 20.83 20.76 20.68 20.59 20.49 20.41 20.31 20.20 20.08 19.96 19.88 19.79 19.71 19.76 19.85 19.90 19.94 19.96 19.97 19.90 19.80 19.68 19.54 19.38 19.27 19.22 19.16 19.14 19.11 19.10 19.10 19.15 19.14 19.14 19.13 19.13 19.14 19.17 19.07 19.10 19.10 19.10 19.10 19.17 19.18 19.11 19.10 19.09 19.10 19.02 19.00 18.99 18.99 19.03 19.05 19.08 19.13 19.17 19.27 19.34 19.41 19.46 19.49 19.52 19.54 19.52 19.46 19.37 19.29 19.19 19.08 18.97 18.87
21.58 21.44 21.36 21.28 21.20 21.14 21.06 20.97 20.87 20.76 20.65 20.52 20.48 20.38 20.28 20.21 20.15 20.17 20.20 20.30 20.33 20.32 20.29 20.23 20.18 20.08 19.95 19.83 19.73 19.68 19.60 19.54 19.50 19.45 19.55 19.52 19.41 19.39 19.37 19.35 19.36 19.26 19.28 19.31 19.30 19.30 19.31 19.39 19.35 19.35 19.36 19.37 19.36 19.37 19.36 19.38 19.43 19.46 19.50 19.54 19.60 19.69 19.71 19.77 19.88 19.91 19.93 19.93 19.84 19.80 19.72 19.60 19.51 19.38 19.25 19.13 19.03
21.81 21.78 21.71 21.63 21.55 21.50 21.41 21.31 21.21 21.10 20.99 20.94 20.82 20.73 20.66 20.60 20.62 20.55 20.61 20.64 20.66 20.72 20.69 20.64 20.54 20.43 20.37 20.30 20.25 20.10 20.02 19.94 19.88 19.94 19.87 19.81 19.69 19.64 19.60 19.57 19.46 19.47 19.48 19.52 19.52 19.51 19.52 19.48 19.57 19.59 19.62 19.65 19.66 19.70 19.79 19.84 19.84 19.89 19.94 20.00 20.13 20.18 20.25 20.30 20.29 20.31 20.31 20.28 20.20 20.12 20.02 19.90 19.72 19.58 19.43 19.29 19.17
22.22 22.18 22.12 22.03 21.94 21.84 21.74 21.63 21.53 21.51 21.40 21.29 21.18 21.08 21.08 21.03 21.01 21.04 21.00 21.03 21.06 21.07 21.03 21.04 20.96 20.86 20.82 20.81 20.70 20.57 20.48 20.46 20.36 20.27 20.18 20.02 19.95 19.88 19.82 19.78 19.66 19.68 19.69 19.72 19.72 19.72 19.72 19.69 19.70 19.82 19.86 19.91 19.92 20.05 20.13 20.20 20.28 20.30 20.40 20.46 20.58 20.64 20.69 20.72 20.74 20.74 20.65 20.60 20.52 20.42 20.29 20.16 19.92 19.75 19.61 19.45 19.30
22.63 22.59 22.53 22.43 22.33 22.22 22.11 21.99 21.88 21.86 21.74 21.63 21.53 21.44 21.43 21.40 21.41 21.41 21.41 21.42 21.44 21.46 21.45 21.40 21.32 21.35 21.25 21.12 21.00 20.91 20.85 20.81 20.70 20.58 20.47 20.30 20.14 20.07 19.99 19.93 19.89 19.86 19.95 19.96 19.96 19.94 19.94 19.90 19.95 19.99 20.10 20.15 20.23 20.35 20.45 20.55 20.64 20.73 20.85 20.93 21.01 21.06 21.09 21.12 21.10 21.09 21.05 20.97 20.83 20.69 20.56 20.44 20.19 19.99 19.78 19.59 19.42
23.05 23.01 22.93 22.84 22.71 22.59 22.47 22.35 22.33 22.19 22.07 21.96 21.92 21.78 21.71 21.65 21.74 21.75 21.76 21.80 21.82 21.86 21.86 21.80 21.80 21.70 21.62 21.51 21.38 21.29 21.15 20.98 20.86 20.86 20.65 20.52 20.35 20.24 20.17 20.09 20.04 20.11 20.12 20.14 20.18 20.12 20.11 20.07 20.10 20.17 20.30 20.36 20.44 20.56 20.75 20.87 20.97 21.13 21.24 21.33 21.41 21.44 21.43 21.43 21.45 21.44 21.38 21.28 21.15 21.02 20.87 20.69 20.48 20.23 19.99 19.68 19.51
23.46 23.41 23.32 23.20 23.09 22.96 22.82 22.78 22.66 22.57 22.45 22.34 22.19 22.10 22.02 21.97 22.03 22.04 22.07 22.12 22.20 22.25 22.27 22.25 22.13 22.02 21.93 21.86 21.77 21.58 21.42 21.28 21.12 20.98 20.87 20.69 20.51 20.43 20.30 20.23 20.17 20.24 20.26 20.33 20.34 20.26 20.24 20.21 20.29 20.39 20.46 20.54 20.63 20.79 21.00 21.14 21.30 21.41 21.53 21.66 21.75 21.75 21.73 21.72 21.73 21.75 21.68 21.53 21.38 21.24 21.10 20.93 20.67 20.39 20.11 19.85 19.55
23.86 23.77 23.66 23.55 23.43 23.30 23.16 23.03 23.00 22.88 22.75 22.58 22.49 22.40 22.32 22.26 22.21 22.28 22.33 22.39 22.47 22.57 22.70 22.52 22.37 22.25 22.16 22.11 21.99 21.78 21.60 21.45 21.33 21.19 20.95 20.76 20.66 20.53 20.43 20.31 20.27 20.32 20.34 20.39 20.43 20.38 20.36 20.34 20.38 20.45 20.57 20.69 20.82 21.00 21.20 21.41 21.50 21.60 21.73 21.88 22.05 21.97 21.93 21.91 21.92 21.95 21.88 21.69 21.53 21.38 21.25 21.13 20.80 20.50 20.21 19.93 19.68
