data/SP espacial/U17032017.grd
DSAA
132	56
0.0000	120.0000
0.0000	50.0000
29.3305	30.8482
[rows 0 to 33 of 56, columns 0 to 76 of 132]
29.88 29.95 29.97 29.98 29.99 29.99 29.99 29.99 29.98 29.98 29.97 29.96 29.95 29.91 29.94 29.93 29.91 29.89 29.87 29.85 29.78 29.75 29.73 29.77 29.79 29.78 29.79 29.81 29.82 29.83 29.84 29.79 29.80 29.86 29.87 29.88 29.89 29.90 29.91 29.93 29.94 29.96 29.98 30.01 30.02 29.99 29.97 29.96 29.95 29.94 29.93 29.92 29.91 29.94 29.95 29.96 29.98 29.99 30.07 30.13 30.16 30.23 30.28 30.32 30.39 30.47 30.48 30.41 30.35 30.29 30.33 30.30 30.27 30.24 30.22 30.20 30.22
30.00 29.98 29.99 30.00 30.00 30.00 30.00 29.99 29.99 29.98 29.97 29.96 29.95 29.94 29.94 29.92 29.90 29.89 29.87 29.84 29.77 29.76 29.75 29.77 29.79 29.78 29.79 29.81 29.82 29.83 29.84 29.80 29.76 29.77 29.87 29.80 29.89 29.90 29.91 29.93 29.94 29.96 29.97 30.00 30.00 29.98 29.96 29.95 29.94 29.92 29.91 29.91 29.90 29.93 29.93 29.99 29.96 30.02 30.08 30.11 30.15 30.22 30.27 30.32 30.37 30.43 30.44 30.39 30.34 30.36 30.33 30.30 30.27 30.24 30.22 30.20 30.25
30.05 30.05 30.02 30.02 30.02 30.01 30.01 30.00 29.99 29.98 29.97 29.99 29.94 29.93 29.91 29.91 29.89 29.88 29.86 29.84 29.84 29.77 29.76 29.78 29.82 29.81 29.79 29.81 29.82 29.84 29.80 29.76 29.77 29.78 29.79 29.81 29.90 29.90 29.91 29.93 29.94 29.95 29.96 29.96 29.98 29.96 29.98 29.94 29.92 29.91 29.90 29.89 29.88 29.91 29.96 29.97 29.98 30.00 30.06 30.09 30.13 30.20 30.25 30.28 30.33 30.37 30.38 30.36 30.32 30.35 30.32 30.29 30.26 30.24 30.22 30.20 30.21
30.09 30.09 30.09 30.05 30.04 30.03 30.02 30.01 30.00 29.98 29.97 29.99 29.97 29.92 29.91 29.90 29.88 29.87 29.85 29.84 29.84 29.77 29.77 29.78 29.83 29.81 29.79 29.81 29.82 29.79 29.77 29.78 29.78 29.79 29.80 29.80 29.83 29.91 29.91 29.93 29.94 29.94 29.94 29.94 29.96 29.94 29.96 29.94 29.91 29.89 29.88 29.86 29.89 29.92 29.93 29.94 29.95 29.98 30.03 30.07 30.11 30.17 30.22 30.25 30.29 30.32 30.33 30.33 30.30 30.34 30.31 30.28 30.26 30.23 30.21 30.22 30.20
30.14 30.13 30.13 30.12 30.07 30.05 30.04 30.02 30.01 29.99 29.97 29.99 29.97 29.95 29.93 29.88 29.87 29.86 29.84 29.83 29.84 29.83 29.78 29.82 29.83 29.81 29.82 29.81 29.78 29.76 29.78 29.79 29.80 29.81 29.81 29.79 29.84 29.84 29.92 29.93 29.93 29.93 29.93 29.93 29.93 29.95 29.94 29.93 29.91 29.87 29.85 29.87 29.89 29.89 29.89 29.90 29.92 29.98 30.01 30.03 30.08 30.14 30.18 30.24 30.26 30.29 30.30 30.30 30.33 30.33 30.30 30.28 30.25 30.23 30.20 30.21 30.20
30.19 30.18 30.17 30.16 30.15 30.08 30.06 30.04 30.01 29.99 29.97 29.98 29.96 29.94 29.91 29.89 29.85 29.84 29.83 29.82 29.83 29.83 29.77 29.81 29.83 29.80 29.82 29.84 29.76 29.77 29.79 29.81 29.82 29.83 29.81 29.81 29.83 29.82 29.90 29.93 29.93 29.92 29.92 29.91 29.95 29.94 29.92 29.91 29.89 29.85 29.88 29.87 29.86 29.85 29.85 29.85 29.87 29.94 29.97 30.01 30.04 30.11 30.16 30.21 30.26 30.27 30.29 30.33 30.32 30.32 30.30 30.27 30.25 30.22 30.22 30.22 30.20
30.24 30.23 30.22 30.20 30.18 30.15 30.08 30.05 30.02 30.00 29.97 29.98 29.95 29.92 29.90 29.87 29.85 29.84 29.81 29.80 29.82 29.82 29.80 29.80 29.82 29.80 29.82 29.80 29.76 29.78 29.81 29.83 29.85 29.86 29.83 29.83 29.85 29.84 29.83 29.93 29.92 29.92 29.91 29.93 29.92 29.92 29.91 29.89 29.87 29.87 29.85 29.83 29.81 29.80 29.79 29.80 29.86 29.89 29.95 29.99 30.04 30.07 30.13 30.19 30.24 30.26 30.28 30.33 30.32 30.32 30.29 30.27 30.24 30.22 30.23 30.20 30.18
30.30 30.29 30.27 30.24 30.21 30.18 30.15 30.06 30.03 30.00 29.97 29.97 29.94 29.91 29.88 29.85 29.82 29.81 29.80 29.78 29.80 29.80 29.78 29.79 29.81 29.79 29.84 29.80 29.82 29.80 29.83 29.85 29.88 29.89 29.87 29.86 29.87 29.86 29.85 29.85 29.91 29.91 29.93 29.92 29.90 29.91 29.89 29.87 29.87 29.84 29.82 29.79 29.76 29.74 29.73 29.77 29.79 29.82 29.89 29.94 30.00 30.04 30.11 30.18 30.24 30.28 30.33 30.33 30.33 30.32 30.29 30.28 30.25 30.24 30.21 30.18 30.16
30.37 30.36 30.33 30.29 30.24 30.20 30.17 30.13 30.04 30.01 29.97 29.97 29.93 29.89 29.85 29.82 29.79 29.77 29.76 29.77 29.77 29.78 29.78 29.78 29.79 29.80 29.77 29.79 29.82 29.81 29.85 29.88 29.91 29.93 29.90 29.89 29.89 29.87 29.85 29.86 29.90 29.89 29.92 29.91 29.89 29.89 29.87 29.87 29.84 29.84 29.78 29.75 29.71 29.67 29.65 29.68 29.71 29.76 29.83 29.89 29.95 30.03 30.11 30.18 30.25 30.30 30.35 30.35 30.34 30.33 30.31 30.27 30.24 30.22 30.19 30.16 30.14
30.45 30.43 30.38 30.33 30.28 30.23 30.18 30.14 30.10 30.01 29.98 29.97 29.92 29.88 29.83 29.78 29.74 29.73 29.73 29.74 29.75 29.76 29.76 29.76 29.77 29.74 29.76 29.78 29.81 29.86 29.87 29.92 29.96 29.98 29.96 29.92 29.91 29.88 29.86 29.86 29.85 29.89 29.91 29.90 29.88 29.88 29.87 29.85 29.82 29.82 29.78 29.71 29.65 29.60 29.58 29.59 29.63 29.70 29.77 29.83 29.90 29.99 30.09 30.19 30.27 30.34 30.38 30.38 30.37 30.34 30.31 30.27 30.25 30.21 30.17 30.13 30.10
30.55 30.51 30.43 30.36 30.30 30.24 30.20 30.15 30.11 30.07 29.98 29.97 29.92 29.87 29.81 29.75 29.69 29.68 29.69 29.71 29.73 29.73 29.75 29.76 29.76 29.74 29.75 29.76 29.80 29.86 29.92 29.95 30.01 30.04 30.01 29.96 29.92 29.89 29.86 29.85 29.84 29.87 29.86 29.89 29.89 29.87 29.86 29.83 29.83 29.80 29.75 29.67 29.61 29.53 29.48 29.48 29.56 29.64 29.72 29.78 29.84 29.95 30.07 30.19 30.30 30.39 30.44 30.42 30.39 30.35 30.31 30.27 30.24 30.20 30.15 30.10 30.06
30.67 30.55 30.46 30.38 30.31 30.25 30.20 30.16 30.12 30.08 30.03 29.97 29.92 29.87 29.80 29.73 29.65 29.64 29.68 29.70 29.72 29.72 29.71 29.74 29.74 29.74 29.74 29.74 29.79 29.86 29.93 29.97 30.05 30.10 30.03 29.97 29.92 29.88 29.85 29.85 29.83 29.85 29.85 29.84 29.86 29.84 29.84 29.82 29.82 29.78 29.74 29.66 29.59 29.52 29.41 29.39 29.52 29.61 29.69 29.75 29.78 29.92 30.05 30.18 30.31 30.44 30.49 30.44 30.39 30.35 30.31 30.28 30.24 30.20 30.15 30.09 30.03
30.56 30.52 30.44 30.37 30.31 30.26 30.21 30.16 30.12 30.08 30.04 29.99 29.93 29.87 29.81 29.75 29.69 29.68 29.69 29.71 29.72 29.73 29.73 29.72 29.73 29.74 29.76 29.77 29.81 29.87 29.93 29.99 30.02 30.04 30.00 29.96 29.91 29.87 29.85 29.83 29.82 29.84 29.83 29.83 29.81 29.82 29.80 29.83 29.80 29.77 29.73 29.68 29.59 29.55 29.47 29.47 29.55 29.63 29.70 29.76 29.83 29.94 30.06 30.17 30.28 30.39 30.44 30.41 30.38 30.34 30.31 30.28 30.24 30.20 30.15 30.10 30.06
30.47 30.45 30.40 30.35 30.30 30.25 30.21 30.17 30.13 30.09 30.05 30.01 29.94 29.89 29.84 29.79 29.74 29.72 29.72 29.73 29.74 29.75 29.75 29.73 29.75 29.76 29.78 29.80 29.83 29.88 29.92 29.97 29.97 29.98 29.96 29.92 29.89 29.85 29.83 29.81 29.81 29.80 29.82 29.80 29.78 29.80 29.78 29.82 29.80 29.77 29.74 29.70 29.65 29.60 29.57 29.58 29.62 29.68 29.74 29.81 29.88 29.97 30.07 30.17 30.26 30.33 30.38 30.38 30.35 30.33 30.30 30.28 30.24 30.20 30.17 30.13 30.10
30.40 30.38 30.35 30.32 30.28 30.24 30.20 30.17 30.13 30.10 30.06 30.02 29.96 29.92 29.87 29.82 29.79 29.76 29.76 29.76 29.76 29.75 29.74 29.75 29.77 29.78 29.80 29.83 29.85 29.89 29.92 29.95 29.97 29.93 29.91 29.89 29.86 29.83 29.80 29.80 29.78 29.78 29.79 29.77 29.75 29.77 29.79 29.77 29.79 29.77 29.75 29.72 29.70 29.67 29.65 29.67 29.69 29.74 29.79 29.85 29.91 30.00 30.08 30.16 30.23 30.28 30.33 30.34 30.33 30.31 30.29 30.27 30.24 30.21 30.18 30.16 30.14
30.33 30.33 30.31 30.28 30.26 30.23 30.20 30.17 30.14 30.11 30.08 30.04 30.00 29.94 29.90 29.85 29.82 29.80 29.78 29.78 29.78 29.77 29.75 29.77 29.78 29.81 29.83 29.85 29.88 29.90 29.92 29.93 29.94 29.93 29.87 29.85 29.82 29.80 29.77 29.77 29.77 29.75 29.73 29.74 29.72 29.74 29.74 29.76 29.79 29.78 29.77 29.75 29.74 29.72 29.72 29.74 29.77 29.80 29.84 29.89 29.95 30.02 30.09 30.15 30.21 30.25 30.30 30.31 30.30 30.29 30.28 30.27 30.25 30.23 30.20 30.18 30.17
30.29 30.28 30.27 30.25 30.23 30.19 30.17 30.17 30.15 30.12 30.09 30.06 30.02 29.96 29.92 29.88 29.84 29.82 29.80 29.79 29.79 29.78 29.77 29.79 29.80 29.83 29.85 29.88 29.90 29.91 29.92 29.92 29.92 29.91 29.89 29.82 29.79 29.77 29.74 29.76 29.74 29.71 29.69 29.70 29.69 29.71 29.71 29.74 29.72 29.78 29.78 29.78 29.77 29.77 29.77 29.80 29.83 29.86 29.89 29.93 29.98 30.04 30.09 30.15 30.19 30.23 30.28 30.29 30.30 30.28 30.27 30.27 30.25 30.24 30.22 30.20 30.19
30.24 30.24 30.24 30.23 30.22 30.20 30.17 30.15 30.14 30.12 30.09 30.06 30.02 30.00 29.94 29.90 29.86 29.83 29.81 29.80 29.75 29.76 29.75 29.78 29.82 29.85 29.88 29.91 29.92 29.93 29.92 29.92 29.90 29.88 29.86 29.82 29.80 29.77 29.73 29.73 29.70 29.67 29.65 29.63 29.67 29.67 29.69 29.72 29.73 29.72 29.83 29.78 29.83 29.83 29.84 29.86 29.88 29.90 29.93 29.97 30.03 30.07 30.11 30.14 30.17 30.20 30.23 30.25 30.25 30.31 30.30 30.29 30.26 30.25 30.23 30.22 30.21
30.21 30.21 30.21 30.20 30.20 30.19 30.17 30.16 30.15 30.14 30.12 30.10 30.05 30.01 29.96 29.91 29.87 29.83 29.81 29.79 29.75 29.75 29.75 29.78 29.82 29.88 29.91 29.94 29.95 29.95 29.93 29.92 29.88 29.86 29.84 29.79 29.77 29.74 29.74 29.69 29.66 29.63 29.61 29.58 29.60 29.65 29.66 29.70 29.72 29.74 29.78 29.79 29.86 29.87 29.88 29.90 29.92 29.94 29.97 30.02 30.05 30.09 30.12 30.16 30.17 30.19 30.22 30.24 30.31 30.31 30.31 30.30 30.29 30.26 30.25 30.24 30.23
30.18 30.18 30.19 30.19 30.19 30.19 30.17 30.17 30.17 30.17 30.16 30.14 30.09 30.03 29.99 29.92 29.87 29.83 29.80 29.74 29.73 29.74 29.74 29.78 29.84 29.90 29.96 29.99 30.00 29.98 29.97 29.93 29.89 29.85 29.79 29.77 29.74 29.71 29.71 29.69 29.63 29.59 29.55 29.55 29.54 29.60 29.62 29.68 29.71 29.74 29.78 29.81 29.89 29.90 29.91 29.93 29.95 29.97 30.02 30.04 30.07 30.10 30.13 30.16 30.17 30.19 30.22 30.24 30.31 30.31 30.31 30.31 30.30 30.29 30.26 30.25 30.25
30.15 30.16 30.16 30.17 30.17 30.18 30.19 30.18 30.19 30.20 30.20 30.18 30.13 30.08 30.00 29.93 29.86 29.80 29.78 29.73 29.72 29.72 29.72 29.77 29.85 29.93 30.00 30.05 30.07 30.03 29.98 29.92 29.87 29.83 29.80 29.74 29.72 29.72 29.69 29.66 29.59 29.55 29.50 29.48 29.47 29.54 29.59 29.66 29.70 29.74 29.79 29.82 29.84 29.93 29.94 29.96 29.97 30.03 30.05 30.06 30.09 30.11 30.14 30.17 30.18 30.20 30.23 30.24 30.31 30.32 30.32 30.32 30.31 30.30 30.30 30.27 30.26
30.14 30.15 30.16 30.15 30.16 30.17 30.19 30.18 30.20 30.23 30.25 30.25 30.18 30.10 30.01 29.92 29.84 29.78 29.77 29.73 29.71 29.69 29.69 29.76 29.86 29.96 30.06 30.14 30.14 30.07 29.99 29.91 29.84 29.79 29.74 29.72 29.70 29.70 29.67 29.64 29.60 29.52 29.47 29.41 29.39 29.48 29.56 29.64 29.70 29.76 29.81 29.82 29.87 29.92 29.94 29.98 30.01 30.06 30.07 30.08 30.10 30.13 30.16 30.18 30.20 30.21 30.22 30.29 30.32 30.33 30.33 30.33 30.33 30.32 30.31 30.30 30.30
30.11 30.13 30.14 30.15 30.17 30.18 30.18 30.20 30.22 30.25 30.29 30.32 30.21 30.11 30.00 29.91 29.81 29.77 29.76 29.74 29.72 29.68 29.65 29.77 29.88 29.99 30.10 30.23 30.19 30.09 29.99 29.90 29.82 29.75 29.74 29.73 29.70 29.68 29.66 29.63 29.58 29.52 29.45 29.35 29.33 29.44 29.53 29.66 29.72 29.77 29.81 29.85 29.88 29.89 29.96 29.98 30.04 30.06 30.07 30.09 30.10 30.13 30.15 30.19 30.21 30.22 30.24 30.29 30.30 30.31 30.31 30.32 30.31 30.31 30.33 30.32 30.31
30.11 30.12 30.13 30.14 30.15 30.17 30.18 30.20 30.22 30.24 30.26 30.26 30.19 30.11 30.04 29.93 29.86 29.81 29.79 29.78 29.76 29.74 29.75 29.81 29.90 29.99 30.09 30.15 30.14 30.06 29.98 29.90 29.81 29.76 29.74 29.74 29.73 29.67 29.65 29.63 29.59 29.56 29.47 29.41 29.40 29.49 29.57 29.68 29.73 29.79 29.83 29.86 29.89 29.92 29.99 30.01 30.07 30.09 30.11 30.12 30.13 30.16 30.18 30.20 30.21 30.22 30.27 30.28 30.32 30.32 30.33 30.34 30.34 30.36 30.35 30.34 30.33
30.11 30.11 30.12 30.13 30.14 30.15 30.17 30.18 30.20 30.22 30.22 30.21 30.17 30.10 30.05 29.97 29.90 29.87 29.85 29.84 29.82 29.82 29.83 29.88 29.92 29.99 30.05 30.08 30.07 30.02 29.95 29.87 29.81 29.77 29.75 29.73 29.72 29.70 29.66 29.65 29.61 29.59 29.53 29.50 29.50 29.55 29.63 29.69 29.77 29.82 29.83 29.87 29.90 29.98 30.00 30.04 30.07 30.12 30.14 30.15 30.17 30.19 30.21 30.23 30.23 30.25 30.29 30.30 30.34 30.34 30.35 30.38 30.39 30.38 30.38 30.37 30.36
30.10 30.11 30.11 30.12 30.13 30.14 30.15 30.16 30.17 30.18 30.18 30.16 30.14 30.11 30.03 29.99 29.95 29.92 29.91 29.90 29.89 29.90 29.90 29.93 29.97 29.98 30.01 30.03 30.01 29.98 29.93 29.86 29.81 29.77 29.74 29.73 29.72 29.70 29.67 29.66 29.64 29.61 29.59 29.58 29.60 29.66 29.70 29.74 29.78 29.83 29.86 29.90 29.93 29.96 30.03 30.08 30.10 30.12 30.17 30.19 30.21 30.23 30.24 30.25 30.26 30.28 30.32 30.33 30.34 30.37 30.41 30.41 30.41 30.41 30.41 30.40 30.40
30.10 30.10 30.10 30.11 30.11 30.12 30.13 30.13 30.14 30.15 30.15 30.13 30.12 30.10 30.05 30.01 29.99 29.98 29.97 29.96 29.96 29.96 29.97 29.98 30.00 30.01 29.99 30.00 29.98 29.95 29.90 29.84 29.79 29.76 29.73 29.71 29.72 29.71 29.71 29.71 29.68 29.66 29.65 29.66 29.69 29.73 29.76 29.79 29.82 29.86 29.90 29.93 29.96 29.99 30.05 30.10 30.13 30.15 30.20 30.23 30.25 30.27 30.29 30.29 30.34 30.35 30.37 30.37 30.40 30.43 30.44 30.44 30.44 30.44 30.45 30.44 30.45
30.07 30.10 30.09 30.09 30.10 30.10 30.10 30.11 30.11 30.11 30.11 30.10 30.10 30.06 30.06 30.05 30.03 30.03 30.02 30.02 30.03 30.03 30.03 30.03 30.03 30.02 30.02 29.97 29.96 29.90 29.85 29.81 29.77 29.74 29.72 29.71 29.71 29.72 29.72 29.74 29.76 29.74 29.75 29.73 29.78 29.80 29.82 29.83 29.86 29.89 29.93 29.96 29.99 30.06 30.08 30.13 30.15 30.21 30.24 30.26 30.29 30.31 30.31 30.33 30.38 30.40 30.41 30.41 30.44 30.44 30.47 30.47 30.48 30.48 30.50 30.49 30.49
30.08 30.06 30.09 30.09 30.09 30.09 30.09 30.09 30.08 30.08 30.08 30.05 30.06 30.04 30.05 30.07 30.08 30.08 30.09 30.10 30.10 30.11 30.10 30.09 30.08 30.05 30.02 29.98 29.91 29.87 29.82 29.77 29.73 29.71 29.69 29.69 29.72 29.73 29.75 29.78 29.80 29.82 29.83 29.83 29.84 29.86 29.86 29.88 29.90 29.92 29.94 29.97 29.99 30.06 30.09 30.18 30.21 30.24 30.27 30.30 30.32 30.35 30.41 30.43 30.43 30.45 30.48 30.48 30.51 30.51 30.52 30.52 30.53 30.53 30.54 30.54 30.54
30.07 30.07 30.07 30.07 30.07 30.07 30.06 30.06 30.05 30.05 30.05 30.02 30.04 30.07 30.07 30.09 30.12 30.14 30.16 30.17 30.18 30.19 30.18 30.16 30.12 30.08 30.04 29.95 29.90 29.83 29.77 29.73 29.69 29.66 29.66 29.67 29.70 29.73 29.75 29.80 29.83 29.88 29.90 29.89 29.90 29.91 29.92 29.93 29.92 29.94 29.97 30.00 30.03 30.06 30.12 30.21 30.23 30.27 30.31 30.34 30.37 30.39 30.42 30.47 30.48 30.50 30.52 30.53 30.55 30.55 30.56 30.56 30.57 30.58 30.58 30.59 30.59
30.06 30.06 30.06 30.06 30.06 30.05 30.04 30.03 30.02 30.01 30.01 29.99 30.02 30.06 30.08 30.13 30.18 30.21 30.23 30.25 30.27 30.28 30.27 30.23 30.17 30.12 30.05 29.96 29.89 29.80 29.73 29.68 29.63 29.60 29.61 29.65 29.69 29.73 29.76 29.82 29.86 29.91 29.95 29.98 29.95 29.96 29.97 29.98 29.98 29.97 30.01 30.03 30.06 30.09 30.12 30.23 30.26 30.30 30.32 30.38 30.42 30.44 30.49 30.54 30.56 30.58 30.60 30.60 30.59 30.59 30.59 30.60 30.60 30.60 30.61 30.63 30.64
30.05 30.05 30.05 30.05 30.04 30.04 30.03 30.01 29.99 29.97 29.94 29.95 29.99 30.04 30.11 30.18 30.23 30.27 30.31 30.34 30.36 30.38 30.37 30.31 30.24 30.15 30.04 29.95 29.87 29.78 29.69 29.63 29.57 29.53 29.56 29.61 29.67 29.73 29.77 29.84 29.88 29.92 29.99 30.02 30.04 30.05 30.02 30.02 30.00 30.01 30.03 30.05 30.08 30.12 30.16 30.21 30.29 30.32 30.36 30.41 30.47 30.51 30.53 30.56 30.61 30.63 30.65 30.64 30.63 30.62 30.62 30.63 30.62 30.64 30.66 30.69 30.70
30.04 30.04 30.04 30.04 30.03 30.02 30.01 29.99 29.97 29.91 29.89 29.89 29.95 30.03 30.12 30.21 30.28 30.34 30.36 30.39 30.44 30.48 30.48 30.40 30.29 30.17 30.06 29.95 29.85 29.76 29.66 29.56 29.48 29.44 29.50 29.58 29.65 29.72 29.77 29.84 29.90 29.95 30.03 30.08 30.11 30.10 30.08 30.08 30.03 30.03 30.05 30.07 30.10 30.14 30.20 30.24 30.30 30.34 30.39 30.47 30.52 30.54 30.57 30.59 30.65 30.69 30.70 30.67 30.65 30.64 30.63 30.64 30.65 30.67 30.70 30.74 30.79
30.03 30.04 30.04 30.03 30.03 30.01 30.01 29.99 29.95 29.90 29.86 29.82 29.93 30.02 30.12 30.22 30.34 30.37 30.39 30.42 30.48 30.55 30.61 30.45 30.31 30.18 30.06 29.95 29.84 29.75 29.65 29.54 29.42 29.35 29.47 29.56 29.65 29.73 29.80 29.86 29.92 29.99 30.06 30.13 30.16 30.13 30.11 30.08 30.08 30.10 30.07 30.08 30.11 30.15 30.22 30.26 30.30 30.34 30.42 30.49 30.58 30.56 30.57 30.62 30.67 30.74 30.74 30.70 30.66 30.63 30.64 30.66 30.66 30.67 30.71 30.77 30.85
