data/SP espacial/U17062017.grd
DSAA
132	56
0.0000	120.0000
0.0000	50.0000
15.4550	26.2241
[rows 0 to 33 of 56, columns 0 to 76 of 132]
17.00 17.39 17.55 17.70 17.83 17.96 18.08 18.12 18.24 18.29 18.43 18.79 18.96 19.00 19.21 19.44 19.69 19.97 20.26 20.58 20.92 21.28 21.56 21.27 21.02 20.81 20.63 20.49 20.38 20.31 20.27 20.27 20.26 20.18 20.27 20.39 20.55 20.94 21.16 21.47 21.77 22.07 22.49 22.99 23.18 22.64 22.18 21.82 21.47 21.16 20.92 20.69 20.34 20.17 20.03 19.90 19.81 20.05 20.01 20.01 20.03 19.95 20.06 20.20 20.39 20.63 20.68 20.56 20.47 20.41 20.38 20.38 20.39 20.42 20.46 20.56 20.62
17.36 17.42 17.54 17.66 17.78 17.90 18.01 18.13 18.16 18.21 18.35 18.51 18.86 19.06 19.14 19.38 19.64 19.92 20.21 20.52 20.84 21.14 21.27 21.15 20.95 20.75 20.57 20.43 20.32 20.25 20.21 20.18 20.21 20.15 20.24 20.36 20.51 20.88 21.09 21.38 21.66 21.94 22.30 22.64 22.73 22.41 22.02 21.68 21.35 21.06 20.83 20.46 20.27 20.09 19.95 19.81 19.72 19.93 19.88 19.87 19.88 19.81 19.91 20.05 20.22 20.40 20.46 20.42 20.37 20.34 20.34 20.35 20.39 20.43 20.53 20.59 20.49
17.48 17.50 17.57 17.66 17.75 17.85 17.94 18.04 18.07 18.12 18.26 18.41 18.58 18.95 19.18 19.29 19.55 19.83 20.12 20.41 20.68 20.89 20.98 20.93 20.79 20.62 20.46 20.32 20.22 20.15 20.12 20.10 20.14 20.09 20.18 20.29 20.44 20.77 20.96 21.22 21.46 21.68 21.94 22.13 22.18 22.00 21.72 21.45 21.17 20.91 20.69 20.35 20.16 19.99 19.85 19.71 19.61 19.78 19.72 19.69 19.70 19.63 19.71 19.83 19.97 20.10 20.18 20.20 20.21 20.22 20.26 20.30 20.36 20.43 20.55 20.47 20.53
17.58 17.58 17.61 17.66 17.73 17.80 17.88 17.96 18.05 18.02 18.14 18.29 18.47 18.67 19.05 19.17 19.44 19.72 20.00 20.27 20.50 20.66 20.73 20.70 20.59 20.44 20.30 20.17 20.08 20.02 20.18 20.18 20.04 20.01 20.10 20.21 20.33 20.48 20.79 21.01 21.20 21.34 21.52 21.63 21.67 21.55 21.35 21.16 20.92 20.70 20.40 20.20 20.03 19.87 19.72 19.58 19.47 19.57 19.53 19.49 19.48 19.40 19.47 19.57 19.68 19.79 19.89 19.96 20.01 20.08 20.15 20.23 20.33 20.55 20.43 20.51 20.58
17.67 17.65 17.65 17.68 17.71 17.76 17.81 17.87 17.94 17.90 18.01 18.15 18.32 18.52 18.76 19.14 19.31 19.59 19.87 20.12 20.33 20.47 20.52 20.49 20.39 20.25 20.10 19.98 19.89 20.01 20.01 20.03 20.09 19.91 20.00 20.10 20.21 20.33 20.59 20.76 20.90 20.98 21.09 21.15 21.18 21.10 20.96 20.83 20.65 20.47 20.20 20.04 19.88 19.73 19.58 19.46 19.49 19.38 19.31 19.25 19.22 19.13 19.18 19.27 19.37 19.48 19.59 19.69 19.80 19.91 20.03 20.15 20.39 20.35 20.47 20.57 20.64
17.73 17.70 17.69 17.69 17.69 17.71 17.73 17.76 17.81 17.76 17.86 17.99 18.15 18.36 18.59 18.86 19.25 19.46 19.74 20.00 20.20 20.33 20.36 20.32 20.20 20.04 19.88 19.75 19.80 19.78 19.81 19.86 19.94 19.80 19.89 19.98 20.07 20.16 20.25 20.48 20.59 20.62 20.72 20.75 20.72 20.66 20.57 20.48 20.26 20.11 19.99 19.85 19.71 19.57 19.43 19.44 19.30 19.16 19.07 18.98 18.99 18.83 18.87 18.94 19.04 19.16 19.29 19.42 19.57 19.72 19.89 20.15 20.18 20.35 20.51 20.63 20.72
17.79 17.75 17.71 17.69 17.67 17.66 17.65 17.66 17.67 17.71 17.68 17.79 17.96 18.16 18.41 18.69 18.99 19.27 19.62 19.90 20.11 20.24 20.34 20.19 20.03 19.83 19.63 19.63 19.51 19.52 19.58 19.67 19.79 19.82 19.79 19.87 19.93 19.98 20.04 20.14 20.19 20.22 20.32 20.32 20.28 20.24 20.17 20.05 19.96 19.77 19.77 19.66 19.55 19.42 19.41 19.26 19.10 18.93 18.80 18.68 18.61 18.49 18.53 18.60 18.70 18.82 18.97 19.14 19.32 19.52 19.69 19.91 20.14 20.36 20.56 20.73 20.83
17.84 17.79 17.74 17.69 17.65 17.61 17.57 17.54 17.52 17.52 17.48 17.57 17.73 17.95 18.21 18.50 18.82 19.19 19.48 19.83 20.08 20.22 20.30 20.11 19.88 19.68 19.46 19.28 19.19 19.20 19.32 19.47 19.63 19.70 19.80 19.75 19.79 19.91 19.92 19.92 19.88 19.87 19.93 19.91 19.89 19.83 19.80 19.72 19.63 19.56 19.55 19.47 19.38 19.38 19.25 19.08 18.89 18.69 18.51 18.35 18.25 18.21 18.15 18.23 18.34 18.53 18.71 18.85 19.07 19.27 19.57 19.80 20.09 20.37 20.64 20.85 20.98
17.88 17.82 17.76 17.70 17.63 17.57 17.50 17.43 17.36 17.32 17.25 17.32 17.48 17.71 17.99 18.30 18.64 19.04 19.42 19.75 20.08 20.33 20.34 20.15 19.83 19.46 19.10 18.85 18.76 18.85 19.04 19.27 19.50 19.68 19.71 19.74 19.74 19.72 19.75 19.65 19.61 19.53 19.54 19.50 19.47 19.44 19.42 19.36 19.34 19.38 19.33 19.28 19.22 19.23 19.10 18.99 18.70 18.44 18.21 17.99 17.85 17.80 17.82 17.84 17.97 18.17 18.37 18.55 18.79 19.09 19.39 19.68 20.02 20.38 20.72 21.01 21.18
17.93 17.86 17.78 17.70 17.62 17.53 17.43 17.33 17.22 17.11 17.05 17.04 17.20 17.46 17.76 18.09 18.45 18.87 19.31 19.76 20.14 20.42 20.48 20.22 19.73 19.18 18.67 18.32 18.24 18.43 18.75 19.08 19.40 19.61 19.64 19.63 19.58 19.53 19.52 19.45 19.32 19.25 19.15 19.09 19.06 19.04 19.07 19.05 19.07 19.13 19.11 19.09 19.14 19.08 19.03 18.84 18.52 18.21 17.89 17.60 17.41 17.36 17.42 17.52 17.60 17.80 18.02 18.23 18.55 18.86 19.19 19.53 19.93 20.37 20.80 21.19 21.45
17.96 17.89 17.80 17.72 17.62 17.51 17.39 17.26 17.10 16.94 16.78 16.72 16.93 17.24 17.56 17.89 18.23 18.68 19.18 19.70 20.21 20.64 20.75 20.31 19.62 18.90 18.20 17.66 17.64 18.00 18.45 18.91 19.33 19.60 19.58 19.55 19.41 19.38 19.29 19.19 19.04 18.96 18.80 18.67 18.64 18.68 18.75 18.77 18.86 18.89 18.91 18.90 18.95 18.95 18.92 18.73 18.38 17.97 17.57 17.19 16.92 16.92 17.04 17.17 17.28 17.42 17.64 17.97 18.30 18.64 18.98 19.34 19.80 20.31 20.83 21.35 21.77
18.00 17.91 17.83 17.73 17.63 17.52 17.38 17.23 17.05 16.85 16.61 16.38 16.75 17.10 17.42 17.73 18.03 18.48 19.03 19.58 20.14 20.73 21.08 20.25 19.45 18.65 17.83 17.00 17.14 17.67 18.19 18.71 19.23 19.60 19.47 19.36 19.25 19.16 19.06 18.95 18.83 18.69 18.52 18.34 18.25 18.38 18.46 18.54 18.62 18.66 18.69 18.74 18.75 18.76 18.79 18.61 18.18 17.75 17.32 16.87 16.40 16.58 16.76 16.91 17.01 17.12 17.35 17.72 18.10 18.45 18.78 19.12 19.64 20.18 20.74 21.34 21.99
18.02 17.94 17.85 17.76 17.66 17.54 17.41 17.25 17.08 16.89 16.70 16.63 16.80 17.07 17.36 17.65 17.96 18.37 18.86 19.37 19.86 20.28 20.36 19.87 19.17 18.46 17.74 17.20 17.18 17.53 17.98 18.45 18.87 19.14 19.16 19.09 19.00 18.91 18.82 18.72 18.60 18.47 18.33 18.17 18.12 18.18 18.26 18.33 18.38 18.45 18.47 18.51 18.52 18.50 18.48 18.28 17.93 17.54 17.14 16.76 16.49 16.49 16.62 16.74 16.88 17.03 17.27 17.60 17.94 18.30 18.64 19.02 19.47 19.97 20.49 21.00 21.42
18.05 17.97 17.89 17.80 17.70 17.59 17.46 17.32 17.17 17.01 16.89 16.85 16.95 17.12 17.35 17.61 17.91 18.26 18.66 19.07 19.45 19.70 19.69 19.38 18.86 18.29 17.75 17.39 17.32 17.50 17.82 18.16 18.49 18.70 18.80 18.77 18.73 18.71 18.59 18.50 18.40 18.30 18.18 18.07 18.05 18.05 18.09 18.14 18.19 18.24 18.30 18.30 18.26 18.24 18.14 17.96 17.68 17.34 17.02 16.73 16.53 16.49 16.56 16.68 16.83 17.02 17.24 17.53 17.84 18.16 18.50 18.87 19.28 19.70 20.12 20.50 20.74
18.08 18.00 17.93 17.85 17.76 17.66 17.55 17.42 17.30 17.18 17.08 17.05 17.09 17.21 17.37 17.58 17.82 18.12 18.44 18.76 19.03 19.18 19.15 18.93 18.56 18.13 17.73 17.46 17.36 17.44 17.65 17.90 18.13 18.33 18.43 18.48 18.48 18.45 18.40 18.33 18.21 18.13 18.06 17.99 17.96 17.93 17.95 17.97 18.01 18.06 18.09 18.07 18.04 17.96 17.84 17.67 17.43 17.17 16.90 16.67 16.54 16.50 16.55 16.66 16.81 16.99 17.21 17.47 17.76 18.06 18.37 18.69 19.03 19.38 19.71 19.97 20.12
18.10 18.04 17.97 17.90 17.83 17.74 17.65 17.55 17.45 17.35 17.27 17.23 17.22 17.28 17.38 17.52 17.71 17.94 18.20 18.45 18.65 18.75 18.73 18.55 18.28 17.95 17.64 17.42 17.32 17.34 17.47 17.64 17.84 18.00 18.10 18.17 18.20 18.21 18.19 18.09 18.04 17.99 17.94 17.89 17.86 17.82 17.82 17.83 17.84 17.88 17.89 17.85 17.81 17.70 17.57 17.39 17.21 16.99 16.76 16.60 16.50 16.48 16.52 16.63 16.78 16.97 17.19 17.42 17.68 17.95 18.23 18.51 18.78 19.04 19.29 19.46 19.55
18.33 18.07 18.02 17.96 17.91 17.84 17.77 17.69 17.61 17.52 17.44 17.38 17.34 17.33 17.37 17.45 17.58 17.75 17.96 18.17 18.33 18.42 18.39 18.26 18.03 17.76 17.50 17.30 17.20 17.18 17.25 17.38 17.55 17.69 17.81 17.85 17.90 17.93 17.93 17.92 17.89 17.86 17.82 17.78 17.72 17.71 17.71 17.70 17.69 17.68 17.69 17.63 17.55 17.47 17.33 17.16 16.98 16.77 16.61 16.49 16.42 16.42 16.49 16.60 16.75 16.94 17.16 17.37 17.61 17.86 18.09 18.32 18.53 18.71 18.86 18.99 19.04
18.35 18.27 18.07 18.03 17.99 17.95 17.90 17.84 17.77 17.70 17.62 17.53 17.45 17.38 17.33 17.34 17.41 17.54 17.72 17.91 18.07 18.16 18.14 18.03 17.81 17.57 17.33 17.13 17.01 16.98 17.02 17.13 17.27 17.40 17.53 17.59 17.67 17.72 17.75 17.76 17.75 17.73 17.70 17.67 17.61 17.60 17.60 17.59 17.57 17.54 17.54 17.46 17.36 17.23 17.11 16.94 16.77 16.59 16.45 16.36 16.31 16.33 16.41 16.54 16.71 16.91 17.12 17.35 17.56 17.78 17.96 18.14 18.29 18.41 18.49 18.56 18.57
18.33 18.22 18.19 18.10 18.09 18.07 18.04 18.01 17.95 17.89 17.80 17.68 17.55 17.41 17.27 17.21 17.22 17.32 17.48 17.69 17.88 17.99 17.99 17.87 17.66 17.39 17.13 16.92 16.79 16.74 16.78 16.87 17.00 17.13 17.24 17.37 17.49 17.58 17.63 17.67 17.67 17.61 17.58 17.56 17.53 17.52 17.52 17.53 17.51 17.47 17.42 17.32 17.19 17.04 16.91 16.74 16.54 16.39 16.28 16.20 16.18 16.22 16.33 16.48 16.67 16.87 17.09 17.31 17.51 17.71 17.88 18.00 18.08 18.13 18.14 18.13 18.13
18.33 18.28 18.27 18.24 18.25 18.20 18.19 18.18 18.15 18.09 18.00 17.88 17.67 17.44 17.22 17.04 16.97 17.05 17.25 17.51 17.75 17.91 17.93 17.80 17.55 17.23 16.91 16.66 16.52 16.49 16.54 16.62 16.72 16.88 17.02 17.18 17.33 17.44 17.57 17.57 17.57 17.51 17.48 17.45 17.43 17.43 17.44 17.45 17.43 17.42 17.32 17.21 17.05 16.88 16.70 16.53 16.36 16.23 16.11 16.03 16.02 16.09 16.23 16.42 16.63 16.85 17.07 17.29 17.50 17.67 17.80 17.89 17.92 17.90 17.84 17.76 17.70
18.32 18.29 18.32 18.36 18.40 18.39 18.35 18.35 18.34 18.31 18.24 18.08 17.82 17.49 17.15 16.84 16.66 16.73 17.02 17.38 17.72 17.95 18.00 17.84 17.52 17.11 16.70 16.37 16.22 16.24 16.31 16.40 16.50 16.62 16.80 16.99 17.21 17.35 17.49 17.50 17.51 17.45 17.40 17.36 17.35 17.35 17.38 17.41 17.39 17.38 17.27 17.14 16.93 16.77 16.53 16.36 16.22 16.10 15.96 15.86 15.84 15.95 16.15 16.39 16.62 16.85 17.08 17.30 17.50 17.67 17.77 17.83 17.80 17.71 17.58 17.41 17.28
18.29 18.31 18.39 18.47 18.53 18.58 18.52 18.54 18.54 18.54 18.51 18.36 18.02 17.58 17.12 16.65 16.29 16.38 16.84 17.33 17.77 18.11 18.22 17.97 17.56 17.06 16.52 16.05 15.93 16.05 16.18 16.27 16.33 16.44 16.67 16.92 17.11 17.29 17.47 17.46 17.50 17.43 17.36 17.29 17.26 17.31 17.36 17.41 17.36 17.39 17.24 17.11 16.91 16.68 16.43 16.25 16.15 16.05 15.90 15.72 15.64 15.83 16.13 16.42 16.67 16.89 17.12 17.35 17.55 17.71 17.81 17.83 17.75 17.59 17.38 17.12 16.88
18.27 18.40 18.52 18.62 18.69 18.74 18.78 18.80 18.76 18.76 18.76 18.71 18.22 17.73 17.20 16.63 16.01 16.19 16.82 17.39 17.88 18.31 18.56 18.15 17.67 17.13 16.51 15.81 15.81 16.05 16.21 16.29 16.30 16.34 16.67 16.94 17.18 17.33 17.43 17.50 17.51 17.44 17.37 17.26 17.21 17.32 17.39 17.43 17.42 17.38 17.31 17.17 16.96 16.73 16.43 16.24 16.22 16.13 15.98 15.75 15.45 15.87 16.25 16.56 16.81 17.00 17.22 17.46 17.65 17.79 17.88 17.91 17.76 17.55 17.29 16.97 16.59
18.68 18.70 18.74 18.82 18.89 18.93 19.01 19.01 19.00 18.91 18.87 18.72 18.36 17.91 17.43 16.95 16.58 16.67 17.10 17.59 18.03 18.38 18.49 18.25 17.85 17.36 16.82 16.36 16.23 16.34 16.45 16.52 16.56 16.66 16.87 17.09 17.29 17.45 17.56 17.60 17.56 17.54 17.48 17.40 17.38 17.44 17.49 17.51 17.54 17.48 17.44 17.29 17.11 16.91 16.70 16.55 16.47 16.39 16.27 16.11 16.04 16.25 16.55 16.83 17.07 17.27 17.47 17.65 17.81 17.92 17.97 17.94 17.80 17.59 17.33 17.03 16.77
19.06 19.04 19.08 19.13 19.16 19.19 19.20 19.20 19.16 19.07 18.98 18.80 18.51 18.15 17.78 17.45 17.25 17.30 17.55 17.91 18.24 18.48 18.54 18.40 18.09 17.71 17.32 16.99 16.83 16.82 16.86 16.90 16.95 17.05 17.18 17.34 17.50 17.61 17.69 17.72 17.71 17.70 17.67 17.63 17.61 17.64 17.67 17.68 17.67 17.65 17.57 17.50 17.35 17.20 17.07 16.95 16.87 16.79 16.71 16.64 16.65 16.78 17.00 17.22 17.44 17.62 17.78 17.93 18.03 18.09 18.10 18.04 17.91 17.70 17.46 17.23 17.04
19.43 19.39 19.39 19.40 19.41 19.42 19.41 19.38 19.34 19.21 19.10 18.94 18.71 18.44 18.17 17.94 17.85 17.89 18.03 18.28 18.54 18.70 18.74 18.64 18.43 18.15 17.85 17.60 17.45 17.38 17.37 17.38 17.41 17.47 17.56 17.65 17.76 17.84 17.90 17.91 17.92 17.88 17.89 17.87 17.86 17.87 17.88 17.88 17.89 17.86 17.80 17.76 17.64 17.57 17.47 17.39 17.32 17.27 17.23 17.22 17.25 17.35 17.51 17.69 17.87 18.02 18.15 18.25 18.31 18.32 18.29 18.21 18.06 17.88 17.66 17.46 17.30
19.78 19.74 19.71 19.69 19.68 19.66 19.63 19.58 19.52 19.37 19.26 19.12 18.94 18.75 18.56 18.42 18.37 18.38 18.53 18.71 18.88 19.00 19.05 18.99 18.84 18.64 18.41 18.21 18.07 17.97 17.92 17.89 17.89 17.92 17.96 17.97 18.03 18.07 18.10 18.12 18.12 18.11 18.14 18.12 18.12 18.12 18.13 18.09 18.08 18.09 18.06 18.02 17.94 17.95 17.89 17.85 17.82 17.80 17.78 17.80 17.85 17.93 18.07 18.20 18.34 18.45 18.55 18.61 18.63 18.62 18.54 18.44 18.28 18.09 17.90 17.69 17.54
20.13 20.07 20.03 20.00 19.96 19.89 19.84 19.78 19.70 19.61 19.50 19.33 19.20 19.07 18.95 18.88 18.85 18.89 19.01 19.16 19.30 19.40 19.44 19.40 19.30 19.15 18.98 18.79 18.66 18.54 18.46 18.41 18.38 18.36 18.32 18.32 18.35 18.35 18.36 18.37 18.35 18.39 18.39 18.38 18.37 18.37 18.36 18.33 18.35 18.34 18.33 18.32 18.32 18.30 18.32 18.32 18.32 18.33 18.36 18.40 18.45 18.53 18.64 18.74 18.84 18.92 18.97 19.00 18.99 18.94 18.83 18.70 18.53 18.33 18.13 17.94 17.76
20.42 20.41 20.35 20.30 20.24 20.15 20.08 20.00 19.91 19.81 19.71 19.60 19.46 19.38 19.31 19.29 19.32 19.39 19.48 19.61 19.75 19.85 19.89 19.87 19.79 19.67 19.53 19.39 19.24 19.11 19.00 18.93 18.86 18.77 18.72 18.68 18.67 18.64 18.62 18.61 18.65 18.64 18.63 18.63 18.63 18.62 18.61 18.63 18.60 18.60 18.61 18.63 18.66 18.69 18.72 18.76 18.82 18.87 18.92 18.98 19.05 19.13 19.20 19.28 19.35 19.40 19.42 19.41 19.37 19.29 19.18 19.01 18.80 18.58 18.36 18.15 17.97
20.77 20.73 20.69 20.61 20.53 20.44 20.34 20.24 20.14 20.02 19.92 19.83 19.75 19.70 19.66 19.67 19.72 19.83 19.93 20.08 20.22 20.33 20.38 20.38 20.31 20.20 20.09 19.95 19.80 19.65 19.53 19.40 19.30 19.21 19.12 19.05 18.98 18.92 18.88 18.85 18.88 18.88 18.88 18.87 18.88 18.86 18.85 18.87 18.87 18.85 18.89 18.93 19.03 19.07 19.15 19.22 19.30 19.39 19.46 19.54 19.62 19.70 19.76 19.82 19.86 19.89 19.88 19.84 19.77 19.66 19.52 19.32 19.09 18.84 18.58 18.33 18.13
21.14 21.09 21.01 20.93 20.82 20.71 20.59 20.47 20.36 20.23 20.13 20.05 20.00 19.98 19.97 20.01 20.08 20.21 20.37 20.53 20.70 20.84 20.91 20.89 20.82 20.73 20.61 20.46 20.31 20.16 20.01 19.86 19.74 19.62 19.49 19.39 19.28 19.18 19.12 19.09 19.07 19.10 19.08 19.10 19.11 19.09 19.07 19.07 19.07 19.09 19.13 19.22 19.34 19.43 19.56 19.67 19.77 19.87 19.98 20.09 20.17 20.25 20.30 20.33 20.36 20.38 20.35 20.27 20.16 20.03 19.87 19.66 19.39 19.09 18.77 18.48 18.25
21.52 21.46 21.35 21.23 21.11 20.98 20.84 20.71 20.55 20.44 20.33 20.26 20.22 20.23 20.27 20.33 20.42 20.56 20.75 20.96 21.17 21.36 21.45 21.41 21.31 21.19 21.07 20.95 20.79 20.60 20.43 20.29 20.17 20.01 19.86 19.68 19.52 19.40 19.31 19.27 19.25 19.24 19.29 19.33 19.33 19.31 19.26 19.25 19.25 19.28 19.34 19.46 19.63 19.79 19.95 20.09 20.20 20.31 20.44 20.59 20.71 20.76 20.78 20.80 20.83 20.85 20.80 20.68 20.53 20.39 20.22 19.99 19.68 19.31 18.94 18.60 18.32
21.93 21.84 21.70 21.54 21.38 21.23 21.09 20.91 20.77 20.64 20.52 20.45 20.45 20.48 20.54 20.62 20.71 20.87 21.08 21.32 21.59 21.86 22.01 21.89 21.71 21.57 21.48 21.39 21.20 20.96 20.76 20.62 20.53 20.40 20.15 19.91 19.71 19.54 19.46 19.39 19.38 19.38 19.45 19.53 19.55 19.49 19.41 19.38 19.37 19.40 19.50 19.65 19.85 20.07 20.30 20.48 20.56 20.67 20.83 21.04 21.21 21.21 21.17 21.16 21.21 21.28 21.21 21.02 20.82 20.67 20.54 20.34 19.95 19.50 19.07 18.68 18.35
22.36 22.18 22.00 21.83 21.66 21.49 21.33 21.18 21.00 20.86 20.73 20.63 20.68 20.73 20.80 20.88 20.98 21.13 21.34 21.58 21.88 22.23 22.51 22.19 21.95 21.79 21.71 21.72 21.47 21.17 20.95 20.82 20.76 20.68 20.34 20.06 19.81 19.64 19.52 19.46 19.44 19.45 19.53 19.66 19.72 19.57 19.47 19.44 19.45 19.50 19.60 19.75 19.97 20.24 20.56 20.76 20.79 20.89 21.07 21.32 21.66 21.50 21.40 21.38 21.44 21.58 21.50 21.20 20.98 20.82 20.72 20.67 20.12 19.62 19.16 18.74 18.34
