data/SP espacial/U22022017.grd
DSAA
132	56
0.0000	120.0000
0.0000	50.0000
13.1458	29.1296
[rows 0 to 33 of 56, columns 0 to 76 of 132]
19.00 18.83 18.78 18.75 18.72 18.70 18.67 18.64 18.60 18.55 18.51 18.42 18.31 18.32 18.14 17.93 17.67 17.35 16.97 16.51 15.94 15.25 14.59 15.35 15.97 16.48 16.90 17.26 17.66 17.93 18.16 18.37 18.57 18.95 19.12 19.27 19.43 20.12 20.27 20.24 20.43 20.56 20.82 21.13 21.46 21.23 21.04 20.89 20.76 21.01 20.95 21.11 21.09 21.11 21.55 21.62 21.79 21.93 22.36 22.59 22.88 23.25 23.70 24.27 25.09 25.92 26.01 25.35 24.84 24.67 24.40 24.20 24.04 23.92 24.05 23.67 23.60
19.03 18.75 18.72 18.70 18.68 18.67 18.65 18.63 18.60 18.55 18.48 18.42 18.31 18.16 18.12 17.90 17.64 17.33 16.95 16.52 16.01 15.51 15.16 15.51 16.01 16.48 16.89 17.25 17.64 17.92 18.16 18.39 18.59 18.98 19.14 19.31 19.47 20.15 20.30 20.28 20.46 20.59 20.82 21.04 21.34 21.21 21.05 20.90 20.77 21.00 21.11 21.06 21.04 21.04 21.47 21.53 21.62 21.82 22.25 22.47 22.76 23.11 23.55 24.09 24.83 25.39 25.50 25.15 25.21 24.66 24.43 24.27 24.14 24.05 23.90 23.83 23.76
18.97 18.98 18.64 18.64 18.64 18.64 18.64 18.63 18.60 18.56 18.50 18.86 18.32 18.17 17.98 17.90 17.64 17.34 17.00 16.63 16.25 15.95 15.68 15.86 16.20 16.57 16.93 17.27 17.65 17.92 18.17 18.41 18.62 19.00 19.18 19.35 19.51 20.19 20.34 20.31 20.48 20.59 20.76 20.89 21.21 21.14 21.01 20.88 20.75 20.97 21.06 21.01 20.97 21.34 21.36 21.40 21.49 21.92 22.08 22.29 22.56 22.89 23.28 23.89 24.33 24.70 24.84 24.74 24.99 24.56 24.42 24.32 24.25 24.19 24.07 24.02 23.96
18.89 18.90 18.93 18.56 18.58 18.60 18.62 18.62 18.61 18.58 18.52 18.87 18.75 18.19 18.00 17.91 17.66 17.38 17.09 16.78 16.51 16.31 16.07 16.18 16.41 16.70 17.00 17.30 17.67 17.94 18.18 18.25 18.66 19.04 19.23 19.40 19.56 19.73 20.37 20.34 20.50 20.57 20.71 20.79 21.14 21.08 20.98 20.86 20.73 20.93 21.01 20.93 21.31 21.29 21.21 21.25 21.24 21.39 21.63 22.06 22.31 22.60 22.74 23.46 23.81 24.09 24.26 24.72 24.72 24.42 24.39 24.37 24.36 24.29 24.27 24.43 24.38
18.77 18.79 18.82 18.88 18.51 18.56 18.60 18.62 18.63 18.62 18.57 18.90 18.77 18.60 18.39 17.80 17.68 17.42 17.16 16.91 16.70 16.56 16.33 16.41 16.58 16.81 17.07 17.34 17.70 17.95 18.21 18.31 18.53 19.10 19.29 19.46 19.63 19.79 20.41 20.39 20.53 20.59 20.69 20.75 21.12 21.06 20.96 20.84 20.70 20.57 20.94 21.26 21.18 21.13 21.03 21.05 21.07 21.16 21.31 21.57 22.00 22.05 22.35 23.00 23.29 23.54 23.75 24.32 24.44 24.27 24.36 24.44 24.45 24.50 24.70 24.70 24.66
18.61 18.64 18.69 18.77 18.86 18.51 18.58 18.64 18.67 18.67 18.63 18.94 18.80 18.62 18.40 18.16 17.58 17.44 17.20 16.99 16.82 16.71 16.49 16.55 16.69 16.88 17.11 17.37 17.69 17.97 18.25 18.37 18.61 19.17 19.36 19.54 19.70 19.86 20.01 20.43 20.58 20.63 20.81 20.86 21.15 21.09 20.98 20.84 20.69 20.70 21.25 21.13 21.02 20.93 20.89 21.02 20.82 20.90 21.03 21.19 21.46 21.69 21.93 22.52 22.79 23.05 23.70 23.95 24.19 24.15 24.36 24.54 24.79 24.92 25.00 25.04 25.01
18.41 18.45 18.53 18.64 18.76 18.89 18.57 18.66 18.73 18.75 18.73 19.01 18.86 18.65 18.41 18.14 17.87 17.76 17.20 17.00 16.86 16.77 17.17 16.61 16.73 16.90 17.11 17.89 17.69 17.99 18.29 18.45 18.71 19.10 19.46 19.63 19.79 19.94 19.91 20.03 20.19 20.34 20.91 20.96 21.29 21.16 21.03 20.86 20.68 21.37 21.15 20.98 20.83 20.70 20.62 20.49 20.52 20.60 20.72 20.86 21.21 21.30 21.51 22.04 22.29 22.56 23.25 23.58 23.95 24.06 24.40 24.79 25.04 25.24 25.38 25.46 25.45
18.15 18.20 18.32 18.48 18.65 18.82 18.98 18.70 18.80 18.87 18.87 19.11 18.94 18.70 18.41 18.10 17.80 17.53 17.44 16.96 16.82 16.73 17.10 16.59 16.70 16.84 17.53 17.79 17.65 17.99 18.33 18.55 18.85 19.24 19.44 19.74 19.89 19.78 19.93 20.58 20.31 20.48 21.05 21.45 21.43 21.33 21.11 21.54 21.33 21.28 20.98 20.81 20.60 20.42 20.32 20.16 20.18 20.26 20.38 20.51 20.82 20.98 21.13 21.55 21.78 22.06 22.77 23.22 23.72 24.13 24.57 25.00 25.35 25.63 25.84 25.98 26.00
17.82 17.90 18.08 18.31 18.54 18.76 18.96 19.13 18.90 19.01 19.05 19.27 19.06 18.76 18.40 18.03 17.68 17.40 17.18 17.11 16.96 16.96 16.93 17.00 16.94 17.18 17.38 17.64 17.58 17.96 18.38 18.68 19.02 19.27 19.61 19.74 19.77 19.89 20.41 20.67 20.85 20.65 21.25 21.66 21.64 21.51 21.80 21.56 21.47 21.21 20.86 20.63 20.36 20.12 19.94 19.77 19.80 19.90 20.03 20.30 20.43 20.57 20.69 20.85 21.24 21.61 22.07 22.82 23.40 24.10 24.72 25.29 25.73 26.08 26.37 26.59 26.66
17.41 17.54 17.81 18.13 18.43 18.70 18.95 19.17 19.36 19.19 19.30 19.49 19.23 18.85 18.39 17.93 17.51 17.21 17.02 16.95 16.79 16.73 16.68 16.73 16.85 17.02 17.19 17.43 17.47 17.93 18.43 18.84 19.24 19.53 19.81 19.89 19.89 19.98 20.48 20.66 20.96 21.23 21.49 21.94 21.93 21.72 21.89 21.73 21.43 21.13 20.74 20.41 20.10 19.77 19.49 19.31 19.39 19.54 19.81 19.93 20.04 20.17 20.30 20.39 20.51 20.97 21.48 22.30 23.19 24.07 24.95 25.67 26.17 26.55 26.92 27.27 27.47
16.89 17.14 17.57 17.99 18.35 18.67 18.95 19.20 19.43 19.65 19.59 19.79 19.44 18.94 18.39 17.81 17.27 16.98 16.88 16.75 16.64 16.38 16.32 16.52 16.73 16.91 17.02 17.15 17.33 17.91 18.50 19.07 19.53 19.87 20.03 19.96 19.98 20.39 20.51 20.70 21.01 21.25 21.70 22.05 22.30 22.14 21.73 21.72 21.38 21.05 20.63 20.26 19.86 19.43 18.98 18.78 18.99 19.24 19.51 19.61 19.68 19.82 19.95 19.93 20.00 20.16 20.71 21.86 22.83 24.09 25.22 26.14 26.58 26.91 27.35 27.91 28.40
16.24 16.91 17.46 17.93 18.32 18.65 18.95 19.22 19.47 19.72 19.98 20.18 19.59 19.01 18.42 17.78 17.07 16.85 16.86 16.77 16.51 16.27 15.91 16.33 16.76 16.94 17.00 16.93 17.28 17.96 18.59 19.20 19.76 20.21 20.06 20.04 20.32 20.39 20.50 20.67 20.91 21.24 21.74 22.28 22.74 22.17 21.70 21.65 21.31 20.97 20.55 20.18 19.74 19.24 18.60 18.35 18.78 19.17 19.35 19.41 19.36 19.60 19.74 19.70 19.64 19.47 20.16 21.44 22.67 24.03 25.33 26.69 26.75 27.00 27.46 28.16 29.13
16.87 17.12 17.56 17.98 18.35 18.67 18.96 19.22 19.46 19.69 19.87 19.88 19.52 19.03 18.49 17.93 17.41 17.15 17.06 16.96 16.74 16.63 16.48 16.65 16.89 17.17 17.27 17.39 17.59 18.15 18.71 19.26 19.69 20.00 20.06 20.02 20.29 20.34 20.43 20.58 20.79 21.07 21.42 21.90 21.95 21.91 21.51 21.51 21.20 20.68 20.36 20.16 19.76 19.30 19.00 18.79 18.97 19.20 19.35 19.42 19.47 19.59 19.70 19.68 19.68 19.89 20.41 21.42 22.54 23.83 24.97 25.90 26.36 26.70 27.15 27.72 28.24
17.38 17.51 17.78 18.11 18.42 18.71 18.97 19.21 19.42 19.59 19.68 19.64 19.38 19.02 18.60 18.17 17.79 17.54 17.34 17.22 17.11 17.12 17.03 17.10 17.27 17.44 17.60 17.81 18.00 18.42 18.86 19.49 19.86 19.80 20.07 19.93 20.22 20.26 20.32 20.42 20.57 20.76 21.20 21.29 21.30 21.10 21.19 20.94 21.06 20.59 20.48 20.19 19.87 19.54 19.44 19.24 19.27 19.38 19.48 19.56 19.62 19.71 19.71 19.79 19.89 20.29 20.78 21.55 22.45 23.39 24.45 25.19 25.72 26.13 26.52 26.90 27.03
17.77 17.86 18.05 18.27 18.53 18.77 19.00 19.20 19.36 19.49 19.54 19.49 19.29 19.02 18.71 18.39 18.11 17.84 17.69 17.59 17.51 17.42 17.66 17.58 17.72 17.87 18.05 18.27 18.54 18.87 19.26 19.58 19.85 19.89 19.97 19.99 20.14 20.14 20.16 20.28 20.52 20.64 20.73 20.79 20.73 20.60 20.43 20.69 20.50 20.49 20.46 20.25 20.03 19.80 19.71 19.84 19.58 19.62 19.67 19.72 19.78 19.75 19.84 19.95 20.11 20.63 20.98 21.64 22.34 23.08 23.78 24.57 25.05 25.44 25.77 26.03 26.03
18.07 18.13 18.27 18.45 18.64 18.84 19.03 19.19 19.33 19.42 19.45 19.40 19.28 19.05 18.82 18.59 18.31 18.14 18.02 17.94 17.90 17.84 18.14 18.23 18.16 18.32 18.50 18.70 18.93 19.18 19.49 19.72 20.11 20.24 19.92 19.92 20.04 20.01 19.98 20.21 20.21 20.25 20.26 20.26 20.19 20.13 20.03 19.93 20.31 20.39 20.45 20.32 20.19 20.05 20.02 20.18 19.88 19.87 19.87 19.89 19.82 19.88 19.97 20.10 20.28 20.83 21.11 21.66 22.21 22.78 23.33 23.82 24.42 24.75 25.01 25.20 25.16
18.29 18.34 18.45 18.59 18.75 18.72 18.88 19.20 19.31 19.39 19.41 19.37 19.27 19.10 18.93 18.69 18.53 18.41 18.32 18.27 18.26 18.23 18.56 18.66 18.60 18.76 18.93 19.12 19.31 19.51 19.68 19.89 20.22 20.30 20.32 20.22 20.17 20.10 20.02 19.95 19.88 19.84 19.79 19.74 19.67 19.65 19.64 19.63 19.63 20.09 20.43 20.39 20.34 20.37 20.29 20.47 20.40 20.08 19.93 19.92 19.93 19.97 20.06 20.20 20.69 20.95 21.17 21.55 22.06 22.50 22.93 23.31 23.63 23.90 24.31 24.33 24.39
18.45 18.49 18.58 18.70 18.84 18.99 18.93 19.05 19.15 19.22 19.39 19.36 19.29 19.24 18.96 18.84 18.72 18.63 18.58 18.56 18.61 18.67 18.61 18.74 19.01 19.18 19.36 19.54 19.70 19.84 19.96 20.26 20.38 20.40 20.37 20.21 20.11 19.98 19.83 19.70 19.54 19.42 19.30 19.21 19.14 19.16 19.23 19.32 19.42 19.73 20.32 20.37 20.40 20.62 20.58 20.44 20.35 20.47 20.07 20.00 19.98 20.02 20.10 20.24 20.36 20.60 21.29 21.61 21.90 22.24 22.56 22.86 23.11 23.31 23.55 23.81 23.87
18.44 18.59 18.67 18.79 18.92 19.05 18.98 19.09 19.19 19.25 19.28 19.28 19.27 19.19 19.07 18.96 18.88 18.82 18.80 18.81 18.90 18.98 18.96 19.11 19.29 19.59 19.79 19.96 20.10 20.20 20.47 20.51 20.57 20.53 20.76 20.66 20.47 20.30 20.09 19.48 19.23 19.11 18.89 18.75 18.60 18.64 18.80 19.00 19.21 19.74 20.30 20.44 20.55 20.60 20.82 20.68 20.45 20.30 20.16 20.04 19.98 20.00 20.09 20.16 20.36 20.58 21.25 21.51 21.78 22.00 22.24 22.45 22.63 22.77 22.92 22.99 23.24
18.50 18.54 18.63 18.75 18.87 19.11 18.80 19.14 19.24 19.31 19.35 19.35 19.35 19.28 19.38 19.08 19.01 18.98 18.99 19.07 19.14 19.25 19.27 19.45 19.66 19.89 20.23 20.41 20.53 20.58 20.78 20.77 20.74 20.97 20.86 20.69 20.44 20.20 19.98 19.24 18.90 18.66 18.33 18.10 17.96 18.07 18.36 18.69 19.02 19.65 19.87 20.52 20.70 20.83 20.79 20.84 20.67 20.43 20.23 20.00 19.89 19.90 20.01 20.12 20.32 20.54 21.19 21.41 21.62 21.77 21.94 22.08 22.21 22.09 22.39 22.43 22.46
18.50 18.56 18.67 18.80 18.93 19.06 19.18 19.09 19.20 19.39 19.65 19.50 19.46 19.56 19.46 19.36 19.29 19.16 19.21 19.26 19.37 19.50 19.56 19.77 20.01 20.29 20.81 20.90 21.30 21.30 21.27 21.04 20.99 21.11 20.96 20.57 20.43 20.13 19.84 19.05 18.62 18.25 17.75 17.36 17.20 17.50 17.93 18.42 19.18 19.59 19.89 20.61 20.87 21.00 21.12 21.02 20.90 20.59 20.22 19.91 19.71 19.60 19.83 20.04 20.27 20.49 21.12 21.31 21.47 21.60 21.53 21.76 21.65 21.69 21.70 21.90 21.90
18.62 18.72 18.89 18.86 19.00 19.13 19.25 19.16 19.28 19.39 19.53 19.58 19.52 19.65 19.55 19.43 19.33 19.26 19.36 19.45 19.58 19.72 19.82 20.04 20.32 20.65 21.22 21.54 21.72 21.60 21.49 21.43 21.42 21.31 20.95 20.62 20.29 20.04 19.76 19.19 18.42 17.92 17.23 16.47 16.33 16.92 17.60 18.53 19.09 19.56 19.93 20.31 20.91 21.23 21.47 21.42 21.16 20.68 20.19 19.72 19.42 19.38 19.63 19.97 20.22 20.45 21.06 21.22 21.34 21.24 21.31 21.31 21.36 21.37 21.34 21.25 21.08
18.47 18.74 18.96 19.14 19.29 19.43 19.30 19.41 19.45 19.59 19.70 19.76 19.65 19.54 19.56 19.46 19.33 19.48 19.67 19.83 19.86 19.99 20.09 20.33 20.61 21.18 21.57 22.05 22.00 21.74 21.58 21.57 21.55 21.53 21.17 20.85 20.37 20.02 19.64 19.15 18.61 17.65 16.87 15.90 15.63 16.73 17.62 18.59 19.19 19.57 20.03 20.43 21.07 21.44 21.83 21.78 21.18 20.62 20.06 19.50 18.90 19.32 19.68 19.87 20.12 20.33 20.93 21.07 21.17 21.09 21.12 21.15 21.21 21.22 21.00 20.87 20.68
18.82 18.93 19.09 19.25 19.39 19.51 19.53 19.63 19.71 19.65 19.74 19.80 19.71 19.65 19.85 19.65 19.61 19.78 19.93 20.10 20.11 20.26 20.41 20.55 20.79 21.06 21.61 21.86 21.89 21.71 21.45 21.51 21.44 21.36 21.09 20.87 20.59 20.02 19.84 19.21 18.99 17.98 17.30 16.64 16.50 17.11 18.11 18.75 19.32 19.80 20.10 20.48 20.74 21.40 21.64 21.53 21.12 20.63 20.12 19.65 19.34 19.51 19.76 19.92 20.15 20.34 20.93 21.05 21.12 21.02 21.04 21.09 21.10 21.09 20.87 20.77 20.69
19.12 19.18 19.28 19.40 19.51 19.53 19.62 19.71 19.78 19.86 19.78 19.82 19.83 19.75 20.04 19.88 20.08 20.15 20.27 20.41 20.41 20.66 20.68 20.85 20.92 21.09 21.54 21.52 21.49 21.44 21.29 21.35 21.13 20.97 20.90 20.67 20.56 20.31 20.20 19.85 19.26 18.36 17.91 17.56 17.52 17.84 18.61 19.22 19.69 19.96 20.33 20.64 20.70 21.22 21.46 21.37 21.09 20.59 20.30 19.91 19.71 19.72 19.88 20.02 20.64 20.83 20.88 20.99 21.11 21.11 21.14 21.13 21.12 21.08 20.82 20.80 20.80
19.38 19.42 19.48 19.56 19.56 19.64 19.72 19.79 19.86 19.93 19.98 19.88 19.92 19.95 20.15 20.19 20.40 20.50 20.49 20.63 20.88 21.00 20.97 21.08 21.17 21.01 21.05 21.32 21.24 21.20 21.05 21.01 20.88 20.92 20.73 20.56 20.54 20.54 20.34 20.09 19.81 19.11 18.59 18.41 18.61 18.80 19.12 19.66 20.01 20.18 20.46 20.69 20.98 21.09 21.12 21.17 20.96 20.48 20.27 20.06 19.93 19.93 19.85 20.56 20.74 20.90 20.93 21.01 21.06 21.28 21.14 21.12 21.11 20.91 20.93 20.84 20.87
19.62 19.64 19.68 19.64 19.70 19.76 19.81 19.88 19.94 20.00 20.06 19.93 19.99 20.05 20.31 20.40 20.51 20.85 20.84 21.01 21.14 21.26 21.30 21.38 21.37 21.05 20.97 21.17 21.20 20.96 20.79 20.76 20.62 20.69 20.59 20.49 20.66 20.58 20.47 20.35 20.27 19.66 19.52 19.55 19.57 19.55 19.74 20.15 20.37 20.68 20.85 20.99 21.20 21.08 21.04 20.89 20.71 20.36 20.15 19.96 20.05 19.88 19.97 20.45 20.61 20.98 21.00 21.32 21.33 21.30 21.27 21.11 20.95 21.01 21.03 20.98 21.04
19.60 19.74 19.78 19.80 19.84 19.87 19.92 19.97 20.02 20.09 20.15 20.02 20.10 20.40 20.50 20.64 20.80 20.79 20.98 21.19 21.57 21.69 21.74 21.71 21.60 21.49 21.13 21.06 20.94 20.72 20.52 20.47 20.34 20.44 20.39 20.58 20.63 20.64 20.64 20.64 20.69 20.66 20.19 20.30 20.34 20.41 20.55 20.63 20.94 21.04 21.04 21.09 21.18 21.04 20.95 20.78 20.61 20.28 20.10 19.97 19.89 19.74 20.35 20.55 20.72 20.86 21.35 21.38 21.37 20.97 21.09 20.93 20.98 20.99 21.03 21.01 21.08
20.02 19.74 19.97 19.97 19.98 19.99 20.02 20.06 20.11 20.17 20.25 20.38 20.48 20.39 20.53 20.70 21.07 21.27 21.35 21.62 21.73 21.88 22.32 22.21 21.99 21.80 21.64 21.04 20.77 20.49 20.24 20.16 20.02 20.19 20.19 20.33 20.57 20.69 20.81 20.93 21.03 21.21 21.42 21.04 21.09 21.11 21.29 21.35 21.25 21.23 21.12 21.09 20.98 21.17 21.04 20.69 20.50 20.24 20.06 19.95 19.96 20.25 20.22 20.75 20.96 21.12 20.98 20.99 20.94 21.15 20.89 21.07 20.86 20.89 20.96 20.97 21.06
20.26 20.26 20.24 20.13 20.11 20.10 20.11 20.14 20.19 20.25 20.34 20.49 20.60 20.73 20.70 21.07 21.33 21.49 21.80 22.16 22.31 22.53 22.75 22.74 22.37 22.20 21.71 21.11 20.66 20.22 19.93 19.81 19.67 19.85 19.92 20.06 20.49 20.73 20.97 21.22 21.44 21.79 22.07 21.78 21.85 21.99 21.91 21.90 21.78 21.67 21.33 21.22 21.12 21.19 21.01 20.63 20.40 20.11 19.91 19.82 19.94 20.27 20.51 20.81 21.10 20.90 21.24 21.15 21.02 20.86 20.70 20.84 20.92 20.81 20.92 20.97 21.09
20.49 20.48 20.42 20.36 20.23 20.19 20.18 20.20 20.25 20.33 20.43 20.59 20.72 20.87 20.86 21.11 21.41 21.80 22.20 22.70 23.22 23.53 23.55 23.23 22.66 22.42 21.73 20.98 20.47 20.09 19.75 19.59 19.42 19.44 19.46 19.71 20.44 20.80 21.16 21.69 22.06 22.33 22.59 22.85 22.84 23.02 22.83 22.40 22.17 22.07 21.65 21.48 21.10 20.93 20.73 20.70 20.42 20.12 19.81 19.68 19.67 19.87 20.43 20.50 20.92 21.22 21.53 21.42 21.18 20.85 20.80 20.65 20.64 20.89 20.91 21.18 21.35
20.75 20.71 20.60 20.49 20.40 20.26 20.24 20.25 20.30 20.38 20.55 20.67 20.80 20.96 21.01 21.45 21.60 22.06 22.83 23.46 24.10 24.51 24.59 24.06 23.44 22.49 21.49 20.79 20.18 19.82 19.45 19.23 18.91 18.90 19.08 19.49 20.33 20.82 21.29 21.93 22.28 22.77 23.29 23.70 23.72 23.77 23.42 22.86 22.51 22.33 21.85 21.62 21.29 21.01 20.97 20.68 20.35 20.03 19.70 19.31 19.25 19.57 20.20 20.82 21.23 21.67 21.95 21.72 21.13 20.92 20.58 20.35 20.37 20.48 20.83 21.16 21.38
21.05 20.94 20.75 20.59 20.46 20.37 20.26 20.26 20.31 20.46 20.60 20.74 20.86 21.00 21.06 21.53 21.92 22.50 23.13 23.86 24.76 25.70 25.91 25.16 23.86 22.63 21.41 20.42 19.99 19.60 19.14 18.82 18.42 18.36 18.86 19.49 20.10 20.79 21.35 21.76 22.59 23.21 23.92 24.52 24.73 24.48 23.92 23.44 23.02 22.55 22.00 21.73 21.40 21.17 20.93 20.75 20.37 19.94 19.50 18.99 18.75 19.10 19.95 20.93 21.76 22.43 22.39 21.91 21.29 20.80 20.18 19.76 19.89 20.22 20.75 21.09 21.38
21.41 21.08 20.83 20.62 20.47 20.37 20.32 20.30 20.57 20.42 20.58 20.79 20.84 20.98 21.30 21.62 22.03 22.69 23.35 24.18 25.16 26.45 27.51 25.67 24.10 22.78 21.49 20.24 19.59 19.28 18.91 18.63 18.05 17.76 18.66 19.43 20.23 20.86 21.31 21.92 22.58 23.53 24.35 25.32 25.66 24.73 23.99 23.61 23.14 22.58 22.14 21.85 21.51 21.28 21.04 20.83 20.44 19.97 19.37 18.70 17.89 19.12 20.20 21.12 22.06 23.00 22.99 22.21 21.47 20.71 19.94 19.20 19.69 20.11 20.71 21.08 21.44
