data/EU espacial/Al_EU.grd
DSAA
94	94
0.0000	100.0000
0.0000	100.0000
0.3675	15.6367
[rows 0 to 37 of 94, columns 0 to 83 of 94]
2.00 5.11 5.50 5.92 6.37 6.85 7.35 7.82 8.31 8.81 9.30 9.77 10.23 10.66 11.10 11.47 11.81 12.35 12.57 12.77 12.93 13.22 13.37 13.49 13.59 13.45 13.51 13.65 13.67 13.77 13.74 13.69 13.70 13.55 13.40 13.12 12.82 12.43 12.00 11.63 11.26 10.90 10.49 10.05 9.75 9.49 9.37 9.25 9.46 9.51 9.51 9.69 9.93 10.22 10.56 10.76 11.18 11.61 12.25 12.55 12.89 13.19 13.43 13.53 13.63 13.65 13.50 13.34 13.12 12.87 12.52 12.03 11.64 11.23 10.81 10.28 9.87 9.61 9.25 8.92 8.54 8.29 8.08 7.91
4.94 5.30 5.70 6.14 6.60 7.09 7.60 8.11 8.63 9.07 9.56 10.03 10.49 10.91 11.35 11.71 12.03 12.48 12.70 12.88 13.02 13.27 13.41 13.51 13.60 13.65 13.55 13.63 13.64 13.63 13.67 13.61 13.57 13.41 13.24 12.96 12.65 12.23 11.80 11.43 11.05 10.69 10.29 9.90 9.59 9.34 9.22 9.10 9.29 9.28 9.42 9.63 9.90 10.23 10.46 10.90 11.37 11.83 12.25 12.83 13.21 13.53 13.78 13.92 14.02 14.01 13.90 13.73 13.49 13.20 12.83 12.36 11.93 11.49 10.94 10.58 10.13 9.71 9.30 8.85 8.52 8.23 7.99 7.78
5.14 5.50 5.91 6.36 6.83 7.33 7.84 8.36 8.88 9.39 9.81 10.28 10.73 11.14 11.57 11.91 12.22 12.49 12.78 12.94 13.07 13.24 13.40 13.49 13.55 13.59 13.55 13.56 13.57 13.55 13.56 13.50 13.41 13.30 13.05 12.76 12.44 12.00 11.59 11.21 10.84 10.47 10.09 9.75 9.45 9.22 9.07 8.97 9.15 9.16 9.33 9.57 9.88 10.17 10.59 11.04 11.54 12.05 12.54 13.10 13.50 13.84 14.11 14.28 14.40 14.40 14.31 14.09 13.85 13.51 13.11 12.66 12.20 11.72 11.23 10.73 10.24 9.77 9.25 8.84 8.47 8.15 7.87 7.64
5.34 5.71 6.13 6.58 7.06 7.56 8.08 8.60 9.12 9.62 10.12 10.58 10.94 11.35 11.75 12.08 12.37 12.62 12.82 12.96 13.09 13.19 13.26 13.40 13.45 13.42 13.44 13.44 13.45 13.47 13.44 13.34 13.25 13.08 12.83 12.54 12.22 11.88 11.36 10.99 10.62 10.26 9.94 9.60 9.30 9.07 8.94 8.85 8.93 9.04 9.25 9.52 9.86 10.21 10.66 11.18 11.71 12.29 12.78 13.24 13.77 14.13 14.41 14.64 14.75 14.75 14.65 14.46 14.15 13.79 13.36 12.93 12.43 11.92 11.39 10.85 10.32 9.75 9.26 8.81 8.40 8.04 7.72 7.46
5.54 5.93 6.35 6.80 7.29 7.79 8.30 8.82 9.33 9.83 10.31 10.77 11.20 11.52 11.90 12.21 12.48 12.70 12.82 12.93 13.01 13.08 13.13 13.26 13.23 13.26 13.29 13.30 13.28 13.35 13.33 13.27 13.03 12.83 12.57 12.29 11.97 11.64 11.13 10.77 10.40 10.05 9.79 9.44 9.16 8.94 8.79 8.76 8.79 8.92 9.13 9.48 9.81 10.24 10.72 11.24 11.87 12.48 13.00 13.49 13.92 14.38 14.74 14.95 15.05 15.05 14.94 14.74 14.40 14.02 13.57 13.06 12.63 12.07 11.51 10.94 10.32 9.76 9.23 8.74 8.30 7.90 7.55 7.26
5.75 6.13 6.56 7.01 7.49 7.99 8.50 9.01 9.51 10.01 10.48 10.92 11.33 11.71 12.04 12.29 12.53 12.73 12.90 12.80 12.87 12.92 12.95 12.88 13.04 13.06 13.08 13.09 13.15 13.18 13.16 13.11 13.03 12.55 12.30 12.02 11.71 11.39 10.90 10.54 10.19 9.85 9.60 9.30 9.03 8.82 8.69 8.62 8.67 8.81 9.04 9.33 9.82 10.27 10.78 11.32 12.00 12.64 13.19 13.69 14.14 14.69 14.99 15.20 15.29 15.29 15.17 14.96 14.65 14.20 13.73 13.20 12.76 12.19 11.59 10.95 10.34 9.74 9.18 8.65 8.17 7.74 7.36 7.03
5.94 6.33 6.75 7.21 7.68 8.17 8.67 9.17 9.67 10.15 10.60 11.03 11.43 11.78 12.09 12.36 12.53 12.71 12.84 12.64 12.68 12.71 12.63 12.64 12.66 12.81 12.82 12.83 12.83 12.97 12.95 12.90 12.86 12.68 12.00 11.74 11.44 11.15 10.67 10.33 9.99 9.60 9.45 9.18 8.93 8.73 8.69 8.52 8.58 8.72 8.96 9.29 9.71 10.30 10.82 11.39 12.19 12.78 13.34 13.86 14.46 14.85 15.18 15.38 15.48 15.46 15.34 15.12 14.79 14.32 13.83 13.29 12.85 12.25 11.62 10.96 10.32 9.69 9.09 8.53 8.01 7.55 7.14 6.78
6.40 6.52 6.93 7.38 7.85 8.33 8.82 9.30 9.78 10.24 10.68 11.09 11.47 11.80 12.09 12.33 12.53 12.63 12.73 12.69 12.45 12.36 12.35 12.35 12.37 12.51 12.52 12.53 12.52 12.52 12.69 12.66 12.60 12.43 11.96 11.44 11.17 10.90 10.65 10.12 9.73 9.43 9.31 9.08 8.84 8.77 8.66 8.44 8.50 8.65 8.92 9.26 9.68 10.17 10.85 11.43 12.11 12.87 13.44 14.13 14.61 15.00 15.30 15.50 15.59 15.57 15.44 15.21 14.88 14.45 13.88 13.37 12.77 12.29 11.61 10.93 10.25 9.59 8.96 8.37 7.83 7.33 6.90 6.58
6.57 6.68 7.09 7.53 7.99 8.45 8.93 9.40 9.86 10.30 10.72 11.11 11.46 11.77 12.04 12.26 12.43 12.51 12.45 12.47 12.04 12.05 12.03 12.02 12.03 12.05 12.18 12.18 12.17 12.18 12.17 12.39 12.31 12.15 11.67 11.44 11.01 10.66 10.44 9.85 9.56 9.46 9.20 9.16 8.78 8.75 8.64 8.39 8.45 8.65 8.89 9.23 9.65 10.14 10.72 11.32 12.14 13.07 13.68 14.22 14.69 15.08 15.38 15.55 15.64 15.61 15.47 15.26 14.91 14.47 14.01 13.36 12.74 12.26 11.56 10.85 10.15 9.47 8.81 8.19 7.62 7.10 6.71 6.31
6.72 7.07 7.22 7.65 8.09 8.55 9.00 9.45 9.90 10.32 10.71 11.08 11.41 11.70 11.94 12.13 12.27 12.33 12.35 11.76 11.69 11.70 11.67 11.66 11.65 11.67 11.71 11.80 11.78 11.79 11.80 12.02 11.96 11.61 11.48 11.16 10.71 10.54 10.23 9.67 9.40 9.36 9.35 9.13 8.94 8.75 8.65 8.37 8.43 8.63 8.87 9.20 9.62 10.11 10.68 11.28 12.47 13.11 13.71 14.25 14.71 15.10 15.39 15.58 15.61 15.57 15.49 15.23 14.87 14.43 13.95 13.28 12.66 12.17 11.46 10.73 10.01 9.30 8.63 7.99 7.44 6.92 6.44 6.02
6.85 7.18 7.54 7.74 8.17 8.60 9.04 9.47 9.89 10.29 10.66 11.00 11.31 11.57 11.78 11.95 12.07 11.90 11.85 11.58 11.51 11.33 11.28 11.26 11.25 11.26 11.29 11.38 11.29 11.38 11.39 11.62 11.58 11.24 11.14 10.86 10.45 10.40 10.29 10.09 9.52 9.28 9.31 9.11 8.94 8.77 8.68 8.50 8.50 8.64 8.86 9.18 9.58 10.06 10.61 11.24 12.10 13.07 13.68 14.21 14.66 15.04 15.32 15.50 15.58 15.55 15.39 15.13 14.77 14.32 13.84 13.26 12.72 12.03 11.31 10.57 9.83 9.11 8.41 7.80 7.21 6.66 6.17 5.74
6.95 7.27 7.61 7.81 8.21 8.63 9.04 9.45 9.85 10.22 10.57 10.89 11.16 11.40 11.59 11.73 11.59 11.56 11.51 11.50 11.15 11.07 11.00 10.83 10.81 10.82 10.84 10.90 10.84 10.94 11.12 11.20 11.17 10.86 10.78 10.46 10.18 10.18 10.04 9.95 9.44 9.23 9.30 9.12 9.09 8.98 8.59 8.55 8.53 8.65 8.86 9.16 9.54 10.00 10.56 11.16 12.01 12.99 13.57 14.10 14.54 14.90 15.17 15.35 15.42 15.38 15.22 14.96 14.60 14.19 13.67 13.09 12.53 11.84 11.11 10.36 9.62 8.89 8.21 7.56 6.96 6.40 5.91 5.48
7.03 7.33 7.66 7.99 8.23 8.62 9.01 9.40 9.77 10.12 10.44 10.73 10.98 11.19 11.22 11.25 11.24 11.20 11.23 11.13 10.76 10.67 10.59 10.52 10.36 10.35 10.37 10.43 10.37 10.64 10.65 10.65 10.75 10.46 10.17 10.14 9.69 9.96 9.87 9.97 9.96 9.21 9.31 9.15 9.16 9.06 8.99 8.57 8.58 8.68 8.86 9.14 9.49 9.96 10.49 11.27 11.88 12.85 13.41 13.91 14.35 14.70 14.96 15.12 15.18 15.14 14.98 14.72 14.36 13.95 13.44 12.86 12.29 11.62 10.87 10.13 9.38 8.65 7.97 7.32 6.70 6.16 5.66 5.21
7.09 7.38 7.68 7.99 8.28 8.58 8.95 9.31 9.66 9.98 10.28 10.54 10.77 10.82 10.87 10.89 10.88 10.84 10.86 10.75 10.36 10.26 10.17 10.09 10.03 9.88 9.89 9.94 9.89 10.15 10.17 10.19 10.31 10.05 9.82 9.83 9.42 9.75 9.92 9.86 9.89 9.21 9.33 9.36 9.24 9.14 9.08 8.65 8.64 8.71 8.81 9.10 9.47 9.90 10.38 11.14 11.71 12.29 13.19 13.67 14.08 14.43 14.67 14.82 14.88 14.84 14.68 14.42 14.09 13.66 13.15 12.58 11.99 11.33 10.60 9.86 9.10 8.40 7.71 7.06 6.47 5.92 5.41 4.96
7.11 7.38 7.66 7.95 8.24 8.53 8.88 9.22 9.52 9.82 10.09 10.33 10.40 10.47 10.51 10.53 10.51 10.47 10.49 10.36 10.20 9.85 9.75 9.66 9.59 9.54 9.41 9.45 9.65 9.66 9.69 9.72 9.76 9.53 9.57 9.59 9.65 9.55 9.78 9.77 9.88 9.81 9.16 9.44 9.33 9.24 9.18 8.74 8.70 8.69 8.86 9.11 9.43 9.82 10.26 10.97 11.51 12.05 12.92 13.37 13.76 14.08 14.33 14.46 14.51 14.47 14.27 14.02 13.74 13.32 12.82 12.26 11.65 10.92 10.40 9.48 8.77 8.08 7.40 6.75 6.24 5.68 5.18 4.72
7.10 7.35 7.61 7.87 8.15 8.42 8.74 9.05 9.36 9.63 9.89 9.96 10.05 10.12 10.16 10.17 10.16 10.23 10.12 9.98 9.80 9.44 9.32 9.23 9.15 9.10 9.07 9.28 9.25 9.18 9.21 9.25 9.25 8.95 9.05 9.37 9.48 9.75 9.49 9.52 9.93 9.91 9.89 9.54 9.44 9.35 9.28 8.83 8.71 8.77 8.90 9.11 9.38 9.71 10.31 10.78 11.27 11.78 12.61 13.03 13.39 13.68 13.91 14.05 14.06 14.02 13.87 13.63 13.34 12.93 12.44 11.90 11.36 10.55 9.91 9.20 8.51 7.82 7.15 6.60 6.01 5.46 4.95 4.50
7.08 7.30 7.54 7.78 8.03 8.28 8.53 8.88 9.16 9.41 9.65 9.62 9.71 9.78 9.82 9.83 9.82 9.89 9.76 9.61 9.42 9.03 8.91 8.81 8.72 8.66 8.63 8.64 8.88 8.71 8.74 8.75 8.83 8.63 8.71 9.08 9.23 9.54 9.34 9.42 9.88 9.90 9.91 9.68 9.56 9.47 9.25 8.93 8.84 8.85 8.93 9.09 9.31 9.60 10.14 10.56 11.01 11.47 11.93 12.64 12.97 13.24 13.45 13.58 13.63 13.56 13.42 13.19 12.90 12.50 12.03 11.50 10.80 10.21 9.60 8.96 8.24 7.57 6.91 6.37 5.79 5.25 4.75 4.29
7.03 7.23 7.45 7.67 7.90 8.13 8.36 8.69 8.95 9.19 9.20 9.31 9.40 9.46 9.51 9.78 9.75 9.68 9.42 9.25 9.05 8.57 8.44 8.32 8.31 8.24 8.20 8.21 8.47 8.47 8.49 8.33 8.15 8.27 8.39 8.79 8.99 9.34 9.21 9.32 9.83 9.89 9.93 9.75 9.69 9.39 9.21 9.28 8.95 8.92 8.96 9.06 9.18 9.41 9.70 10.32 10.72 11.13 11.63 11.97 12.27 12.77 12.96 13.07 13.11 13.06 12.88 12.70 12.39 12.04 11.59 11.08 10.43 9.87 9.27 8.66 7.96 7.31 6.67 6.15 5.58 5.05 4.56 4.10
6.97 7.15 7.35 7.55 7.76 7.97 8.31 8.59 8.85 8.97 8.92 9.02 9.35 9.43 9.48 9.49 9.46 9.38 9.11 8.93 8.38 8.22 8.08 7.95 7.84 7.77 7.73 7.90 8.03 8.10 8.06 7.94 7.79 7.94 8.09 8.53 8.88 9.14 9.41 9.23 9.77 9.89 9.94 9.82 9.66 9.50 9.34 9.44 9.05 8.93 8.91 8.97 9.08 9.26 9.49 9.77 10.42 10.91 11.23 11.53 11.80 12.02 12.20 12.32 12.58 12.55 12.39 12.20 11.91 11.56 11.13 10.65 10.04 9.51 8.94 8.36 7.69 7.06 6.44 5.94 5.39 4.87 4.38 3.93
6.88 7.07 7.27 7.48 7.69 7.90 8.12 8.38 8.62 8.81 9.08 8.99 9.10 9.18 9.23 9.23 9.19 9.11 8.97 8.80 8.08 7.91 7.75 7.61 7.49 7.41 7.36 7.65 7.57 7.65 7.73 7.65 7.48 7.66 7.74 8.36 8.70 8.99 9.31 9.69 9.58 9.89 9.98 10.07 9.75 9.70 9.67 9.56 9.10 8.98 8.92 8.92 8.98 9.10 9.28 9.51 9.79 10.55 10.83 11.09 11.32 11.52 11.67 11.78 11.61 11.78 11.88 11.70 11.42 10.82 10.44 10.02 9.66 9.15 8.61 8.05 7.48 7.04 6.34 5.77 5.22 4.70 4.21 3.78
6.80 6.98 7.16 7.35 7.54 7.73 7.93 8.18 8.38 8.57 8.86 9.03 9.16 9.25 9.01 9.01 8.96 8.87 8.74 8.54 8.30 7.64 7.47 7.32 7.57 7.45 7.36 7.31 7.24 7.27 7.36 7.42 7.25 7.46 7.72 8.21 8.51 8.91 9.19 9.69 9.63 9.78 10.05 10.15 10.13 9.90 9.74 9.45 9.09 8.92 8.81 8.87 8.88 8.95 9.07 9.25 9.49 9.76 10.43 10.65 10.85 10.77 10.91 11.02 11.08 11.22 11.32 11.17 10.90 10.36 10.01 9.61 9.27 8.79 8.28 7.75 7.37 6.81 6.25 5.59 5.06 4.56 4.06 3.65
6.72 6.88 7.04 7.21 7.39 7.57 7.75 7.95 8.15 8.34 8.52 8.83 8.96 9.05 9.10 9.10 9.05 8.69 8.52 8.32 8.07 7.79 7.62 7.44 7.29 7.15 7.05 6.98 7.07 7.01 7.10 7.23 7.07 7.30 7.57 8.09 8.41 8.85 9.41 9.69 9.67 9.84 10.12 10.21 10.20 10.05 9.82 9.36 9.18 8.97 8.82 8.72 8.68 8.70 8.86 9.01 9.21 9.43 9.69 9.98 10.15 10.30 10.43 10.52 10.58 10.67 10.56 10.39 9.99 9.71 9.57 9.20 8.89 8.44 7.96 7.46 7.11 6.58 6.05 5.43 4.92 4.38 3.94 3.54
6.56 6.78 6.93 7.08 7.25 7.41 7.55 7.75 7.94 8.13 8.31 8.65 8.78 8.87 8.92 8.92 8.87 8.50 8.33 8.12 7.87 7.59 7.39 7.21 7.03 6.88 6.77 6.79 6.85 6.80 6.91 7.08 7.29 7.17 7.47 8.00 8.34 8.80 9.39 9.69 9.72 9.89 10.18 10.27 10.33 10.27 10.16 9.48 9.27 9.03 8.84 8.70 8.62 8.59 8.70 8.81 8.96 9.14 9.46 9.61 9.75 9.88 9.99 10.07 10.21 10.16 10.04 9.86 9.52 9.26 8.96 8.62 8.50 8.10 7.65 7.37 6.87 6.36 5.80 5.30 4.83 4.26 3.84 3.45
6.46 6.59 6.73 6.88 7.11 7.18 7.37 7.56 7.94 8.17 8.38 8.56 8.62 8.71 8.76 8.76 8.71 8.34 8.17 7.96 7.71 7.41 7.20 7.00 6.81 6.65 6.45 6.44 6.57 6.65 6.78 6.96 7.18 7.32 7.61 7.94 8.26 8.61 9.36 9.67 9.77 10.14 10.30 10.43 10.42 10.35 10.23 9.82 9.53 9.09 8.87 8.69 8.57 8.50 8.49 8.64 8.74 8.88 9.16 9.28 9.40 9.51 9.60 9.67 9.43 9.39 9.38 9.36 9.08 8.83 8.55 8.23 8.15 7.57 7.28 7.11 6.63 6.09 5.61 5.15 4.70 4.26 3.76 3.39
6.36 6.48 6.61 6.74 6.81 6.99 7.30 7.54 7.78 8.00 8.21 8.39 8.54 8.57 8.62 8.62 8.57 8.47 8.04 7.82 7.48 7.26 7.04 6.83 6.63 6.39 6.33 6.33 6.33 6.56 6.71 6.90 7.31 7.37 7.64 7.98 8.41 8.84 9.34 9.67 9.85 10.06 10.43 10.53 10.51 10.43 10.30 9.91 9.60 9.32 8.91 8.71 8.55 8.44 8.39 8.50 8.56 8.66 8.91 9.01 9.10 9.19 9.05 9.05 9.03 8.90 8.80 8.66 8.68 8.44 8.17 7.86 7.63 7.27 7.10 6.70 6.33 5.89 5.44 5.00 4.58 4.17 3.71 3.35
6.27 6.38 6.50 6.52 6.69 6.87 7.06 7.25 7.63 7.85 8.05 8.24 8.39 8.50 8.49 8.49 8.45 8.35 7.93 7.72 7.36 7.14 6.91 6.68 6.41 6.31 6.26 6.27 6.27 6.53 6.68 6.89 7.30 7.36 7.65 8.00 8.44 8.87 9.23 9.69 9.89 10.19 10.50 10.57 10.59 10.51 10.37 10.00 9.68 9.38 9.12 8.74 8.55 8.42 8.33 8.41 8.43 8.66 8.72 8.79 8.86 8.73 8.73 8.72 8.68 8.54 8.43 8.28 8.19 8.09 7.82 7.53 7.32 6.99 6.83 6.36 5.96 5.56 5.19 4.88 4.48 4.10 3.74 3.33
6.19 6.29 6.27 6.43 6.59 6.77 6.96 7.15 7.34 7.71 7.91 8.09 8.25 8.36 8.44 8.38 8.34 8.24 7.84 7.64 7.27 7.04 6.80 6.51 6.38 6.29 6.24 6.26 6.27 6.55 6.71 7.08 7.33 7.40 7.70 8.06 8.68 8.93 9.29 9.49 10.05 10.25 10.57 10.63 10.68 10.59 10.34 10.15 9.76 9.45 9.18 8.94 8.75 8.43 8.32 8.25 8.35 8.55 8.58 8.63 8.49 8.49 8.47 8.44 8.39 8.23 8.11 8.07 7.87 7.64 7.49 7.21 6.91 6.79 6.55 6.14 5.76 5.43 5.04 4.67 4.30 3.95 3.65 3.28
6.12 6.07 6.21 6.36 6.53 6.70 6.89 7.07 7.26 7.43 7.60 7.96 8.11 8.23 8.31 8.34 8.32 8.14 8.00 7.43 7.20 6.96 6.65 6.50 6.38 6.30 6.27 6.31 6.38 6.66 6.83 7.05 7.41 7.52 7.82 8.13 8.77 9.02 9.27 10.01 10.22 10.38 10.80 10.69 10.95 10.86 10.62 10.43 9.84 9.53 9.25 9.00 8.79 8.62 8.34 8.25 8.32 8.49 8.50 8.36 8.34 8.31 8.27 8.22 8.15 7.95 7.82 7.67 7.60 7.37 7.23 6.96 6.67 6.57 6.39 6.02 5.65 5.28 4.92 4.56 4.22 3.90 3.59 3.31
6.15 6.03 6.16 6.32 6.48 6.65 6.83 7.02 7.20 7.37 7.76 7.95 8.10 8.22 8.35 8.37 8.33 8.21 8.07 7.32 7.13 6.87 6.72 6.58 6.49 6.42 6.39 6.38 6.47 6.61 6.94 7.30 7.56 7.65 7.95 8.25 8.62 9.41 9.80 10.06 10.25 10.40 10.68 10.69 10.93 10.83 10.59 10.41 9.99 9.69 9.42 9.19 8.80 8.65 8.35 8.25 8.47 8.59 8.38 8.34 8.31 8.17 8.11 8.04 7.89 7.77 7.63 7.46 7.27 7.05 6.87 6.60 6.53 6.44 6.19 5.84 5.49 5.14 4.80 4.47 4.15 3.85 3.57 3.37
6.12 6.17 6.14 6.29 6.46 6.63 6.80 6.98 7.16 7.47 7.67 7.85 8.00 8.12 8.26 8.27 8.24 8.15 7.94 7.50 7.06 6.90 6.76 6.64 6.55 6.50 6.49 6.50 6.59 6.85 7.05 7.45 7.72 7.82 8.12 8.87 9.19 9.43 9.65 9.88 10.28 10.41 10.67 10.67 10.61 10.74 10.55 10.37 9.95 9.66 9.40 9.17 8.81 8.66 8.55 8.60 8.44 8.45 8.39 8.33 8.27 8.12 8.04 7.95 7.78 7.65 7.49 7.31 7.11 6.89 6.70 6.43 6.37 6.25 6.02 5.69 5.36 5.03 4.72 4.41 4.11 3.86 3.66 3.42
6.11 5.92 6.07 6.29 6.45 6.62 6.79 6.97 7.19 7.41 7.60 7.78 7.92 8.03 8.18 8.22 8.20 7.96 7.71 7.60 7.11 7.00 6.87 6.73 6.65 6.61 6.65 6.64 6.75 7.02 7.23 7.63 7.91 8.43 8.78 9.00 9.30 9.52 9.77 9.94 10.07 10.18 10.64 10.63 10.56 10.68 10.48 10.31 9.92 9.62 9.36 9.14 8.82 8.78 8.44 8.58 8.53 8.70 8.69 8.52 8.29 8.12 8.02 8.03 7.89 7.58 7.41 7.22 7.00 6.85 6.59 6.51 6.24 6.19 5.90 5.58 5.26 4.96 4.66 4.39 4.13 3.96 3.71 3.58
5.80 5.93 6.08 6.25 6.42 6.60 6.80 6.94 7.16 7.36 7.55 7.72 7.85 8.03 8.09 8.12 8.10 7.93 7.70 7.61 7.34 7.06 6.94 6.86 6.80 6.82 6.80 6.87 6.94 7.21 7.70 8.31 8.58 8.68 8.93 9.13 9.37 9.62 9.84 10.00 10.10 10.19 10.58 10.36 10.35 10.60 10.46 10.09 9.88 9.67 9.26 9.06 8.90 8.77 8.66 8.60 8.57 8.72 8.69 8.56 8.50 8.43 8.15 8.03 7.86 7.57 7.38 7.17 7.00 6.76 6.50 6.42 6.13 6.08 5.78 5.50 5.20 4.91 4.82 4.54 4.32 4.12 3.87 3.67
5.83 5.96 6.11 6.27 6.45 6.62 6.80 6.98 7.14 7.34 7.37 7.52 7.85 7.94 8.00 8.03 7.90 7.87 7.82 7.47 7.36 7.27 7.18 6.97 6.93 7.01 7.06 7.06 7.23 7.66 7.90 8.49 8.74 8.85 9.09 9.26 9.48 9.70 9.90 10.07 10.12 10.18 10.35 10.31 10.28 10.17 10.36 10.03 9.67 9.47 9.28 9.02 8.87 8.77 8.69 8.63 8.62 8.74 8.70 8.67 8.56 8.48 8.57 8.44 8.29 7.68 7.44 7.21 6.97 6.72 6.65 6.60 6.28 6.14 5.93 5.65 5.34 5.06 4.79 4.53 4.40 4.16 3.95 3.75
5.88 6.01 6.16 6.32 6.49 6.66 6.83 7.00 7.07 7.20 7.37 7.52 7.95 8.04 8.09 7.83 7.84 7.82 7.91 7.87 7.40 7.32 7.26 7.31 7.13 7.15 7.22 7.32 7.75 8.06 8.30 8.55 8.91 9.02 9.24 9.35 9.57 9.78 9.95 10.09 10.41 10.41 10.32 10.23 10.18 9.96 10.05 9.81 9.63 9.44 9.27 8.93 8.88 8.79 8.72 8.78 8.73 8.76 8.73 8.69 8.76 8.87 8.59 8.46 8.29 8.32 7.88 7.65 7.31 7.05 7.05 6.73 6.41 6.08 5.78 5.64 5.35 5.09 4.84 4.61 4.32 4.19 4.04 3.86
5.95 6.08 6.29 6.48 6.68 6.87 7.06 7.25 7.38 7.51 7.69 7.81 7.91 7.98 8.03 8.05 7.92 7.91 7.89 7.86 7.83 7.80 7.43 7.42 7.44 7.31 7.39 7.77 7.94 8.26 8.48 8.72 9.06 9.29 9.51 9.63 9.66 9.83 9.98 10.28 10.33 10.28 10.23 10.16 10.07 9.86 9.84 9.70 9.57 9.40 9.05 8.90 8.80 8.92 8.85 8.81 8.77 8.73 8.70 8.84 8.80 8.92 8.82 8.69 8.54 8.24 7.91 7.79 7.52 7.36 7.03 6.70 6.38 6.06 5.83 5.51 5.36 5.12 4.89 4.67 4.43 4.35 4.17 4.00
6.06 6.24 6.43 6.62 6.81 7.00 7.15 7.28 7.41 7.52 7.61 7.69 7.87 7.94 7.98 8.00 7.87 7.87 7.86 7.85 7.84 7.84 7.84 7.52 7.56 7.62 7.74 7.90 8.13 8.40 8.65 8.98 9.20 9.41 9.58 9.70 9.89 10.07 10.17 10.24 10.25 10.18 10.11 10.03 9.87 9.88 9.71 9.58 9.52 9.40 8.97 8.85 8.77 8.90 8.86 8.82 8.79 8.77 8.74 8.99 8.95 8.92 8.83 8.75 8.58 8.29 8.08 7.81 7.68 7.37 7.04 6.79 6.48 6.16 5.86 5.54 5.28 5.18 4.96 4.76 4.60 4.44 4.32 4.16
6.22 6.39 6.58 6.76 6.92 7.06 7.20 7.33 7.44 7.54 7.62 7.69 7.73 7.89 7.93 7.81 7.82 7.83 7.83 7.84 7.85 7.87 7.90 7.62 7.68 7.77 7.91 8.09 8.31 8.50 8.82 9.03 9.33 9.52 9.64 9.73 9.90 10.05 10.12 10.16 10.14 10.08 9.96 9.86 9.72 9.74 9.59 9.46 9.38 9.27 8.87 8.78 8.91 8.87 8.84 8.82 8.81 8.80 8.78 9.03 9.00 8.93 8.85 8.79 8.76 8.54 8.11 8.01 7.70 7.39 7.06 6.75 6.52 6.22 5.95 5.68 5.42 5.19 5.04 4.86 4.75 4.60 4.50 4.33
6.44 6.55 6.70 6.85 7.00 7.14 7.27 7.39 7.49 7.57 7.64 7.69 7.72 7.74 7.89 7.76 7.77 7.78 7.79 7.82 7.84 7.89 7.94 8.01 7.87 8.00 8.15 8.31 8.49 8.90 9.12 9.46 9.64 9.55 9.68 9.74 9.88 9.99 10.04 10.05 10.00 9.92 9.78 9.62 9.52 9.54 9.42 9.33 9.23 8.89 8.82 8.67 8.82 8.81 8.80 8.80 8.81 8.92 8.93 9.06 9.04 8.98 8.89 8.93 8.74 8.56 8.32 8.03 7.72 7.41 7.10 6.80 6.58 6.32 6.05 5.79 5.55 5.32 5.19 5.03 5.03 4.86 4.70 4.53
