data/EU espacial/Al_EU.grd
DSAA
94	94
0.0000	100.0000
0.0000	100.0000
0.3675	15.6367
[rows 38 to 75 of 94, columns 0 to 83 of 94]
6.47 6.63 6.79 6.95 7.10 7.23 7.34 7.45 7.53 7.61 7.66 7.70 7.72 7.72 7.58 7.56 7.71 7.73 7.75 7.78 7.82 7.88 7.96 8.11 7.96 8.10 8.39 8.57 8.83 9.01 9.20 9.55 9.72 9.81 9.69 9.72 9.82 9.90 9.92 9.90 9.82 9.62 9.52 9.41 9.39 9.27 9.15 9.14 8.76 8.68 8.63 8.81 8.93 8.98 9.04 9.09 8.88 8.91 8.93 9.08 9.06 9.01 8.90 8.76 8.59 8.33 8.31 8.02 7.75 7.45 7.15 6.96 6.69 6.42 6.16 5.92 5.69 5.47 5.32 5.16 5.20 5.06 4.90 4.73
6.61 6.77 6.92 7.07 7.20 7.33 7.44 7.51 7.58 7.64 7.68 7.70 7.71 7.70 7.55 7.52 7.50 7.66 7.68 7.72 7.78 7.91 8.01 8.13 8.35 8.52 8.46 8.73 8.90 9.10 9.27 9.57 9.72 9.82 9.90 9.88 9.74 9.78 9.77 9.72 9.50 9.41 9.30 9.13 9.01 9.01 8.90 8.89 8.82 8.60 8.61 8.63 8.68 8.85 8.92 9.00 9.05 9.12 9.17 9.08 9.05 8.98 8.88 8.74 8.51 8.32 8.36 8.02 7.69 7.40 7.22 7.04 6.78 6.53 6.29 6.06 5.84 5.69 5.52 5.36 5.39 5.22 5.11 4.92
6.76 6.91 7.06 7.19 7.32 7.43 7.52 7.60 7.67 7.71 7.74 7.70 7.69 7.54 7.51 7.47 7.44 7.43 7.60 7.65 7.77 7.86 7.98 8.12 8.35 8.54 8.57 8.77 8.93 9.12 9.31 9.57 9.71 9.79 9.85 10.02 9.97 9.95 9.65 9.60 9.28 9.17 9.05 8.86 8.74 8.73 8.62 8.61 8.37 8.35 8.37 8.42 8.60 8.69 8.74 8.85 8.95 9.03 9.10 9.11 8.99 8.92 8.82 8.63 8.47 8.51 8.29 8.04 7.73 7.47 7.22 7.30 6.87 6.64 6.41 6.20 6.23 6.02 5.73 5.69 5.58 5.52 5.31 5.18
6.92 7.06 7.19 7.31 7.42 7.52 7.60 7.66 7.70 7.73 7.74 7.74 7.70 7.58 7.45 7.40 7.37 7.35 7.35 7.44 7.67 7.78 7.90 8.15 8.34 8.38 8.60 8.76 8.92 9.11 9.25 9.53 9.65 9.90 9.92 9.78 9.74 9.55 9.29 9.23 9.23 9.09 8.85 8.56 8.61 8.42 8.30 8.36 8.07 8.07 8.10 8.28 8.38 8.46 8.58 8.69 8.81 8.90 8.95 8.97 8.89 8.83 8.94 8.50 8.35 8.18 8.24 8.43 8.17 7.48 7.26 7.33 7.08 6.84 6.61 6.58 6.38 6.25 6.07 5.90 5.79 5.61 5.58 5.38
7.07 7.20 7.32 7.43 7.53 7.60 7.66 7.70 7.73 7.73 7.73 7.71 7.56 7.51 7.45 7.41 7.37 7.30 7.32 7.35 7.40 7.51 7.65 7.82 8.08 8.30 8.62 8.85 9.08 9.17 9.46 9.58 9.67 9.64 9.43 9.55 9.52 9.35 9.21 9.11 8.87 8.74 8.59 8.54 8.40 8.17 8.27 7.95 7.71 7.72 7.76 7.80 8.11 8.24 8.38 8.52 8.65 8.69 8.75 8.79 8.81 8.87 8.90 8.79 8.64 8.71 8.57 8.34 8.10 7.86 7.67 7.43 7.21 7.13 6.93 6.84 6.73 6.56 6.40 6.27 6.11 5.91 5.71 5.50
7.37 7.34 7.45 7.54 7.61 7.67 7.71 7.73 7.73 7.72 7.69 7.65 7.48 7.41 7.34 7.28 7.29 7.28 7.15 7.18 7.25 7.23 7.41 7.73 7.93 8.26 8.50 8.85 8.72 9.14 9.29 9.41 9.42 9.47 9.51 9.50 9.44 9.35 9.28 8.94 8.79 8.64 8.44 8.27 8.02 8.00 7.91 7.57 7.58 7.63 7.70 7.79 8.03 7.91 8.15 8.27 8.44 8.53 8.60 8.67 8.69 8.76 8.69 8.59 8.72 8.56 8.35 8.14 8.09 7.72 7.68 7.48 7.22 7.10 6.94 7.04 6.90 6.74 6.59 6.43 6.34 6.15 5.94 5.73
7.53 7.61 7.67 7.63 7.69 7.72 7.74 7.73 7.71 7.67 7.62 7.44 7.37 7.18 7.05 7.09 7.05 6.96 6.97 7.10 7.18 7.29 7.59 7.77 7.88 7.93 8.41 8.35 8.56 8.85 9.02 9.15 9.24 9.15 9.31 9.28 9.18 9.06 8.92 8.62 8.45 8.28 8.13 7.90 7.73 7.62 7.52 7.20 7.20 7.29 7.36 7.46 7.71 7.86 7.83 7.96 8.13 8.23 8.31 8.39 8.61 8.50 8.45 8.62 8.50 8.34 8.25 8.07 7.88 7.71 7.63 7.30 7.29 7.15 7.01 7.16 7.01 6.90 6.83 6.68 6.51 6.32 6.12 5.90
7.66 7.73 7.62 7.69 7.73 7.75 7.74 7.71 7.60 7.51 7.41 7.23 7.11 7.05 6.96 6.88 6.85 6.83 6.84 6.88 6.96 7.07 7.22 7.55 7.67 7.89 8.09 8.33 8.47 8.66 8.82 8.95 8.90 8.94 8.96 8.93 8.82 8.76 8.60 8.41 8.07 7.88 7.66 7.51 7.51 7.02 6.93 6.89 6.84 6.90 7.03 7.13 7.39 7.54 7.64 7.63 7.80 7.91 7.94 8.28 8.31 8.31 8.42 8.34 8.23 8.16 8.02 7.87 7.75 7.58 7.37 7.24 7.12 7.12 7.10 7.21 7.18 7.08 6.95 6.81 6.64 6.46 6.26 6.04
7.78 7.62 7.69 7.74 7.77 7.77 7.74 7.58 7.49 7.38 7.20 7.05 6.96 6.85 6.75 6.67 6.61 6.58 6.59 6.63 6.71 6.82 6.97 7.22 7.43 7.65 7.86 8.11 8.25 8.44 8.59 8.57 8.66 8.70 8.70 8.64 8.52 8.37 8.27 8.06 7.84 7.49 7.26 7.28 7.13 6.67 6.60 6.56 6.51 6.57 6.65 6.80 6.96 7.10 7.31 7.46 7.46 7.51 7.80 7.95 7.99 8.13 8.09 8.02 8.04 7.88 7.76 7.65 7.54 7.35 7.24 7.14 7.06 7.03 7.09 7.30 7.24 7.15 7.03 6.90 6.74 6.56 6.36 6.14
7.80 8.00 7.99 7.95 7.88 7.79 7.65 7.53 7.40 7.26 7.08 6.90 6.75 6.62 6.50 6.41 6.34 6.31 6.31 6.35 6.43 6.55 6.60 6.94 7.15 7.38 7.73 7.97 8.05 8.23 8.39 8.31 8.39 8.43 8.42 8.33 8.20 8.04 7.92 7.70 7.47 7.22 6.87 6.51 6.40 6.35 6.28 6.24 6.18 6.24 6.33 6.47 6.64 6.77 6.92 6.87 7.13 7.30 7.46 7.67 7.71 7.87 7.83 7.79 7.72 7.58 7.50 7.41 7.26 7.16 7.07 7.00 6.96 6.92 7.06 7.27 7.24 7.19 7.11 7.01 6.87 6.71 6.51 6.30
7.86 7.99 7.97 7.92 7.84 7.73 7.54 7.41 7.27 7.12 6.96 6.77 6.63 6.36 6.23 6.13 6.05 6.01 6.01 6.05 6.13 6.14 6.29 6.65 6.96 7.20 7.45 7.68 7.74 7.93 8.08 8.03 8.11 8.14 8.11 8.02 7.88 7.71 7.57 7.35 7.11 6.86 6.31 6.17 6.06 5.99 5.99 6.05 6.06 5.94 6.02 6.16 6.28 6.31 6.42 6.54 6.84 7.15 7.24 7.31 7.33 7.50 7.46 7.43 7.31 7.26 7.20 7.16 7.01 6.93 6.89 6.84 6.81 6.96 6.96 7.14 7.20 7.16 7.09 6.99 6.86 6.70 6.51 6.30
8.00 7.99 7.95 7.88 7.78 7.65 7.42 7.25 7.09 6.93 6.75 6.53 6.37 6.23 6.11 5.82 5.74 5.70 5.70 5.73 5.83 5.95 6.13 6.33 6.66 6.90 7.15 7.39 7.46 7.67 7.83 7.97 7.92 7.82 7.80 7.70 7.55 7.38 7.22 7.00 6.77 6.51 6.15 5.87 5.76 5.70 5.66 5.78 5.80 5.72 5.81 5.87 5.99 6.01 6.11 6.30 6.76 6.85 6.88 7.01 7.04 7.04 7.08 6.99 6.96 6.95 6.91 6.86 6.81 6.69 6.65 6.62 6.78 6.79 6.81 7.02 7.02 7.07 7.01 6.92 6.80 6.65 6.47 6.26
7.98 7.95 7.89 7.80 7.68 7.47 7.23 7.07 6.89 6.71 6.50 6.28 6.08 5.93 5.80 5.70 5.40 5.35 5.37 5.42 5.49 5.59 5.75 6.00 6.34 6.61 6.88 7.13 7.15 7.38 7.62 7.74 7.76 7.78 7.88 7.61 7.33 7.15 6.94 6.54 6.27 5.99 5.88 5.62 5.51 5.49 5.41 5.48 5.49 5.53 5.55 5.65 5.66 5.83 5.92 5.99 6.45 6.53 6.57 6.63 6.67 6.66 6.52 6.65 6.62 6.59 6.56 6.53 6.52 6.39 6.37 6.52 6.55 6.58 6.61 6.85 6.87 6.85 6.87 6.80 6.69 6.54 6.37 6.17
7.92 7.88 7.80 7.59 7.47 7.20 7.13 6.93 6.71 6.49 6.26 6.03 5.82 5.63 5.48 5.19 5.10 5.04 5.05 5.07 5.15 5.26 5.39 5.66 6.07 6.34 6.60 6.95 6.99 7.18 7.34 7.52 7.58 7.70 7.65 7.53 7.00 6.81 6.59 6.27 6.03 5.82 5.56 5.43 5.33 5.26 5.27 5.35 5.31 5.35 5.40 5.53 5.48 5.56 5.64 5.73 6.01 6.31 6.35 6.22 6.23 6.19 6.23 6.21 6.19 6.23 6.22 6.20 6.18 6.17 6.11 6.23 6.28 6.32 6.37 6.64 6.66 6.66 6.63 6.65 6.52 6.39 6.23 6.04
7.81 7.75 7.56 7.44 7.30 7.13 6.91 6.71 6.47 6.23 5.99 5.76 5.54 5.34 5.09 4.96 4.87 4.86 4.77 4.74 4.79 4.94 5.13 5.47 5.81 6.08 6.55 6.54 6.85 6.89 7.12 7.23 7.12 7.25 7.20 7.11 6.97 6.56 6.33 6.12 5.92 5.72 5.64 5.32 5.23 5.16 5.11 5.25 5.25 5.28 5.31 5.42 5.21 5.26 5.30 5.38 5.70 5.93 5.95 5.95 6.00 5.93 5.87 5.84 5.82 5.90 5.85 5.83 5.82 5.77 5.78 5.91 5.97 6.15 6.21 6.26 6.30 6.42 6.49 6.43 6.34 6.22 6.08 5.90
7.68 7.49 7.39 7.26 7.09 6.90 6.67 6.44 6.17 5.93 5.69 5.46 5.25 5.06 4.90 4.69 4.61 4.46 4.45 4.49 4.55 4.73 4.94 5.33 5.59 5.89 6.04 6.27 6.45 6.62 6.76 6.80 6.86 6.98 6.94 6.86 6.73 6.56 6.39 5.94 5.75 5.57 5.41 5.20 5.11 5.05 5.01 5.00 5.16 5.19 5.24 5.31 5.06 5.09 5.11 5.49 5.47 5.55 5.55 5.64 5.68 5.59 5.58 5.54 5.45 5.53 5.51 5.44 5.41 5.41 5.44 5.58 5.80 5.81 5.88 5.94 5.99 6.07 6.12 6.17 6.09 5.98 5.85 5.68
7.26 7.19 7.08 6.94 6.77 6.58 6.36 6.12 5.88 5.63 5.38 5.15 4.94 4.78 4.60 4.47 4.38 4.15 4.16 4.32 4.44 4.54 4.75 5.08 5.35 5.64 5.90 6.01 6.19 6.37 6.50 6.54 6.73 6.74 6.70 6.61 6.50 6.37 6.21 6.05 5.61 5.45 5.32 5.21 5.03 4.98 4.94 4.93 5.11 5.16 5.17 5.23 5.25 4.96 5.25 5.31 5.29 5.32 5.30 5.26 5.28 5.28 5.22 5.20 5.16 5.15 5.10 5.07 5.14 5.18 5.17 5.22 5.29 5.46 5.53 5.59 5.65 5.79 5.80 5.77 5.76 5.68 5.59 5.50
7.06 6.97 6.84 6.69 6.50 6.29 6.06 5.82 5.57 5.30 5.07 4.84 4.63 4.45 4.31 4.20 4.14 4.13 3.97 4.05 4.11 4.29 4.51 4.75 5.01 5.41 5.67 5.92 5.96 6.12 6.26 6.50 6.56 6.51 6.46 6.40 6.31 6.19 6.06 5.91 5.76 5.35 5.25 5.16 5.09 4.94 4.92 5.06 5.12 5.13 5.14 5.43 5.45 5.11 5.12 5.09 5.12 5.18 5.08 5.01 5.01 4.86 4.80 4.74 4.75 4.82 4.77 4.77 4.79 4.82 4.80 4.85 4.92 4.99 5.16 5.23 5.40 5.44 5.45 5.44 5.44 5.37 5.27 5.24
6.83 6.72 6.58 6.41 6.21 5.99 5.75 5.47 5.22 4.97 4.73 4.50 4.31 4.13 3.99 3.89 3.84 3.85 3.91 3.73 3.88 4.06 4.29 4.54 4.80 4.99 5.24 5.48 5.70 6.06 6.19 6.29 6.35 6.28 6.26 6.21 6.13 6.03 5.92 5.79 5.66 5.53 5.43 5.35 5.28 5.00 5.13 5.09 5.11 5.37 5.40 5.41 5.41 5.03 5.02 4.96 5.10 5.02 4.89 4.85 4.75 4.60 4.51 4.43 4.46 4.34 4.33 4.34 4.36 4.40 4.45 4.48 4.54 4.61 4.69 4.97 5.03 5.07 5.09 5.09 5.04 4.97 4.87 4.75
6.56 6.44 6.28 6.10 5.90 5.67 5.38 5.13 4.88 4.62 4.40 4.18 3.98 3.82 3.69 3.60 3.57 3.59 3.60 3.72 3.67 3.86 4.09 4.34 4.55 4.79 5.04 5.48 5.49 5.83 5.98 6.08 6.15 6.17 6.08 6.04 5.97 5.89 5.79 5.68 5.58 5.47 5.26 5.34 5.29 5.26 5.18 5.13 5.16 5.39 5.41 5.41 5.38 5.21 4.94 4.86 4.99 4.89 4.78 4.67 4.54 4.37 4.25 4.25 4.08 4.01 3.99 3.97 3.98 4.01 4.05 4.11 4.18 4.24 4.32 4.60 4.66 4.68 4.70 4.69 4.66 4.60 4.52 4.55
6.22 6.14 5.97 5.68 5.48 5.26 5.02 4.79 4.55 4.30 4.07 3.86 3.67 3.52 3.40 3.32 3.29 3.29 3.38 3.51 3.68 3.69 4.00 4.24 4.48 4.76 5.00 5.22 5.43 5.66 5.80 5.91 5.98 6.00 5.92 5.88 5.83 5.76 5.68 5.59 5.50 5.31 5.24 5.33 5.31 5.44 5.44 5.36 5.35 5.43 5.57 5.41 5.51 5.17 4.97 5.01 4.90 4.88 4.71 4.62 4.47 4.33 4.04 3.91 3.79 3.70 3.67 3.64 3.62 3.64 3.67 3.72 3.79 3.84 3.92 4.19 4.26 4.29 4.31 4.31 4.29 4.24 4.33 4.23
5.92 5.77 5.60 5.35 5.15 4.94 4.70 4.46 4.21 3.98 3.75 3.55 3.38 3.24 3.13 3.07 3.01 3.08 3.18 3.33 3.51 3.70 3.87 4.07 4.35 4.60 4.83 5.07 5.26 5.51 5.79 5.88 5.82 5.84 5.93 5.74 5.69 5.63 5.57 5.50 5.44 5.26 5.22 5.46 5.45 5.47 5.50 5.41 5.43 5.63 5.60 5.56 5.53 5.44 4.95 4.83 4.86 4.82 4.66 4.52 4.35 4.18 3.85 3.69 3.53 3.42 3.37 3.33 3.35 3.36 3.39 3.43 3.48 3.58 3.66 3.73 3.81 4.09 4.13 4.15 4.13 4.10 4.01 3.92
5.59 5.44 5.26 5.06 4.85 4.61 4.35 4.12 3.89 3.66 3.45 3.27 3.11 2.98 2.90 2.81 2.81 2.86 3.01 3.17 3.36 3.56 3.82 3.98 4.20 4.44 4.69 4.90 5.11 5.51 5.64 5.73 5.79 5.79 5.79 5.77 5.73 5.52 5.47 5.55 5.51 5.48 5.19 5.45 5.48 5.50 5.54 5.45 5.47 5.66 5.63 5.58 5.54 5.45 4.94 4.80 4.82 4.77 4.60 4.44 4.25 3.88 3.68 3.46 3.30 3.18 3.10 3.05 3.06 3.06 3.08 3.11 3.16 3.24 3.32 3.38 3.46 3.78 3.82 3.83 3.82 3.78 3.69 3.61
5.26 5.10 4.92 4.58 4.39 4.18 4.00 3.80 3.58 3.36 3.17 3.00 2.86 2.75 2.69 2.62 2.64 2.70 2.87 3.03 3.22 3.46 3.64 3.90 4.12 4.35 4.57 4.78 5.22 5.37 5.49 5.58 5.60 5.64 5.65 5.64 5.61 5.55 5.50 5.47 5.44 5.29 5.29 5.34 5.37 5.65 5.70 5.78 5.82 6.06 5.94 5.89 5.55 5.31 5.19 5.16 4.80 4.64 4.57 4.31 4.08 3.79 3.49 3.26 3.07 2.92 2.87 2.80 2.80 2.79 2.80 2.82 2.87 3.02 3.09 3.32 3.40 3.49 3.52 3.53 3.52 3.49 3.40 3.32
4.72 4.58 4.42 4.24 4.05 3.85 3.69 3.48 3.28 3.10 2.91 2.76 2.64 2.56 2.53 2.53 2.53 2.61 2.73 2.99 3.19 3.31 3.55 3.79 4.03 4.25 4.66 4.85 5.02 5.24 5.36 5.38 5.43 5.47 5.48 5.50 5.48 5.44 5.40 5.38 5.22 5.22 5.24 5.28 5.47 5.64 5.79 5.86 5.84 6.09 5.97 5.92 5.84 5.30 5.17 5.04 5.02 4.73 4.53 4.24 3.98 3.61 3.36 3.12 2.93 2.77 2.65 2.57 2.58 2.56 2.56 2.57 2.69 2.76 2.82 3.07 3.14 3.22 3.24 3.25 3.24 3.21 3.05 2.99
4.38 4.24 4.08 3.90 3.72 3.54 3.35 3.20 3.02 2.86 2.71 2.55 2.47 2.41 2.36 2.38 2.43 2.52 2.65 2.81 3.12 3.21 3.48 3.74 3.98 4.35 4.55 4.73 4.88 5.11 5.22 5.22 5.28 5.28 5.32 5.42 5.40 5.32 5.31 5.17 5.12 5.26 5.36 5.43 5.51 5.65 5.79 5.86 5.84 6.19 6.07 5.92 5.85 5.62 5.15 5.02 5.00 4.71 4.31 4.15 3.90 3.64 3.26 3.02 2.81 2.63 2.50 2.40 2.34 2.36 2.35 2.62 2.65 2.53 2.59 2.84 2.90 3.13 3.15 2.99 2.98 2.84 2.80 2.75
4.05 3.91 3.75 3.58 3.41 3.24 3.07 2.91 2.79 2.64 2.48 2.39 2.30 2.26 2.26 2.29 2.36 2.46 2.59 2.76 2.99 3.14 3.41 3.65 4.04 4.25 4.43 4.60 4.74 4.86 4.98 5.06 5.11 5.11 5.14 5.16 5.17 5.15 5.02 5.11 5.14 5.19 5.30 5.38 5.47 5.56 5.63 5.84 6.16 6.17 6.13 6.09 5.83 5.61 5.50 5.44 4.97 4.46 4.26 4.01 3.84 3.58 3.18 2.94 2.72 2.53 2.39 2.28 2.50 2.45 2.47 2.47 2.49 2.52 2.39 2.64 2.89 2.92 2.93 2.93 2.89 2.62 2.58 2.54
3.82 3.59 3.44 3.28 3.12 2.97 2.81 2.67 2.55 2.43 2.31 2.24 2.18 2.16 2.18 2.22 2.30 2.41 2.55 2.71 2.95 3.16 3.35 3.57 3.95 4.14 4.31 4.46 4.59 4.70 4.82 4.89 4.95 4.94 4.97 4.99 5.05 4.95 4.91 4.94 5.04 5.10 5.22 5.31 5.40 5.50 5.57 5.66 6.10 6.13 6.08 6.05 5.98 5.58 5.47 5.40 4.63 4.59 4.22 3.97 3.80 3.64 3.37 2.89 2.66 2.46 2.31 2.19 2.41 2.34 2.35 2.34 2.34 2.36 2.39 2.68 2.71 2.73 2.74 2.74 2.69 2.67 2.39 2.36
3.54 3.38 3.22 3.06 2.90 2.74 2.59 2.46 2.33 2.22 2.16 2.11 2.07 2.09 2.11 2.17 2.26 2.37 2.51 2.67 3.16 3.30 3.52 3.74 3.98 4.18 4.18 4.32 4.44 4.63 4.72 4.79 4.85 4.90 4.94 4.90 4.89 4.91 4.81 4.86 4.97 5.05 5.13 5.23 5.33 5.44 5.50 5.59 5.90 5.98 5.97 5.89 5.90 5.62 5.51 5.52 5.47 5.06 4.68 4.42 4.27 4.01 3.66 3.42 3.09 2.88 2.71 2.57 2.32 2.24 2.30 2.29 2.30 2.31 2.58 2.61 2.50 2.52 2.53 2.54 2.45 2.54 2.52 2.50
3.26 3.11 2.96 2.80 2.66 2.51 2.38 2.27 2.17 2.08 2.02 1.99 1.99 1.99 2.02 2.07 2.15 2.40 2.53 2.67 3.12 3.25 3.44 3.64 3.87 4.06 4.18 4.30 4.41 4.52 4.60 4.67 4.72 4.77 4.74 4.73 4.73 4.77 4.66 4.71 4.78 4.91 5.01 5.11 5.21 5.32 5.40 5.49 5.79 5.86 5.86 5.78 5.60 5.52 5.57 5.45 5.40 5.29 4.63 4.38 4.23 3.96 3.62 3.37 3.05 2.84 2.66 2.52 2.40 2.37 2.34 2.22 2.21 2.45 2.47 2.48 2.49 2.38 2.39 2.41 2.42 2.39 2.38 2.36
3.01 2.86 2.72 2.58 2.44 2.31 2.22 2.12 2.03 2.03 1.99 2.00 2.01 2.03 2.08 2.04 2.26 2.36 2.49 2.85 3.20 3.37 3.52 3.70 3.86 3.94 4.07 4.18 4.28 4.38 4.46 4.52 4.58 4.56 4.55 4.55 4.56 4.61 4.64 4.55 4.63 4.71 4.81 4.97 5.08 5.20 5.31 5.61 5.66 5.68 5.72 5.65 5.48 5.54 5.45 5.33 5.30 5.19 4.98 4.32 4.06 3.81 3.56 3.31 3.09 2.79 2.61 2.47 2.38 2.32 2.28 2.25 2.34 2.35 2.37 2.37 2.37 2.37 2.27 2.27 2.28 2.26 2.25 2.24
2.65 2.53 2.42 2.31 2.20 2.18 2.08 2.00 1.94 1.90 1.88 1.88 1.93 1.97 2.02 2.10 2.19 2.30 2.54 2.79 3.13 3.28 3.43 3.59 3.74 3.89 3.93 4.03 4.12 4.22 4.30 4.36 4.35 4.35 4.35 4.36 4.43 4.45 4.49 4.40 4.47 4.56 4.66 4.77 4.94 5.06 5.17 5.46 5.51 5.53 5.53 5.52 5.46 5.40 5.31 5.19 5.24 5.06 4.85 4.63 4.29 3.74 3.49 3.25 3.03 2.79 2.63 2.49 2.35 2.28 2.23 2.19 2.16 2.28 2.29 2.28 2.27 2.16 2.16 2.16 2.16 2.17 2.09 2.08
2.46 2.34 2.23 2.13 2.04 1.98 1.91 1.85 1.82 1.80 1.80 1.82 1.87 1.91 1.97 2.05 2.15 2.39 2.52 2.83 2.99 3.28 3.32 3.46 3.60 3.73 3.87 3.99 3.97 4.05 4.12 4.12 4.12 4.13 4.15 4.17 4.26 4.29 4.33 4.24 4.31 4.40 4.50 4.61 4.73 4.90 5.02 5.30 5.35 5.37 5.37 5.42 5.29 5.22 5.14 5.02 5.09 4.90 4.70 4.48 4.25 3.65 3.41 3.18 2.96 2.77 2.59 2.45 2.32 2.25 2.19 2.14 2.11 2.26 2.26 2.19 2.18 2.08 2.07 2.07 2.06 2.07 2.00 2.00
2.30 2.19 2.09 1.99 1.94 1.87 1.80 1.76 1.73 1.72 1.73 1.76 1.81 1.87 1.94 2.02 2.23 2.34 2.46 2.77 2.88 3.16 3.19 3.31 3.44 3.56 3.68 3.79 3.88 3.97 3.87 3.88 3.90 3.92 3.95 3.99 4.08 4.12 4.18 4.24 4.16 4.24 4.34 4.45 4.56 4.68 4.95 5.13 5.17 5.19 5.32 5.19 5.10 5.03 4.94 4.83 4.73 4.70 4.52 4.31 4.09 3.81 3.31 3.09 2.89 2.71 2.54 2.40 2.30 2.22 2.15 2.10 2.07 2.19 2.18 2.11 2.10 2.02 2.00 1.99 1.98 1.98 1.93 1.92
2.19 2.08 1.98 1.93 1.85 1.79 1.74 1.70 1.68 1.68 1.69 1.72 1.77 1.89 1.96 2.10 2.19 2.29 2.58 2.68 2.78 2.88 3.06 3.17 3.26 3.38 3.48 3.59 3.67 3.60 3.62 3.65 3.68 3.72 3.76 3.87 3.91 3.96 4.02 4.08 4.00 4.09 4.18 4.28 4.39 4.50 4.76 4.86 4.97 5.12 5.11 4.98 4.88 4.81 4.72 4.61 4.51 4.48 4.31 4.11 3.83 3.63 3.44 3.00 2.80 2.65 2.48 2.35 2.36 2.28 2.21 2.15 2.10 1.95 1.92 2.01 2.00 1.96 1.95 1.94 1.93 1.91 1.87 1.86
2.11 2.01 1.96 1.88 1.81 1.75 1.70 1.67 1.66 1.66 1.68 1.71 1.81 1.86 1.92 2.07 2.15 2.25 2.52 2.60 2.68 2.77 2.92 3.01 3.11 3.24 3.34 3.46 3.46 3.35 3.39 3.42 3.47 3.68 3.73 3.79 3.75 3.80 3.86 3.95 4.03 4.11 4.20 4.12 4.22 4.33 4.61 4.73 4.76 4.90 4.88 4.75 4.65 4.58 4.49 4.20 4.27 4.24 4.07 3.97 3.62 3.44 3.27 3.09 2.91 2.58 2.46 2.40 2.30 2.22 2.15 2.09 2.04 1.89 1.86 1.95 1.94 1.90 1.88 1.88 1.87 1.86 1.86 1.81
2.07 2.03 1.94 1.86 1.79 1.74 1.70 1.68 1.66 1.67 1.69 1.72 1.81 1.85 1.91 1.97 2.13 2.39 2.45 2.52 2.58 2.65 2.77 2.85 2.94 3.03 3.13 3.23 3.25 3.12 3.30 3.37 3.43 3.49 3.56 3.63 3.70 3.64 3.73 3.80 3.88 3.96 4.04 4.13 4.21 4.29 4.32 4.53 4.58 4.57 4.64 4.51 4.38 4.33 4.17 4.09 3.95 3.93 3.77 3.71 3.45 3.29 3.08 2.92 2.77 2.50 2.40 2.33 2.24 2.15 2.08 2.02 1.90 1.86 1.80 1.89 1.83 1.82 1.83 1.82 1.81 1.80 1.80 1.80
2.13 2.04 1.95 1.88 1.82 1.77 1.73 1.71 1.70 1.71 1.73 1.77 1.82 1.88 1.94 2.16 2.22 2.28 2.40 2.45 2.50 2.55 2.55 2.59 2.65 2.78 2.84 2.88 2.76 2.95 3.10 3.17 3.25 3.32 3.40 3.47 3.54 3.29 3.58 3.66 3.73 3.81 3.89 3.97 4.05 4.09 4.10 4.35 4.36 4.33 4.22 4.26 4.19 4.02 4.12 3.80 3.66 3.51 3.49 3.33 3.19 3.05 2.89 2.74 2.68 2.56 2.47 2.35 2.27 2.19 1.94 1.89 1.84 1.80 1.73 1.72 1.79 1.78 1.76 1.75 1.84 1.82 1.81 1.80
