data/EU espacial/Ca_EU.grd
DSAA
94	94
0.0000	100.0000
0.0000	100.0000
5.5708	33.0000
[rows 34 to 67 of 94, columns 0 to 76 of 94]
11.37 11.23 10.88 10.52 10.15 9.80 9.50 9.53 9.35 9.24 9.15 9.17 9.23 9.33 9.43 9.54 9.52 9.60 9.62 9.58 9.47 9.32 8.88 8.74 8.64 8.66 8.62 9.13 9.15 9.68 9.71 10.05 10.24 10.25 10.24 10.12 10.05 10.08 10.15 10.30 10.38 10.69 10.80 10.90 11.30 11.22 11.20 11.23 11.25 11.23 11.11 10.99 10.82 10.87 10.62 10.40 10.29 10.31 10.44 10.65 10.88 12.21 12.52 13.20 13.51 13.51 13.18 13.72 13.91 14.04 14.22 14.17 14.38 14.35 15.05 15.04 14.35
11.98 11.77 11.35 10.87 10.41 10.28 9.95 9.68 9.49 9.36 9.30 9.30 9.30 9.39 9.50 9.64 9.67 9.82 9.91 9.89 9.75 9.57 9.38 8.91 8.77 8.66 8.60 8.56 9.21 9.52 9.89 10.26 10.26 10.24 9.98 10.07 10.04 10.05 10.11 10.25 10.36 10.70 10.84 10.95 11.32 11.40 11.24 11.25 11.16 11.08 10.95 10.75 10.48 10.43 10.05 9.71 9.57 9.68 9.95 11.18 11.56 11.68 12.00 12.72 13.38 13.37 13.36 13.59 13.74 13.96 14.18 14.59 14.77 15.01 15.20 15.19 15.17
12.80 12.44 11.78 11.40 10.86 10.41 10.05 9.77 9.56 9.43 9.36 9.34 9.38 9.42 9.55 9.59 9.79 10.03 10.23 10.25 10.03 9.77 9.54 9.03 8.87 8.74 8.66 8.60 9.41 9.41 9.94 9.93 10.28 10.25 9.97 10.02 9.94 9.91 10.00 10.20 10.37 10.55 10.90 11.03 11.41 11.48 11.42 11.31 11.17 11.05 10.86 10.59 10.55 10.09 9.53 8.98 8.74 9.04 9.50 10.89 11.35 11.79 12.14 12.59 13.59 13.86 13.22 13.39 13.62 13.86 13.87 14.16 14.80 15.12 15.87 15.93 15.86
13.86 13.10 12.24 11.52 10.93 10.46 10.08 9.79 9.57 9.43 9.35 9.34 9.37 9.46 9.55 9.60 9.84 10.15 10.52 10.60 10.21 9.89 9.63 9.44 8.92 8.79 8.70 8.83 9.46 9.66 9.65 10.06 10.04 10.04 9.98 10.01 9.89 9.74 9.94 10.22 10.43 10.63 11.01 11.00 11.11 11.61 11.63 11.45 11.35 11.12 10.89 10.54 10.45 9.91 9.23 8.39 7.83 9.12 9.87 10.74 11.25 11.67 12.02 12.34 12.61 13.73 13.00 13.24 13.22 13.48 13.76 14.08 14.75 15.62 15.98 16.00 15.79
13.80 13.35 12.67 12.05 10.87 10.41 10.03 9.74 9.52 9.37 9.29 9.27 9.31 9.40 9.40 9.59 9.79 10.07 10.36 10.41 10.16 9.88 9.65 9.44 8.94 8.82 9.48 9.43 9.45 9.60 9.59 10.09 10.07 9.83 10.03 10.08 9.99 9.94 10.08 10.34 10.55 10.64 10.81 11.17 11.23 11.30 11.28 11.56 11.49 11.24 10.98 11.64 11.49 10.87 10.12 9.30 8.78 9.28 9.91 10.74 11.21 11.59 11.92 12.19 12.44 11.97 12.24 12.48 13.05 13.31 13.60 14.87 15.15 15.45 15.71 15.74 15.59
13.03 12.78 12.32 11.82 11.36 10.95 10.60 9.61 9.40 9.25 9.17 9.16 9.20 9.29 9.29 9.47 9.68 9.85 10.03 10.07 9.95 9.75 9.57 9.42 9.48 9.39 9.50 9.45 9.47 9.45 9.61 9.85 9.88 9.88 9.87 9.94 10.17 10.21 10.32 10.53 10.60 10.81 11.00 10.88 11.00 11.51 11.53 11.80 11.67 12.56 12.23 11.85 11.38 11.17 10.57 10.04 9.84 10.02 10.41 10.89 11.26 11.57 11.84 12.07 11.59 11.79 12.68 12.47 12.68 12.95 14.10 14.68 14.93 15.16 15.33 15.36 15.28
12.40 12.22 11.90 11.51 11.11 10.73 10.41 10.13 9.92 9.77 9.70 8.99 9.04 9.00 9.14 9.30 9.48 9.65 9.73 9.77 9.70 9.60 9.47 9.36 9.45 9.38 9.49 9.45 9.47 9.46 9.47 9.88 9.89 9.93 9.95 10.23 10.34 10.42 10.54 10.74 10.81 11.03 11.24 11.14 11.29 11.82 11.85 12.12 13.08 12.85 12.54 12.14 12.10 11.62 11.15 10.77 10.58 10.61 10.80 11.05 11.36 11.58 11.77 11.26 11.42 11.73 12.58 12.81 13.23 13.50 13.50 14.35 14.68 14.86 14.98 15.01 15.32
11.88 11.74 11.48 11.16 10.81 10.47 10.15 9.88 9.66 9.51 9.45 9.45 9.35 9.49 8.95 9.11 9.27 9.41 9.52 9.54 9.49 9.43 9.36 9.98 9.92 9.52 9.47 9.44 9.47 9.46 9.68 9.89 9.92 10.57 10.60 10.54 10.41 10.40 10.78 10.98 11.74 12.00 11.44 11.46 12.45 12.22 12.27 13.21 13.46 13.21 12.89 12.90 12.49 12.10 11.71 11.36 11.17 11.13 11.18 11.29 11.48 11.59 11.17 11.25 11.36 11.50 12.31 13.37 13.63 13.26 13.26 14.12 14.33 14.49 14.59 15.08 15.03
11.47 11.33 11.11 10.82 10.51 10.18 9.85 9.56 9.33 9.17 9.12 9.16 9.12 9.27 9.43 9.60 9.75 9.76 9.28 9.33 9.35 9.46 9.42 9.37 9.51 9.47 9.89 9.86 9.93 10.04 10.11 10.15 10.20 10.48 10.48 11.14 11.24 10.55 11.76 11.98 11.62 11.90 11.83 12.43 12.69 12.85 13.94 14.24 13.43 13.14 12.78 12.42 12.91 12.52 12.17 11.88 11.71 11.55 11.52 11.52 11.26 11.09 11.29 11.29 11.33 12.11 12.77 13.03 13.34 13.65 14.40 14.66 14.85 14.77 14.85 14.94 15.51
12.44 10.99 10.78 10.52 10.21 9.88 9.53 9.20 8.92 8.75 8.71 8.80 8.83 9.03 9.23 9.42 9.54 9.67 9.92 9.98 10.02 9.38 9.72 10.25 10.21 9.86 9.83 9.83 9.81 10.02 10.07 10.14 10.71 10.97 11.07 11.18 11.32 11.41 11.85 11.98 12.26 12.57 12.69 13.05 13.17 14.20 14.34 14.64 14.59 14.31 13.91 13.48 13.45 12.36 12.04 11.77 11.82 11.68 11.58 11.64 11.57 11.30 11.19 11.09 11.57 11.60 11.89 12.19 13.45 13.37 13.97 14.25 14.67 14.81 14.87 15.37 15.30
12.22 12.04 11.81 10.26 9.95 9.60 9.21 8.81 8.45 8.23 8.21 8.29 8.51 8.80 8.98 9.22 9.40 9.68 9.79 10.36 10.41 10.42 10.89 10.85 10.19 9.71 9.78 9.74 9.74 10.36 10.47 10.59 10.71 10.50 11.13 11.27 11.31 11.49 11.56 12.15 12.45 12.80 13.14 13.44 13.91 14.82 15.07 15.34 15.02 14.80 14.30 13.82 13.77 13.39 12.35 12.07 12.13 11.96 11.81 11.83 12.37 11.33 11.11 11.39 11.16 11.11 11.73 12.15 12.63 12.86 13.80 13.82 14.53 14.66 14.72 15.21 15.69
12.04 11.85 11.62 11.32 10.96 9.36 8.93 8.44 7.95 7.60 7.55 7.85 8.23 8.54 8.84 9.08 9.90 10.07 10.19 10.28 10.33 10.35 10.34 10.78 10.35 10.27 10.11 10.02 10.13 10.23 10.39 10.55 10.42 10.53 10.71 10.77 10.93 11.59 11.72 11.99 12.65 13.03 13.21 13.77 15.27 15.86 16.29 16.25 15.66 14.95 14.64 14.11 14.02 13.63 12.77 12.32 12.38 12.19 11.89 12.73 12.50 12.22 11.61 11.17 10.71 10.83 11.15 11.78 12.22 12.75 13.44 13.74 13.95 14.55 15.17 15.66 16.04
11.90 11.72 11.48 11.18 10.81 10.36 9.80 8.19 7.53 6.85 6.94 7.53 7.99 8.95 9.31 9.60 9.82 9.99 10.11 10.20 10.26 10.29 10.29 10.36 10.30 10.21 10.03 9.88 9.89 10.10 10.33 10.27 10.43 10.58 10.75 10.82 10.99 11.19 11.79 12.07 12.41 13.14 13.36 14.91 15.55 16.34 17.17 17.14 16.11 15.26 14.55 14.29 13.97 13.58 12.94 12.68 12.57 12.25 12.79 12.92 12.68 12.13 11.71 11.13 10.46 9.98 10.66 11.62 12.39 12.96 13.38 13.66 13.83 14.59 15.09 16.07 15.92
13.01 11.57 11.34 11.06 10.70 10.26 9.85 9.01 8.23 7.43 6.95 7.91 8.47 8.92 9.28 9.55 9.77 9.93 10.05 10.14 10.20 10.23 9.85 10.32 10.27 10.19 10.61 10.37 9.77 9.96 10.17 10.29 10.45 10.60 10.69 10.85 11.02 11.22 11.82 12.10 12.44 12.58 13.39 14.94 15.58 16.37 17.20 17.17 16.14 15.30 14.60 14.17 14.05 13.66 13.36 12.38 12.54 12.47 12.99 12.95 12.75 12.95 12.11 11.55 10.81 10.33 10.99 11.93 12.65 13.18 13.55 13.78 14.06 14.10 14.11 15.78 15.63
12.93 12.77 12.53 12.23 11.86 11.41 10.82 10.20 9.54 9.38 9.11 9.08 9.57 9.01 9.31 9.56 9.75 9.89 10.01 10.09 10.15 9.78 9.81 10.52 10.94 10.84 10.71 10.59 9.99 10.09 10.25 10.34 10.49 10.55 10.72 10.87 11.03 11.22 11.81 12.09 12.41 12.52 14.31 14.80 15.35 15.92 16.37 16.54 16.08 15.07 14.47 14.10 13.66 13.26 12.97 12.75 12.91 13.23 13.14 13.20 13.08 13.38 12.67 12.30 12.13 11.89 12.17 13.11 13.22 13.61 14.01 14.15 14.20 14.21 14.14 14.95 15.56
12.91 12.73 12.51 12.25 11.94 11.56 11.09 11.02 10.57 10.28 10.29 9.58 9.90 10.21 10.48 9.60 9.75 9.87 9.97 10.04 10.25 10.30 10.50 10.51 10.98 10.92 10.86 10.81 10.58 10.68 10.82 10.82 10.43 10.58 10.74 10.87 11.03 11.21 11.77 12.03 12.33 12.40 13.81 14.55 14.98 15.36 15.60 15.82 15.54 14.81 14.35 13.93 13.54 13.18 12.93 13.36 13.69 13.63 13.10 13.58 13.58 13.55 13.40 13.56 13.39 13.72 13.87 14.16 14.46 14.34 14.44 14.45 14.43 14.32 14.19 14.92 14.77
12.85 12.69 12.51 12.30 12.06 12.14 11.84 11.50 11.20 10.94 10.92 11.04 11.24 10.45 10.62 10.77 10.79 10.87 9.93 10.14 10.20 10.97 11.01 10.51 11.02 11.48 11.46 11.45 10.76 10.85 11.22 11.35 10.93 11.04 11.64 11.60 11.42 11.59 11.78 12.32 12.73 12.63 13.59 14.37 14.68 14.84 14.97 15.08 14.88 14.58 14.03 13.67 13.33 13.64 13.43 13.28 13.64 13.57 13.66 13.50 14.01 14.17 13.83 15.07 15.09 15.13 15.22 15.32 15.24 15.07 14.98 14.85 14.66 14.45 14.24 14.87 14.73
12.78 12.65 12.52 12.80 12.62 12.40 12.09 11.87 11.67 11.54 11.50 11.54 11.63 11.73 10.78 10.76 10.80 10.83 11.00 11.04 11.11 10.90 11.36 11.48 11.55 11.58 11.60 11.90 11.48 11.27 11.35 11.75 11.84 12.11 12.19 12.10 11.98 12.12 12.29 12.42 12.50 12.77 13.74 14.01 14.25 14.42 14.47 14.57 14.42 14.18 13.89 14.25 13.68 13.42 13.22 13.04 13.54 13.86 14.08 14.06 14.41 14.52 15.48 15.78 16.03 16.56 16.47 16.41 16.27 16.04 15.48 15.27 14.90 14.56 14.26 14.78 14.64
13.28 13.17 13.48 13.41 13.32 13.21 12.93 12.26 12.13 12.04 11.98 11.97 11.98 11.98 11.39 10.87 10.83 11.39 11.38 11.24 11.12 11.65 11.79 12.38 12.76 12.84 13.03 12.97 12.01 12.35 11.78 11.84 11.84 12.47 12.49 12.52 12.57 11.98 12.22 12.42 12.66 12.91 13.88 13.97 14.16 14.28 14.20 14.45 14.33 13.94 13.69 14.08 13.27 13.02 12.82 12.78 13.02 13.55 13.93 14.42 15.66 16.15 16.40 16.97 17.43 18.37 17.93 17.72 17.36 16.66 16.14 15.70 15.15 14.77 14.36 14.09 13.97
13.12 13.42 13.43 13.45 13.45 13.43 13.23 13.16 13.11 13.04 12.97 12.92 12.86 12.78 12.67 11.50 11.35 11.27 11.16 11.33 11.65 11.78 11.99 12.86 13.02 13.38 13.05 13.12 12.43 12.49 12.54 12.27 12.30 12.47 12.44 12.40 12.39 12.53 12.69 12.24 12.49 12.74 14.15 13.74 13.89 13.98 13.87 13.82 14.00 13.63 13.77 13.79 12.98 12.70 12.47 12.69 12.66 13.63 14.20 14.57 16.01 16.77 18.13 18.97 18.96 20.00 19.93 19.26 18.28 17.59 16.84 16.21 15.69 14.77 14.21 13.88 13.78
13.66 13.68 13.83 14.00 14.12 14.19 14.21 14.20 13.49 13.43 13.36 13.28 13.17 13.05 12.97 12.70 12.37 11.26 11.02 11.47 11.72 11.99 12.32 12.84 13.06 13.46 13.59 13.25 12.56 12.61 13.10 12.37 12.54 12.49 12.41 12.38 12.26 12.23 12.39 12.69 12.35 12.60 13.97 14.18 13.68 13.75 13.61 13.55 13.73 13.75 13.52 13.53 13.20 12.38 12.73 12.16 12.59 13.22 14.04 14.99 16.50 17.31 18.48 20.14 21.25 21.85 21.42 20.66 19.97 19.03 17.68 16.66 15.63 14.70 13.93 13.56 13.55
13.23 13.44 13.79 14.08 14.29 14.43 14.50 14.53 14.52 14.44 13.73 13.65 13.50 13.31 13.49 13.12 12.64 12.45 11.05 10.95 11.38 11.88 12.30 12.62 12.86 13.54 13.69 13.80 12.67 13.18 13.21 13.84 13.76 12.55 12.52 12.31 12.05 11.85 12.08 12.51 12.90 12.53 13.86 14.05 14.17 13.57 13.55 13.51 13.71 13.53 13.30 13.74 13.36 12.47 12.31 11.81 11.80 12.85 13.89 15.04 16.71 17.55 18.97 20.58 22.67 24.18 23.41 22.07 20.83 19.74 18.36 17.11 15.85 14.61 13.52 13.16 13.83
12.98 13.46 13.92 14.27 14.52 14.70 14.81 14.83 14.84 14.81 14.73 14.49 14.93 14.67 14.32 13.33 13.25 12.51 11.59 10.70 11.39 11.95 12.38 12.71 12.96 12.93 13.07 13.18 13.71 14.18 13.97 13.94 13.85 12.77 12.61 12.37 12.05 11.64 12.00 12.51 12.91 13.21 14.22 14.40 14.51 13.83 14.23 13.72 13.53 13.73 13.88 13.58 13.22 12.34 12.16 11.51 11.39 12.71 13.89 15.26 16.52 17.77 19.27 21.01 23.58 25.42 24.09 22.46 21.14 20.06 19.00 17.52 16.19 14.84 13.44 13.51 13.99
13.77 13.93 14.27 14.58 14.83 15.02 15.11 15.19 15.22 15.37 15.62 15.49 15.29 15.02 14.66 14.22 13.63 13.01 12.41 12.29 11.81 12.22 12.58 12.86 12.88 13.05 13.18 13.91 13.80 14.55 14.56 14.52 14.14 13.99 12.80 12.60 12.37 12.23 12.39 12.73 13.06 13.32 13.71 14.39 14.45 14.44 14.10 13.58 13.44 13.58 13.76 13.50 13.20 13.09 12.36 12.04 12.34 13.13 14.21 15.39 16.59 17.78 19.19 21.40 22.56 23.58 23.44 22.23 21.15 20.14 19.11 17.97 16.80 15.69 14.72 14.57 14.71
14.44 14.53 14.74 15.28 15.51 15.71 15.85 15.75 16.12 16.10 16.02 15.88 15.68 15.42 15.08 14.68 14.22 13.69 13.32 13.21 13.37 12.63 12.77 12.98 13.14 13.58 13.69 13.79 14.32 14.64 14.67 14.37 14.32 14.21 13.09 12.94 12.81 12.76 12.87 13.09 13.33 13.72 13.85 14.45 14.45 14.59 14.48 14.15 13.88 13.46 14.27 13.47 14.28 13.28 13.28 13.14 13.34 14.00 14.67 16.00 17.31 18.41 19.01 20.23 21.43 22.09 22.29 21.76 20.86 20.07 19.22 18.31 17.38 16.54 15.86 15.76 15.73
15.03 15.09 15.24 15.74 15.94 15.93 16.07 16.49 16.54 16.53 16.45 16.32 16.12 15.86 15.55 15.20 14.81 14.39 14.13 14.01 14.04 14.04 13.56 13.22 13.62 13.70 13.78 14.29 14.37 14.71 15.10 15.13 14.54 14.47 14.31 13.33 13.24 13.23 13.32 13.49 13.67 14.01 14.08 15.12 14.68 14.53 14.36 14.00 13.84 14.29 14.17 14.04 14.39 14.25 13.67 13.71 13.93 14.49 15.16 16.13 17.27 18.18 18.53 19.47 20.39 20.91 21.29 21.09 21.10 20.56 19.93 19.24 18.54 17.84 17.32 17.01 16.93
15.55 15.61 15.90 16.06 16.23 16.37 16.83 16.94 17.00 17.00 16.93 16.79 16.59 16.34 16.05 15.72 15.40 15.11 14.82 14.69 14.64 14.52 14.56 13.95 13.79 13.81 14.73 14.76 14.40 15.07 15.19 15.29 15.32 14.74 14.65 14.52 14.41 13.64 13.74 14.05 14.24 14.37 14.40 15.27 15.09 14.48 14.21 13.81 13.65 14.11 14.06 14.02 14.49 14.47 14.00 14.12 14.36 14.86 15.40 16.21 17.18 17.27 18.03 18.88 19.51 19.97 20.48 20.52 20.84 20.56 20.17 19.69 19.18 18.65 18.26 18.00 17.93
16.21 16.27 16.38 17.72 17.87 18.02 18.19 17.42 17.50 17.52 17.45 17.30 17.09 16.84 17.19 16.25 15.97 15.72 15.44 15.29 15.04 14.97 15.16 15.10 14.87 14.78 14.71 14.70 15.32 15.46 15.27 15.47 16.01 16.00 15.01 14.85 14.72 14.57 14.23 14.45 14.69 15.38 15.37 14.82 14.43 14.91 14.53 14.53 14.42 15.06 14.97 15.06 14.55 14.46 14.40 14.78 14.82 15.17 15.97 16.09 16.69 17.12 17.35 18.31 18.36 18.84 19.82 20.09 20.68 20.67 20.50 20.20 19.81 19.91 19.60 19.41 19.37
17.96 18.01 18.09 18.20 18.33 18.47 18.65 18.78 18.87 18.89 18.03 17.86 18.21 17.95 17.69 17.43 17.40 17.16 16.95 16.74 16.59 15.65 15.51 15.20 15.02 14.83 15.71 15.55 15.55 15.34 15.69 16.25 16.31 16.34 16.17 15.15 14.92 14.75 14.50 14.83 15.67 15.94 15.92 15.56 15.14 14.74 14.43 14.11 14.00 14.72 14.77 14.98 15.18 14.58 14.58 14.80 15.43 15.73 16.08 16.08 16.56 16.47 16.92 17.74 18.14 18.58 19.31 19.81 20.64 20.91 20.95 20.76 20.91 20.56 20.29 20.15 20.16
18.43 18.48 18.56 18.65 18.77 18.91 19.07 19.26 19.40 19.46 19.38 18.97 18.71 18.44 18.39 18.15 17.92 17.71 17.50 17.31 17.08 16.57 15.87 16.43 16.10 15.95 15.52 15.19 15.14 15.12 15.71 16.47 16.87 16.85 16.51 15.93 15.50 14.74 14.98 15.66 16.20 17.11 17.15 16.59 15.63 14.39 13.85 13.44 13.47 14.49 14.71 14.89 15.19 15.08 14.72 14.95 15.59 15.86 15.57 16.13 16.45 16.75 16.56 17.23 17.51 17.92 18.78 19.57 20.37 21.32 21.57 21.84 21.48 21.09 20.84 20.74 20.82
18.88 18.94 19.01 19.10 19.21 19.34 19.50 19.70 19.94 20.09 19.81 19.51 19.38 19.11 18.86 18.63 18.43 18.23 18.03 17.82 17.12 17.01 17.09 16.74 16.55 16.01 15.37 14.73 14.51 15.13 15.91 16.79 17.46 17.49 16.96 16.24 15.51 14.87 15.09 16.10 17.10 17.98 18.18 17.22 15.78 14.25 12.71 12.54 13.49 14.13 14.91 15.41 15.21 15.15 15.42 15.71 15.71 15.38 15.62 15.90 16.38 16.59 16.30 16.82 16.91 17.19 18.22 19.37 20.99 22.03 22.76 22.44 21.93 21.49 21.20 21.15 21.58
18.55 19.40 19.46 19.53 19.62 19.74 19.89 20.10 20.34 20.69 20.50 20.11 19.79 19.53 19.30 19.10 18.92 18.74 18.55 18.35 17.63 18.21 17.53 17.13 16.87 16.24 15.47 14.51 13.65 14.99 16.07 17.13 18.13 18.22 17.33 16.41 15.67 14.22 15.11 16.36 17.46 18.72 19.55 17.74 15.93 14.08 11.97 11.41 13.14 13.99 14.86 15.41 15.85 15.22 15.51 15.58 15.21 15.69 15.67 15.92 16.36 16.36 16.48 16.60 16.52 16.34 17.80 19.23 21.05 22.50 23.62 22.79 22.14 21.67 21.37 21.56 21.86
19.31 19.38 19.44 19.51 19.58 19.69 19.84 20.04 20.11 20.35 20.40 20.99 20.80 19.90 19.72 19.56 19.42 19.27 19.10 18.91 20.60 19.53 19.13 18.65 18.02 17.33 16.00 15.24 14.92 15.83 16.79 17.68 18.36 18.42 17.83 17.35 16.49 15.80 15.98 16.98 17.58 18.52 18.74 17.64 16.07 14.43 12.72 12.17 13.11 14.16 14.76 15.50 15.59 15.69 15.97 16.66 17.06 16.33 16.53 16.74 17.13 17.25 17.38 17.33 17.14 17.25 18.31 19.52 20.85 22.01 22.94 22.60 22.11 21.72 21.68 21.63 22.15
19.83 19.90 19.94 19.96 19.99 20.04 20.12 20.02 20.17 20.26 20.20 20.22 21.10 20.99 20.91 20.83 20.75 20.76 20.62 20.69 21.17 20.10 19.71 19.23 18.63 18.02 17.39 16.84 16.63 16.79 17.35 17.92 18.30 18.31 18.28 17.74 17.20 16.81 16.72 17.30 17.96 17.97 17.95 17.26 16.16 14.96 13.77 13.28 13.92 14.60 15.04 15.68 15.70 16.00 16.58 16.71 17.10 17.31 16.59 16.82 17.24 17.39 17.60 17.65 17.64 17.92 18.76 19.58 20.44 21.60 21.93 21.96 21.70 21.68 21.59 21.58 21.86
