data/EU espacial/Ca_EU.grd
DSAA
94	94
0.0000	100.0000
0.0000	100.0000
5.5708	33.0000
[rows 0 to 33 of 94, columns 0 to 76 of 94]
33.00 22.30 19.94 18.04 16.49 15.23 14.22 13.60 12.96 12.46 12.09 11.83 11.66 11.57 11.71 11.78 11.93 12.10 12.46 12.51 12.07 11.68 11.42 11.23 11.09 11.93 11.90 10.59 10.59 10.70 10.75 10.81 10.73 10.83 11.08 11.21 11.37 11.40 11.58 11.54 11.52 11.52 11.49 11.64 11.70 11.78 11.55 11.65 11.86 11.95 12.45 12.51 12.56 12.63 12.52 12.89 12.92 12.41 12.02 11.65 11.37 11.16 11.01 11.35 11.31 11.30 11.46 11.50 11.56 11.36 11.45 11.48 11.59 11.70 11.82 12.37 12.53
22.30 21.22 19.39 17.67 16.21 14.99 13.99 13.18 12.54 12.22 11.84 11.58 11.41 11.32 11.45 11.50 11.63 11.76 11.97 11.98 11.72 11.40 11.18 11.01 10.90 10.83 11.71 10.48 10.50 10.53 10.68 10.75 10.69 10.80 11.05 11.18 11.32 11.25 11.54 11.53 11.53 11.56 11.55 11.71 11.79 11.89 11.71 11.82 12.05 12.56 12.63 12.67 12.69 12.69 12.75 12.73 12.58 12.19 12.02 11.42 11.12 10.90 10.75 11.08 11.04 10.89 11.23 11.29 11.38 11.21 11.33 11.38 11.51 11.63 12.27 12.28 12.41
19.94 19.39 18.21 16.88 15.63 14.53 13.60 12.82 12.19 11.70 11.50 11.24 11.08 10.99 11.10 11.13 11.21 11.32 11.35 11.34 11.20 10.87 10.83 10.72 10.65 10.61 9.27 10.33 10.37 10.43 10.59 10.67 10.77 10.87 10.99 11.11 11.24 11.10 11.46 11.50 11.53 11.58 11.60 11.78 11.89 11.76 11.88 12.03 12.14 12.78 12.85 12.86 12.83 12.96 12.82 12.49 12.21 11.84 11.40 11.08 10.78 10.56 10.41 10.73 10.56 10.59 10.66 11.05 10.91 11.04 11.18 11.26 11.41 11.55 12.17 12.29 12.42
18.03 17.67 16.88 15.89 14.87 13.92 13.07 12.34 11.74 11.26 10.91 10.67 10.67 10.59 10.68 10.68 10.72 10.76 10.72 10.70 10.48 10.38 10.28 10.36 10.33 9.13 9.13 9.97 10.23 10.19 10.28 10.58 10.69 10.80 10.92 11.04 11.15 11.24 11.40 11.46 11.53 11.60 11.74 11.86 11.75 11.92 12.07 12.27 12.79 12.92 13.14 13.12 13.02 13.03 12.75 12.27 11.88 11.42 10.99 10.61 10.35 10.12 9.98 10.15 10.17 10.23 10.35 10.49 10.67 10.84 11.02 11.13 11.29 12.02 12.15 12.29 12.43
16.48 16.20 15.63 14.87 14.04 13.22 12.45 11.76 11.18 10.73 10.40 10.18 10.05 10.12 10.20 10.18 10.17 10.16 10.09 10.06 9.88 9.83 9.81 9.94 8.88 8.91 8.95 9.02 10.06 10.06 10.18 10.29 10.29 10.73 10.84 10.96 11.07 11.17 11.34 11.42 11.51 11.62 11.78 11.69 11.87 12.08 12.32 12.68 13.10 13.29 13.39 13.48 13.51 13.17 12.72 12.22 11.55 11.00 10.52 10.10 9.76 9.59 9.67 9.65 9.70 9.81 9.97 10.17 10.40 10.62 10.84 11.05 11.18 11.96 12.12 12.28 12.51
15.22 14.98 14.53 13.92 13.22 12.49 11.78 11.11 10.54 10.09 9.78 9.61 9.52 9.49 9.47 9.65 9.60 9.54 9.49 9.26 9.25 9.26 9.29 8.35 8.58 8.66 8.77 8.88 9.29 9.92 10.06 10.20 10.33 10.65 10.77 10.89 11.00 11.48 11.29 11.39 11.50 11.63 11.60 11.76 11.98 12.24 12.54 13.15 13.48 13.76 13.92 14.09 13.90 13.40 12.75 12.04 11.22 10.54 9.97 9.50 9.13 9.13 9.04 9.05 9.15 9.31 9.54 9.80 10.08 10.38 10.65 10.90 10.97 11.89 12.08 12.33 12.51
14.20 13.98 13.59 13.07 12.45 11.78 11.09 10.41 9.81 9.35 9.07 8.97 8.96 8.97 8.97 8.93 9.02 8.90 8.80 8.57 8.59 8.65 7.87 7.97 8.09 8.41 8.58 8.75 9.01 9.78 9.95 10.10 10.33 10.47 10.70 10.82 10.94 11.44 11.25 11.37 11.49 11.38 11.63 11.82 12.08 12.39 13.05 13.45 13.91 14.34 14.62 14.79 14.39 13.75 12.82 11.86 10.82 10.03 9.36 8.81 8.54 8.31 8.31 8.38 8.53 8.75 9.05 9.40 9.77 10.13 10.45 10.74 10.85 11.81 12.10 12.30 12.50
13.79 13.17 12.81 12.35 11.78 11.13 10.42 9.69 9.01 8.49 8.26 8.27 8.38 8.48 8.51 8.45 8.30 8.24 8.06 7.89 7.91 7.30 7.43 7.58 7.77 8.15 8.40 8.63 8.92 9.08 9.84 10.01 10.25 10.40 10.42 10.76 10.88 11.40 11.51 11.34 11.22 11.39 11.66 11.87 12.16 12.79 13.20 13.71 14.34 15.00 15.67 15.76 15.21 14.14 12.92 11.62 10.47 9.46 8.70 8.17 7.66 7.43 7.46 7.66 7.86 8.13 8.52 8.98 9.52 9.95 10.27 11.26 11.57 11.80 12.04 12.26 12.48
13.15 12.52 12.19 11.75 11.21 10.57 9.84 9.03 8.18 7.50 7.34 7.58 7.86 8.06 8.13 8.04 7.82 7.53 7.19 7.10 6.69 6.86 7.02 7.18 7.45 7.79 8.25 8.54 8.86 9.03 9.17 10.04 10.22 10.34 10.36 10.49 10.81 11.36 11.48 11.05 11.21 11.47 11.67 12.18 12.21 12.83 13.27 13.88 14.71 15.79 16.69 17.08 16.27 14.68 12.91 11.22 9.90 8.92 8.13 7.39 6.69 6.46 6.68 6.99 7.20 7.46 7.97 8.65 9.24 9.74 10.60 11.13 11.47 11.72 11.98 12.22 12.44
12.64 12.41 11.70 11.29 10.77 10.15 9.42 8.55 7.54 6.42 6.49 7.07 7.50 7.76 7.88 7.75 7.48 7.08 6.49 5.89 6.29 6.55 6.72 6.81 7.18 7.64 8.03 8.50 8.84 9.00 9.13 9.97 10.16 10.31 10.45 10.45 10.58 10.90 11.45 11.03 11.20 11.76 11.95 12.18 12.46 12.83 13.24 13.91 14.89 16.16 17.50 18.82 17.26 15.06 12.94 10.88 9.17 8.51 7.76 6.87 5.74 5.57 6.16 6.54 6.73 6.77 7.58 8.38 9.05 9.60 10.47 11.03 11.38 11.64 11.91 12.16 12.40
12.26 12.03 11.72 10.95 10.47 9.89 9.19 8.38 7.44 6.56 6.52 6.97 7.35 7.60 7.69 7.58 7.32 6.36 5.95 5.87 6.16 6.47 6.66 6.81 7.16 7.59 7.99 8.44 8.68 8.97 9.10 9.93 10.12 10.27 10.41 10.41 10.55 10.80 11.13 11.28 11.57 11.75 11.93 12.17 12.46 12.83 13.26 14.00 14.95 16.03 17.22 18.05 16.92 14.94 12.88 10.96 9.52 8.69 7.84 6.98 6.02 5.81 6.22 6.56 6.73 6.96 7.60 8.35 8.99 9.53 10.62 11.04 10.96 11.57 11.84 12.09 12.33
11.97 11.75 11.45 10.72 10.29 9.76 9.15 8.47 7.77 7.22 7.06 7.20 7.41 7.56 7.60 7.51 6.71 6.46 6.24 6.12 6.35 6.55 6.75 7.00 7.29 7.64 7.99 8.29 8.61 8.93 9.24 9.91 10.09 10.24 10.38 10.52 10.51 10.77 10.91 11.25 11.53 11.72 11.91 12.15 12.70 13.01 13.35 13.92 14.67 15.48 16.19 16.43 15.76 14.37 12.83 11.32 10.18 9.22 8.40 7.61 6.94 6.67 6.75 6.94 7.13 7.48 7.94 8.51 9.05 10.12 10.59 10.99 10.90 11.49 11.76 12.01 12.25
11.76 11.55 11.28 10.94 10.21 9.75 9.24 8.69 8.17 7.76 7.56 7.53 7.57 7.62 6.92 6.87 6.76 6.61 6.43 6.41 6.60 6.75 6.93 7.14 7.44 7.73 8.02 8.29 8.59 9.07 9.24 9.38 10.08 10.22 10.36 10.49 10.12 10.73 10.87 11.23 11.74 11.69 11.88 12.12 12.66 12.95 13.32 13.74 14.26 14.78 15.16 15.20 14.68 13.81 12.73 11.76 10.73 9.83 9.05 8.36 7.82 7.48 7.40 7.47 7.62 7.95 8.31 8.74 9.18 10.18 10.59 10.95 10.84 11.11 11.67 11.91 12.16
11.46 11.28 11.04 10.74 10.02 9.64 9.38 8.94 8.53 8.19 7.95 7.82 7.76 6.94 6.93 6.89 6.82 6.76 6.64 6.65 6.84 6.96 7.12 7.31 7.53 7.83 8.09 8.32 8.61 9.09 9.26 9.40 10.07 10.20 10.33 10.45 10.11 10.69 11.03 11.19 11.69 11.64 11.84 12.36 12.60 12.87 13.17 13.47 13.81 14.11 14.22 14.19 13.90 13.35 12.64 12.01 11.21 10.43 9.71 9.07 8.55 8.21 8.01 7.98 8.07 8.35 8.63 8.97 9.86 10.25 10.60 10.92 10.79 11.03 11.56 11.80 11.73
11.39 11.22 11.00 10.73 10.42 9.78 9.43 9.08 8.83 8.52 8.27 8.06 7.07 7.00 6.95 6.91 6.89 6.88 6.81 6.85 6.92 7.14 7.28 7.45 7.65 7.88 8.17 8.39 8.95 9.14 9.29 9.42 9.53 9.86 9.97 10.53 10.65 10.65 11.12 11.28 11.35 11.55 11.55 12.31 12.53 12.77 13.00 13.19 13.38 13.43 13.51 13.47 13.31 13.02 12.61 12.27 11.67 11.01 10.32 9.69 9.15 8.76 8.53 8.41 8.44 8.56 8.99 9.27 9.98 10.31 10.62 10.88 11.12 10.62 11.21 11.39 11.63
11.36 11.21 11.00 10.76 10.48 10.18 9.59 9.29 9.00 8.71 8.43 7.37 7.19 7.05 6.95 6.92 6.93 6.89 6.95 7.02 7.09 7.29 7.40 7.55 7.74 7.97 8.20 8.67 8.97 9.21 9.34 9.46 9.36 9.97 10.07 10.36 10.47 11.02 10.96 11.12 11.58 11.78 11.99 12.25 12.47 12.68 12.85 12.96 12.91 12.92 12.90 12.87 12.84 12.79 12.84 12.59 12.17 11.59 10.90 10.21 9.62 9.17 8.89 8.76 8.80 8.88 9.17 9.42 10.08 10.37 10.63 10.85 10.72 10.60 10.78 11.24 11.49
11.38 11.23 11.03 10.80 10.54 10.28 10.00 9.48 9.22 8.94 8.63 7.57 7.29 7.05 6.90 6.88 6.95 6.98 7.08 7.17 7.23 7.40 7.48 7.61 7.80 8.04 8.30 8.54 9.08 9.29 9.41 9.33 9.40 9.37 10.05 10.32 10.41 10.91 10.87 11.04 11.50 11.71 11.93 12.02 12.43 12.63 12.76 12.78 12.61 12.48 12.34 12.30 12.41 12.63 12.99 13.04 12.79 12.22 11.45 10.64 9.93 9.42 9.12 8.96 8.91 9.01 9.27 9.52 10.16 10.43 10.65 10.91 10.39 10.49 10.63 10.83 11.34
11.44 11.28 11.07 10.84 10.60 10.36 10.11 9.64 9.42 9.16 8.14 7.75 7.34 6.97 6.76 6.68 6.84 7.02 7.22 7.33 7.37 7.30 7.34 7.43 7.81 8.09 8.40 8.69 9.12 9.31 9.38 9.37 9.34 9.39 10.04 10.28 10.34 10.77 10.76 10.95 11.41 11.65 11.87 11.98 12.23 12.46 12.64 12.66 12.40 12.09 11.79 11.68 12.01 12.56 13.15 13.66 13.60 12.93 11.86 10.85 9.99 9.52 9.23 9.08 9.00 9.05 9.30 9.92 10.24 10.60 10.79 10.91 10.36 10.38 10.44 10.64 11.19
11.53 11.34 11.11 10.87 10.64 10.41 10.07 9.87 9.67 9.39 8.45 7.92 7.28 6.77 6.42 6.58 6.85 7.11 7.38 7.50 7.42 7.39 7.38 7.41 7.62 7.94 8.29 8.86 9.31 9.37 9.35 9.41 9.35 9.40 10.02 10.24 10.35 10.59 10.75 10.87 11.34 11.57 11.81 11.93 12.08 12.47 12.75 12.72 12.27 11.84 11.32 10.95 11.52 12.46 13.41 14.33 14.68 13.54 12.29 11.08 9.98 9.40 9.25 9.13 9.08 9.02 9.34 10.02 10.37 10.72 10.90 10.97 10.38 10.32 10.23 10.45 11.11
11.47 11.26 11.02 10.78 10.56 10.34 10.10 9.91 9.73 9.05 8.51 7.90 7.36 6.83 6.44 6.65 6.94 7.21 7.46 7.58 7.50 7.46 7.43 7.44 7.65 7.97 8.32 8.91 9.29 9.30 9.35 9.35 9.23 9.27 9.55 10.21 10.31 10.46 10.69 11.01 11.17 11.56 11.63 11.89 12.00 12.30 12.61 12.68 12.20 11.70 11.16 10.71 11.40 12.44 13.48 14.52 14.90 13.79 12.52 11.32 10.18 9.61 9.51 9.40 9.14 9.16 9.89 10.40 10.76 10.59 10.73 10.78 10.52 10.43 10.30 10.53 11.00
11.30 11.16 10.96 10.74 10.53 10.32 10.11 9.04 8.97 8.85 8.35 7.96 7.55 7.17 6.90 6.94 7.12 7.32 7.47 7.56 7.57 7.51 7.51 7.56 7.88 8.15 8.44 8.73 9.10 9.16 9.18 9.32 9.20 9.25 9.58 10.21 10.26 10.56 10.69 11.02 11.14 11.35 11.55 11.78 12.00 12.08 12.25 12.11 11.99 11.66 11.36 11.35 11.77 12.52 13.32 13.89 14.01 13.40 12.55 11.58 10.74 10.11 9.85 9.71 9.60 9.76 10.44 10.81 11.09 10.87 10.99 11.03 10.78 10.75 10.76 10.94 11.79
11.17 11.05 10.87 10.68 10.47 10.26 10.05 8.93 8.82 8.67 8.46 7.95 7.68 7.44 7.31 7.31 7.39 7.43 7.53 7.58 7.59 7.72 7.74 7.80 7.94 8.15 8.38 8.60 8.99 9.04 9.18 9.26 9.16 9.20 9.55 10.22 10.29 10.63 10.90 11.05 11.12 11.30 11.47 11.66 11.84 11.85 11.84 11.82 11.91 11.76 11.66 11.73 12.05 12.54 13.03 13.40 13.42 13.04 12.40 11.68 11.05 10.60 10.33 10.19 10.11 10.33 10.76 10.92 10.84 10.95 11.31 11.35 11.11 11.13 11.20 11.36 12.20
10.81 10.95 10.79 10.60 10.39 10.18 8.92 8.78 8.65 8.52 8.36 7.93 7.78 7.66 7.59 7.58 7.61 7.57 7.61 7.62 7.62 7.76 7.78 7.84 7.96 8.12 8.31 8.60 8.88 9.01 9.10 9.17 9.26 9.45 9.52 10.23 10.30 10.68 10.95 11.07 11.10 11.25 11.38 11.54 11.54 11.67 11.76 11.65 11.88 11.87 11.91 12.04 12.30 12.64 12.92 13.11 13.08 12.80 12.32 11.80 11.33 10.98 10.76 10.65 10.85 10.87 11.30 11.41 11.26 11.32 11.37 11.40 11.52 11.50 11.60 12.35 12.60
10.72 10.60 10.45 10.27 10.31 8.94 8.78 8.62 8.54 8.42 8.32 8.24 7.87 7.85 7.84 7.83 7.82 7.73 7.71 7.68 7.65 7.77 7.78 7.83 7.93 8.07 8.24 8.40 8.80 8.93 9.03 9.11 9.18 9.43 9.49 10.23 10.11 10.19 11.07 11.17 11.08 11.26 11.35 11.26 11.38 11.50 11.61 11.90 11.98 11.97 12.11 12.29 12.52 12.76 12.96 13.01 12.93 12.68 12.29 11.89 11.53 11.27 11.13 11.08 10.96 10.98 11.53 11.91 11.69 11.71 11.73 11.74 11.87 11.53 11.83 12.76 12.99
10.65 10.53 10.38 10.19 8.74 8.57 8.70 8.51 8.35 8.23 8.19 8.21 8.26 8.02 8.07 8.07 8.04 7.98 7.82 7.74 7.81 7.76 7.74 7.77 7.85 8.00 8.17 8.33 8.47 8.88 8.98 9.06 9.47 9.58 9.72 9.79 9.94 10.46 11.09 11.17 11.02 11.10 11.12 11.14 11.24 11.35 11.47 11.81 11.97 12.17 12.29 12.52 12.74 12.94 13.07 13.05 12.94 12.68 12.30 11.93 11.63 11.45 11.30 11.35 11.44 11.87 11.92 11.91 12.14 12.11 12.08 12.07 11.96 12.01 12.80 12.88 13.05
10.62 10.49 10.33 8.80 8.63 8.44 8.24 8.04 8.11 8.00 8.01 8.14 8.33 8.49 8.33 8.34 8.26 8.15 7.94 7.81 7.82 7.72 7.66 7.66 7.75 7.91 8.10 8.29 8.44 8.84 8.95 9.03 9.44 9.55 9.70 9.77 9.92 10.45 10.53 11.16 10.98 11.01 11.03 11.09 11.10 11.19 11.32 11.70 11.95 12.24 12.56 12.76 12.99 13.16 13.25 13.22 13.07 12.73 12.33 11.93 11.64 11.43 11.51 11.71 11.94 12.44 12.49 12.42 12.15 12.49 12.42 12.39 12.25 12.30 13.11 12.80 13.02
10.62 10.49 8.89 8.74 8.56 8.35 8.10 7.84 7.61 7.69 7.77 8.05 8.40 8.72 8.90 8.65 8.51 8.31 8.05 7.87 7.82 7.67 7.54 7.50 7.59 7.80 8.05 8.28 8.46 8.83 8.93 9.32 9.41 9.52 9.60 9.74 10.14 10.44 10.50 10.31 10.89 10.94 10.94 10.98 10.97 11.03 11.32 11.53 11.89 12.30 12.74 13.11 13.34 13.40 13.49 13.51 13.31 12.88 12.35 11.84 11.41 11.37 11.62 12.04 12.48 13.08 13.11 12.79 12.56 12.35 12.52 12.45 12.44 12.45 12.98 13.05 13.28
10.66 9.01 8.89 8.74 8.54 8.30 8.02 7.70 7.35 7.09 7.29 7.96 8.49 8.99 9.30 9.20 8.95 8.47 8.21 8.03 7.84 7.64 7.43 7.28 7.41 7.71 8.03 8.38 8.59 8.92 9.02 9.10 9.40 9.58 9.66 9.86 10.12 10.42 10.21 10.91 10.90 10.94 11.53 10.89 11.45 11.37 11.48 11.67 11.78 12.32 12.90 13.41 13.59 13.65 13.68 13.82 13.67 13.05 12.33 11.60 11.12 11.14 11.63 12.29 13.02 13.74 13.63 13.24 12.89 12.62 12.76 12.67 12.65 12.66 13.12 13.28 13.50
9.28 9.08 8.95 8.79 8.58 8.33 8.03 7.68 7.27 6.79 7.22 7.89 8.52 9.14 9.71 9.39 9.07 8.86 8.53 8.10 7.90 7.68 7.41 7.10 7.39 7.77 8.11 8.41 8.67 8.70 9.02 9.37 9.46 9.57 9.64 9.84 9.90 10.61 10.84 10.88 10.87 10.90 10.88 10.89 11.39 11.28 11.27 11.46 12.07 12.66 13.25 13.89 13.86 13.86 13.62 13.87 14.03 13.21 12.10 11.40 10.77 10.84 11.52 12.30 13.44 14.47 13.99 13.46 13.07 12.79 12.36 12.24 12.65 13.51 13.30 13.45 13.68
9.41 9.32 9.08 8.90 8.69 8.44 8.15 7.82 7.50 7.41 7.58 8.06 8.59 9.08 9.40 9.35 9.13 8.88 8.56 8.12 8.04 7.83 7.61 7.46 7.63 7.89 8.16 8.41 8.59 8.89 8.97 9.37 9.45 9.56 9.62 10.45 10.52 10.32 10.61 10.66 10.84 10.87 10.86 10.87 10.88 11.18 11.49 11.67 12.11 12.59 13.08 13.48 13.55 13.59 13.65 13.62 13.32 12.51 11.88 11.32 10.96 11.01 11.51 12.18 13.18 13.72 13.69 13.38 13.08 12.85 12.45 12.36 13.08 13.66 13.45 13.60 13.81
9.60 9.74 9.59 9.08 8.86 8.61 8.34 8.07 8.02 7.90 8.00 8.30 8.66 9.00 9.23 9.35 9.24 8.98 8.71 8.52 8.14 8.00 7.84 7.80 7.94 8.08 8.36 8.42 8.56 8.89 8.97 9.38 9.45 10.23 10.23 10.44 10.50 10.29 10.34 10.63 10.62 10.67 10.85 10.88 10.90 11.28 11.72 11.87 11.78 12.51 12.84 13.09 13.11 13.14 12.73 12.88 12.71 12.40 12.01 11.55 11.04 11.10 11.44 12.49 13.02 13.12 13.22 13.12 12.96 12.59 12.48 13.26 13.19 13.34 13.57 13.72 13.91
10.09 9.99 9.84 9.63 9.39 9.13 8.58 8.56 8.37 8.29 8.34 8.52 8.75 9.13 9.28 9.33 9.29 9.21 8.88 8.73 8.72 8.24 8.11 8.03 8.02 8.30 8.49 8.61 8.56 8.91 9.18 9.96 10.05 10.16 10.22 10.41 10.21 10.26 10.31 10.60 10.60 10.65 10.91 10.72 11.10 11.38 11.46 11.55 11.75 12.34 12.43 12.57 12.64 12.64 12.41 12.33 12.11 11.95 11.73 11.40 11.36 11.48 11.81 12.29 12.67 12.66 12.80 12.82 12.74 12.70 12.68 13.32 13.38 13.45 13.56 13.83 13.99
10.42 10.32 10.15 9.91 9.65 9.38 9.11 8.89 8.67 8.59 8.59 8.69 9.03 9.18 9.30 9.37 9.40 9.36 9.28 9.11 8.98 8.85 8.74 8.27 8.23 8.38 8.42 8.69 8.88 9.15 9.21 10.01 10.07 10.16 10.21 10.38 10.17 10.21 10.27 10.33 10.57 10.64 10.67 10.73 11.15 11.21 11.52 11.57 11.40 11.54 11.65 12.23 12.22 11.93 11.84 11.72 11.52 11.46 11.37 11.34 11.21 11.36 12.37 12.70 13.03 12.64 12.41 12.50 12.56 12.60 13.26 13.96 14.07 14.36 13.90 13.98 14.03
10.84 10.73 10.52 10.24 9.93 9.63 9.36 9.13 8.94 8.80 8.79 8.84 9.14 9.25 9.35 9.47 9.52 9.53 9.38 9.30 9.25 9.13 9.01 8.55 8.56 8.53 8.52 8.54 9.07 9.58 9.66 10.01 10.10 10.16 10.03 10.09 10.11 10.15 10.21 10.29 10.73 10.83 10.78 10.76 11.25 11.17 11.39 11.25 11.32 11.37 11.38 11.30 11.57 11.43 11.27 11.04 10.93 10.94 10.96 11.04 11.15 12.35 12.24 12.54 12.84 13.92 13.36 13.54 13.10 13.23 14.25 14.15 14.30 14.46 14.54 14.16 14.24
