data/EU espacial/Ds_EU.grd
DSAA
94	94
0.0000	100.0000
0.0000	100.0000
1.0024	1.5623
[rows 0 to 37 of 94, columns 0 to 83 of 94]
1.16 1.20 1.20 1.21 1.22 1.22 1.23 1.27 1.27 1.28 1.28 1.28 1.28 1.28 1.26 1.27 1.27 1.27 1.28 1.28 1.29 1.29 1.30 1.30 1.29 1.28 1.28 1.29 1.29 1.28 1.29 1.30 1.31 1.33 1.34 1.36 1.37 1.37 1.37 1.36 1.35 1.34 1.32 1.31 1.30 1.28 1.25 1.24 1.21 1.19 1.17 1.16 1.14 1.13 1.11 1.11 1.10 1.10 1.11 1.13 1.14 1.15 1.16 1.18 1.19 1.21 1.20 1.20 1.21 1.22 1.22 1.23 1.23 1.23 1.23 1.23 1.23 1.23 1.23 1.23 1.23 1.23 1.23 1.23
1.20 1.20 1.20 1.21 1.22 1.23 1.23 1.24 1.24 1.27 1.27 1.27 1.27 1.26 1.25 1.26 1.26 1.26 1.27 1.28 1.29 1.30 1.30 1.30 1.30 1.29 1.28 1.29 1.29 1.29 1.29 1.30 1.31 1.32 1.34 1.35 1.36 1.37 1.37 1.36 1.35 1.34 1.32 1.32 1.30 1.29 1.26 1.24 1.22 1.19 1.18 1.16 1.14 1.13 1.11 1.10 1.10 1.10 1.11 1.12 1.13 1.14 1.16 1.17 1.19 1.19 1.19 1.20 1.21 1.22 1.22 1.23 1.23 1.23 1.23 1.23 1.23 1.23 1.24 1.23 1.23 1.23 1.23 1.23
1.20 1.20 1.21 1.21 1.22 1.23 1.24 1.24 1.24 1.24 1.26 1.26 1.25 1.25 1.24 1.25 1.25 1.26 1.27 1.28 1.29 1.29 1.30 1.30 1.30 1.30 1.30 1.29 1.28 1.29 1.29 1.30 1.31 1.32 1.33 1.35 1.36 1.36 1.36 1.36 1.35 1.34 1.33 1.32 1.31 1.29 1.26 1.25 1.22 1.20 1.18 1.16 1.15 1.13 1.11 1.10 1.10 1.10 1.10 1.11 1.12 1.13 1.15 1.17 1.17 1.18 1.19 1.20 1.21 1.22 1.22 1.23 1.23 1.23 1.23 1.23 1.23 1.24 1.24 1.24 1.24 1.24 1.24 1.24
1.21 1.21 1.22 1.22 1.23 1.23 1.24 1.24 1.24 1.23 1.23 1.22 1.24 1.23 1.22 1.23 1.24 1.25 1.26 1.28 1.29 1.30 1.30 1.31 1.31 1.30 1.30 1.28 1.28 1.28 1.29 1.29 1.30 1.31 1.32 1.33 1.34 1.35 1.35 1.35 1.34 1.33 1.33 1.32 1.30 1.29 1.27 1.25 1.22 1.21 1.19 1.17 1.15 1.13 1.12 1.11 1.10 1.10 1.10 1.10 1.11 1.12 1.14 1.15 1.16 1.17 1.19 1.20 1.21 1.21 1.22 1.23 1.23 1.23 1.23 1.23 1.24 1.24 1.24 1.25 1.25 1.25 1.26 1.26
1.22 1.22 1.23 1.23 1.24 1.24 1.24 1.24 1.23 1.23 1.22 1.21 1.20 1.21 1.21 1.21 1.23 1.24 1.26 1.27 1.29 1.30 1.30 1.31 1.31 1.31 1.30 1.29 1.28 1.28 1.28 1.29 1.30 1.30 1.31 1.32 1.33 1.34 1.34 1.34 1.33 1.33 1.33 1.32 1.31 1.30 1.28 1.25 1.23 1.21 1.20 1.18 1.16 1.14 1.12 1.11 1.10 1.10 1.09 1.09 1.10 1.12 1.12 1.14 1.15 1.17 1.18 1.19 1.20 1.21 1.22 1.22 1.23 1.23 1.23 1.24 1.23 1.24 1.25 1.25 1.26 1.26 1.27 1.27
1.23 1.23 1.24 1.24 1.24 1.25 1.25 1.24 1.23 1.22 1.21 1.20 1.19 1.18 1.18 1.20 1.21 1.23 1.25 1.27 1.29 1.30 1.31 1.31 1.32 1.31 1.30 1.29 1.28 1.27 1.27 1.28 1.28 1.28 1.29 1.30 1.31 1.32 1.32 1.32 1.32 1.32 1.32 1.32 1.31 1.30 1.29 1.26 1.24 1.22 1.20 1.18 1.16 1.15 1.13 1.11 1.10 1.10 1.09 1.09 1.09 1.10 1.11 1.13 1.14 1.16 1.17 1.18 1.20 1.21 1.21 1.22 1.23 1.23 1.23 1.23 1.24 1.24 1.25 1.26 1.27 1.28 1.28 1.28
1.24 1.24 1.25 1.25 1.25 1.25 1.25 1.24 1.23 1.22 1.20 1.18 1.17 1.16 1.17 1.18 1.20 1.22 1.25 1.27 1.29 1.31 1.32 1.32 1.31 1.31 1.30 1.29 1.28 1.27 1.26 1.27 1.27 1.28 1.28 1.29 1.30 1.31 1.31 1.31 1.31 1.31 1.32 1.32 1.31 1.31 1.29 1.27 1.25 1.23 1.21 1.19 1.17 1.15 1.13 1.12 1.11 1.10 1.09 1.08 1.08 1.09 1.10 1.12 1.13 1.15 1.16 1.18 1.19 1.20 1.21 1.22 1.23 1.23 1.23 1.23 1.24 1.25 1.26 1.27 1.28 1.29 1.30 1.30
1.27 1.26 1.26 1.26 1.26 1.26 1.25 1.24 1.23 1.21 1.19 1.17 1.16 1.15 1.15 1.16 1.18 1.21 1.24 1.27 1.29 1.31 1.32 1.32 1.32 1.32 1.30 1.29 1.28 1.27 1.26 1.26 1.26 1.27 1.27 1.28 1.28 1.29 1.30 1.30 1.30 1.30 1.31 1.32 1.31 1.31 1.30 1.28 1.26 1.24 1.22 1.20 1.18 1.16 1.14 1.12 1.11 1.10 1.09 1.08 1.08 1.08 1.09 1.11 1.12 1.14 1.16 1.17 1.19 1.20 1.21 1.21 1.21 1.22 1.23 1.23 1.24 1.25 1.26 1.28 1.29 1.30 1.31 1.32
1.28 1.27 1.27 1.27 1.27 1.27 1.26 1.24 1.23 1.21 1.18 1.16 1.15 1.14 1.14 1.15 1.17 1.20 1.24 1.27 1.30 1.31 1.32 1.33 1.32 1.31 1.30 1.29 1.28 1.27 1.26 1.25 1.26 1.26 1.26 1.27 1.28 1.28 1.29 1.28 1.29 1.30 1.31 1.31 1.31 1.31 1.30 1.28 1.27 1.25 1.23 1.21 1.19 1.16 1.15 1.13 1.11 1.09 1.08 1.08 1.08 1.08 1.09 1.10 1.12 1.13 1.15 1.17 1.18 1.19 1.20 1.20 1.21 1.22 1.22 1.23 1.24 1.25 1.27 1.28 1.29 1.31 1.32 1.33
1.29 1.29 1.28 1.28 1.28 1.27 1.26 1.25 1.23 1.21 1.18 1.16 1.14 1.14 1.14 1.15 1.17 1.20 1.23 1.27 1.29 1.31 1.33 1.33 1.33 1.32 1.30 1.29 1.28 1.27 1.26 1.25 1.25 1.26 1.26 1.26 1.28 1.28 1.27 1.27 1.28 1.29 1.31 1.31 1.31 1.31 1.30 1.29 1.27 1.26 1.24 1.22 1.19 1.17 1.15 1.13 1.11 1.10 1.09 1.08 1.08 1.08 1.08 1.09 1.11 1.13 1.14 1.16 1.17 1.19 1.20 1.20 1.21 1.22 1.22 1.23 1.24 1.26 1.27 1.28 1.31 1.32 1.33 1.33
1.31 1.31 1.31 1.29 1.28 1.28 1.26 1.25 1.23 1.21 1.18 1.16 1.15 1.14 1.14 1.15 1.17 1.20 1.24 1.26 1.29 1.31 1.33 1.33 1.33 1.32 1.30 1.29 1.28 1.27 1.26 1.25 1.25 1.25 1.26 1.25 1.27 1.26 1.26 1.27 1.27 1.28 1.30 1.30 1.31 1.30 1.30 1.29 1.28 1.26 1.24 1.22 1.20 1.18 1.15 1.13 1.12 1.10 1.09 1.08 1.08 1.08 1.09 1.09 1.10 1.12 1.14 1.15 1.17 1.18 1.19 1.20 1.22 1.21 1.22 1.23 1.24 1.25 1.27 1.30 1.31 1.32 1.33 1.34
1.32 1.32 1.32 1.30 1.29 1.28 1.27 1.25 1.23 1.21 1.19 1.17 1.16 1.15 1.15 1.16 1.18 1.21 1.24 1.26 1.29 1.31 1.32 1.33 1.33 1.32 1.31 1.29 1.28 1.27 1.26 1.26 1.25 1.25 1.25 1.26 1.26 1.25 1.26 1.26 1.26 1.27 1.29 1.29 1.29 1.30 1.29 1.29 1.28 1.26 1.25 1.23 1.20 1.18 1.16 1.14 1.12 1.11 1.10 1.09 1.09 1.09 1.09 1.10 1.10 1.12 1.13 1.15 1.16 1.17 1.18 1.19 1.21 1.21 1.22 1.23 1.24 1.25 1.28 1.29 1.30 1.32 1.34 1.34
1.34 1.33 1.33 1.32 1.30 1.29 1.27 1.25 1.23 1.21 1.20 1.18 1.17 1.16 1.17 1.18 1.19 1.22 1.24 1.26 1.29 1.31 1.32 1.33 1.33 1.32 1.31 1.30 1.29 1.28 1.27 1.26 1.26 1.26 1.26 1.26 1.26 1.25 1.25 1.26 1.26 1.26 1.27 1.28 1.28 1.29 1.29 1.28 1.27 1.26 1.25 1.23 1.21 1.19 1.17 1.15 1.13 1.12 1.11 1.10 1.10 1.10 1.10 1.10 1.11 1.12 1.13 1.14 1.15 1.16 1.17 1.18 1.20 1.22 1.22 1.23 1.24 1.26 1.28 1.29 1.30 1.32 1.33 1.33
1.37 1.36 1.35 1.34 1.31 1.30 1.28 1.26 1.24 1.22 1.21 1.19 1.18 1.18 1.19 1.19 1.21 1.23 1.24 1.26 1.28 1.30 1.31 1.32 1.32 1.32 1.32 1.31 1.30 1.29 1.28 1.27 1.26 1.26 1.26 1.26 1.25 1.24 1.24 1.25 1.24 1.24 1.26 1.26 1.27 1.27 1.28 1.27 1.27 1.26 1.25 1.23 1.21 1.19 1.17 1.15 1.14 1.13 1.12 1.11 1.11 1.11 1.11 1.11 1.11 1.12 1.12 1.13 1.14 1.15 1.16 1.18 1.20 1.21 1.21 1.22 1.25 1.26 1.27 1.28 1.31 1.31 1.32 1.33
1.38 1.37 1.36 1.35 1.33 1.31 1.29 1.27 1.24 1.23 1.22 1.21 1.21 1.21 1.21 1.21 1.22 1.24 1.25 1.26 1.28 1.29 1.31 1.32 1.32 1.32 1.32 1.31 1.31 1.30 1.29 1.28 1.27 1.27 1.27 1.25 1.24 1.23 1.23 1.23 1.24 1.25 1.25 1.24 1.25 1.26 1.27 1.27 1.27 1.26 1.25 1.24 1.22 1.20 1.18 1.16 1.15 1.14 1.13 1.13 1.13 1.12 1.12 1.12 1.11 1.11 1.11 1.12 1.13 1.14 1.15 1.17 1.18 1.20 1.22 1.24 1.25 1.26 1.27 1.28 1.30 1.30 1.31 1.32
1.39 1.39 1.38 1.36 1.34 1.32 1.29 1.27 1.25 1.24 1.23 1.23 1.23 1.23 1.23 1.23 1.24 1.24 1.25 1.26 1.28 1.29 1.30 1.31 1.32 1.32 1.32 1.32 1.31 1.31 1.30 1.29 1.27 1.26 1.25 1.25 1.25 1.23 1.23 1.23 1.22 1.23 1.23 1.23 1.24 1.25 1.26 1.26 1.26 1.26 1.26 1.24 1.22 1.20 1.19 1.17 1.15 1.15 1.14 1.14 1.14 1.14 1.13 1.13 1.12 1.11 1.11 1.12 1.12 1.13 1.15 1.16 1.19 1.21 1.23 1.23 1.24 1.25 1.26 1.28 1.29 1.30 1.30 1.31
1.41 1.40 1.38 1.37 1.34 1.32 1.30 1.27 1.26 1.25 1.24 1.24 1.24 1.25 1.25 1.25 1.25 1.25 1.26 1.26 1.27 1.28 1.29 1.30 1.32 1.32 1.33 1.33 1.33 1.32 1.31 1.29 1.28 1.27 1.26 1.25 1.24 1.23 1.22 1.22 1.21 1.21 1.22 1.22 1.22 1.23 1.25 1.25 1.26 1.26 1.26 1.25 1.23 1.21 1.19 1.17 1.16 1.16 1.15 1.16 1.16 1.15 1.15 1.14 1.13 1.11 1.11 1.11 1.12 1.13 1.14 1.17 1.19 1.21 1.22 1.23 1.24 1.25 1.25 1.27 1.28 1.29 1.29 1.30
1.42 1.41 1.39 1.37 1.35 1.32 1.30 1.28 1.27 1.26 1.26 1.26 1.26 1.26 1.27 1.27 1.26 1.26 1.26 1.26 1.27 1.27 1.29 1.30 1.31 1.32 1.33 1.33 1.33 1.33 1.32 1.30 1.29 1.28 1.26 1.25 1.24 1.23 1.22 1.21 1.20 1.20 1.20 1.21 1.21 1.23 1.24 1.25 1.25 1.26 1.26 1.25 1.24 1.22 1.20 1.18 1.17 1.17 1.17 1.17 1.17 1.17 1.16 1.15 1.13 1.12 1.12 1.11 1.12 1.13 1.15 1.17 1.19 1.20 1.22 1.23 1.23 1.24 1.25 1.26 1.27 1.28 1.28 1.29
1.42 1.41 1.39 1.37 1.35 1.33 1.30 1.29 1.28 1.27 1.27 1.27 1.27 1.28 1.28 1.28 1.27 1.27 1.26 1.26 1.26 1.27 1.28 1.29 1.31 1.32 1.33 1.33 1.33 1.33 1.32 1.30 1.29 1.28 1.26 1.25 1.24 1.22 1.22 1.21 1.20 1.20 1.20 1.20 1.20 1.22 1.23 1.24 1.25 1.26 1.26 1.25 1.24 1.22 1.20 1.19 1.18 1.18 1.18 1.18 1.18 1.18 1.17 1.16 1.14 1.13 1.12 1.12 1.12 1.13 1.15 1.16 1.18 1.20 1.21 1.23 1.23 1.24 1.24 1.26 1.26 1.27 1.27 1.29
1.42 1.41 1.39 1.37 1.35 1.32 1.31 1.29 1.28 1.28 1.27 1.28 1.29 1.29 1.29 1.28 1.28 1.27 1.26 1.25 1.25 1.26 1.27 1.28 1.30 1.32 1.33 1.33 1.33 1.32 1.32 1.31 1.30 1.28 1.26 1.25 1.24 1.22 1.22 1.20 1.19 1.19 1.19 1.20 1.20 1.21 1.22 1.24 1.25 1.26 1.26 1.26 1.24 1.23 1.21 1.19 1.19 1.18 1.19 1.19 1.20 1.20 1.19 1.18 1.16 1.15 1.14 1.13 1.14 1.14 1.15 1.17 1.19 1.20 1.21 1.23 1.23 1.24 1.25 1.25 1.25 1.26 1.28 1.28
1.41 1.40 1.39 1.37 1.34 1.32 1.30 1.30 1.29 1.29 1.29 1.29 1.30 1.30 1.30 1.29 1.28 1.26 1.25 1.24 1.24 1.25 1.26 1.28 1.29 1.31 1.32 1.32 1.33 1.32 1.31 1.31 1.29 1.28 1.26 1.24 1.23 1.22 1.21 1.20 1.19 1.19 1.19 1.19 1.20 1.21 1.22 1.24 1.25 1.26 1.26 1.26 1.24 1.23 1.21 1.20 1.19 1.19 1.20 1.21 1.21 1.21 1.21 1.20 1.18 1.17 1.15 1.15 1.15 1.16 1.16 1.18 1.19 1.21 1.22 1.23 1.23 1.24 1.24 1.24 1.25 1.25 1.27 1.27
1.40 1.39 1.38 1.36 1.34 1.32 1.31 1.30 1.30 1.30 1.30 1.30 1.31 1.31 1.30 1.29 1.27 1.25 1.24 1.23 1.23 1.24 1.25 1.27 1.29 1.30 1.31 1.32 1.32 1.32 1.31 1.30 1.29 1.27 1.26 1.24 1.23 1.22 1.21 1.20 1.19 1.19 1.19 1.19 1.20 1.21 1.23 1.24 1.25 1.26 1.26 1.25 1.24 1.23 1.22 1.20 1.20 1.20 1.21 1.22 1.22 1.23 1.22 1.22 1.20 1.19 1.18 1.18 1.18 1.18 1.18 1.19 1.20 1.21 1.22 1.23 1.24 1.24 1.24 1.24 1.24 1.25 1.26 1.26
1.40 1.38 1.37 1.35 1.34 1.32 1.32 1.31 1.31 1.31 1.31 1.31 1.32 1.31 1.30 1.29 1.27 1.24 1.23 1.22 1.22 1.22 1.24 1.26 1.28 1.29 1.30 1.31 1.31 1.31 1.30 1.29 1.28 1.26 1.25 1.24 1.23 1.22 1.22 1.21 1.20 1.19 1.19 1.20 1.21 1.22 1.23 1.23 1.24 1.25 1.25 1.25 1.24 1.23 1.22 1.21 1.20 1.21 1.21 1.23 1.24 1.24 1.24 1.24 1.23 1.22 1.21 1.20 1.20 1.21 1.21 1.22 1.22 1.22 1.23 1.23 1.24 1.24 1.25 1.25 1.25 1.24 1.25 1.25
1.39 1.38 1.37 1.36 1.33 1.33 1.32 1.31 1.31 1.32 1.32 1.33 1.33 1.32 1.31 1.28 1.26 1.23 1.21 1.20 1.21 1.21 1.23 1.25 1.27 1.28 1.30 1.30 1.30 1.29 1.28 1.27 1.26 1.26 1.25 1.24 1.23 1.22 1.22 1.21 1.20 1.20 1.20 1.21 1.21 1.22 1.22 1.23 1.24 1.25 1.25 1.25 1.24 1.23 1.22 1.21 1.21 1.21 1.22 1.24 1.25 1.26 1.26 1.26 1.26 1.25 1.24 1.23 1.23 1.23 1.23 1.24 1.23 1.25 1.24 1.24 1.24 1.25 1.25 1.24 1.24 1.24 1.23 1.23
1.37 1.37 1.36 1.35 1.34 1.33 1.32 1.32 1.32 1.33 1.33 1.34 1.34 1.32 1.31 1.28 1.25 1.23 1.20 1.19 1.19 1.20 1.22 1.24 1.26 1.28 1.29 1.29 1.29 1.28 1.27 1.26 1.26 1.25 1.24 1.24 1.24 1.22 1.21 1.20 1.22 1.22 1.22 1.21 1.21 1.22 1.22 1.23 1.24 1.25 1.24 1.24 1.24 1.23 1.22 1.22 1.22 1.22 1.23 1.25 1.26 1.27 1.29 1.29 1.28 1.28 1.27 1.26 1.26 1.26 1.26 1.26 1.26 1.26 1.27 1.26 1.26 1.25 1.25 1.24 1.23 1.23 1.23 1.23
1.36 1.36 1.35 1.35 1.34 1.33 1.33 1.33 1.33 1.34 1.34 1.35 1.34 1.33 1.30 1.28 1.24 1.21 1.19 1.18 1.18 1.19 1.21 1.23 1.26 1.27 1.28 1.28 1.28 1.27 1.26 1.25 1.25 1.25 1.24 1.24 1.24 1.22 1.22 1.21 1.23 1.23 1.23 1.22 1.22 1.22 1.22 1.23 1.23 1.24 1.24 1.24 1.24 1.23 1.22 1.22 1.22 1.23 1.24 1.26 1.28 1.29 1.30 1.31 1.31 1.31 1.30 1.29 1.30 1.29 1.28 1.28 1.28 1.28 1.28 1.29 1.28 1.27 1.26 1.24 1.23 1.22 1.21 1.21
1.36 1.35 1.35 1.34 1.34 1.33 1.33 1.34 1.34 1.34 1.35 1.35 1.35 1.33 1.30 1.27 1.23 1.20 1.18 1.17 1.17 1.18 1.20 1.23 1.25 1.26 1.27 1.27 1.27 1.26 1.25 1.25 1.24 1.24 1.25 1.24 1.23 1.23 1.22 1.24 1.25 1.24 1.24 1.23 1.22 1.22 1.22 1.23 1.23 1.24 1.24 1.24 1.24 1.23 1.23 1.23 1.23 1.24 1.25 1.27 1.29 1.31 1.32 1.33 1.33 1.33 1.32 1.33 1.32 1.32 1.32 1.31 1.31 1.30 1.30 1.30 1.29 1.28 1.26 1.25 1.24 1.23 1.22 1.22
1.35 1.35 1.35 1.34 1.34 1.34 1.34 1.34 1.35 1.36 1.36 1.36 1.35 1.33 1.30 1.27 1.23 1.19 1.17 1.15 1.16 1.17 1.20 1.22 1.24 1.26 1.26 1.27 1.26 1.26 1.25 1.25 1.24 1.25 1.25 1.24 1.24 1.23 1.25 1.26 1.27 1.26 1.25 1.24 1.23 1.23 1.23 1.23 1.23 1.24 1.24 1.25 1.25 1.24 1.24 1.24 1.24 1.25 1.27 1.29 1.30 1.32 1.33 1.34 1.35 1.35 1.35 1.35 1.34 1.34 1.33 1.33 1.32 1.32 1.34 1.33 1.31 1.30 1.28 1.27 1.25 1.22 1.21 1.21
1.38 1.35 1.35 1.35 1.34 1.34 1.34 1.35 1.35 1.36 1.36 1.36 1.35 1.33 1.30 1.26 1.22 1.19 1.17 1.15 1.15 1.17 1.20 1.22 1.24 1.25 1.26 1.26 1.26 1.25 1.25 1.24 1.25 1.25 1.26 1.25 1.25 1.27 1.28 1.27 1.28 1.27 1.27 1.26 1.24 1.24 1.24 1.24 1.24 1.25 1.25 1.26 1.26 1.26 1.25 1.26 1.27 1.27 1.29 1.30 1.32 1.34 1.35 1.36 1.37 1.37 1.37 1.36 1.36 1.35 1.36 1.36 1.35 1.36 1.35 1.34 1.33 1.31 1.29 1.27 1.25 1.24 1.23 1.22
1.38 1.38 1.36 1.35 1.35 1.35 1.35 1.35 1.36 1.36 1.36 1.36 1.35 1.32 1.29 1.26 1.22 1.19 1.16 1.15 1.15 1.17 1.19 1.22 1.24 1.25 1.26 1.26 1.26 1.25 1.24 1.25 1.25 1.26 1.27 1.27 1.28 1.30 1.29 1.29 1.30 1.28 1.28 1.27 1.26 1.25 1.24 1.25 1.25 1.26 1.26 1.27 1.27 1.27 1.28 1.28 1.29 1.29 1.31 1.32 1.33 1.35 1.36 1.37 1.37 1.38 1.38 1.37 1.37 1.36 1.38 1.37 1.37 1.37 1.37 1.36 1.34 1.32 1.31 1.28 1.26 1.25 1.23 1.23
1.39 1.38 1.37 1.36 1.36 1.35 1.35 1.35 1.36 1.36 1.36 1.35 1.34 1.32 1.29 1.25 1.21 1.19 1.16 1.16 1.15 1.17 1.19 1.21 1.23 1.25 1.25 1.26 1.26 1.25 1.25 1.25 1.26 1.27 1.29 1.28 1.29 1.31 1.31 1.30 1.31 1.30 1.29 1.28 1.27 1.26 1.26 1.26 1.26 1.27 1.28 1.29 1.29 1.30 1.30 1.31 1.32 1.32 1.33 1.34 1.35 1.36 1.37 1.38 1.38 1.38 1.38 1.38 1.38 1.39 1.39 1.40 1.38 1.39 1.38 1.37 1.36 1.34 1.32 1.31 1.29 1.26 1.25 1.25
1.39 1.39 1.39 1.38 1.37 1.37 1.36 1.36 1.36 1.36 1.36 1.35 1.33 1.31 1.28 1.24 1.21 1.19 1.16 1.16 1.16 1.17 1.19 1.22 1.24 1.24 1.25 1.25 1.26 1.25 1.26 1.27 1.28 1.29 1.31 1.30 1.33 1.33 1.33 1.32 1.33 1.32 1.31 1.30 1.29 1.28 1.28 1.27 1.28 1.28 1.30 1.31 1.32 1.33 1.34 1.35 1.35 1.36 1.37 1.36 1.37 1.38 1.38 1.38 1.39 1.39 1.39 1.38 1.40 1.40 1.40 1.41 1.41 1.41 1.40 1.39 1.38 1.36 1.36 1.34 1.31 1.29 1.27 1.27
1.41 1.41 1.40 1.39 1.38 1.38 1.37 1.37 1.36 1.36 1.36 1.35 1.33 1.30 1.27 1.24 1.21 1.19 1.17 1.15 1.16 1.17 1.20 1.22 1.24 1.25 1.26 1.25 1.26 1.26 1.27 1.29 1.30 1.31 1.32 1.32 1.35 1.35 1.35 1.34 1.35 1.34 1.33 1.32 1.30 1.30 1.29 1.29 1.30 1.31 1.32 1.34 1.35 1.37 1.37 1.38 1.38 1.39 1.39 1.40 1.39 1.39 1.40 1.40 1.40 1.39 1.40 1.40 1.41 1.41 1.42 1.42 1.42 1.43 1.43 1.42 1.42 1.40 1.38 1.36 1.33 1.31 1.30 1.29
1.43 1.42 1.42 1.41 1.40 1.39 1.38 1.37 1.38 1.36 1.36 1.34 1.33 1.31 1.28 1.24 1.21 1.18 1.17 1.16 1.16 1.18 1.20 1.22 1.23 1.25 1.26 1.27 1.29 1.28 1.29 1.30 1.31 1.33 1.35 1.36 1.36 1.37 1.37 1.36 1.36 1.35 1.35 1.33 1.32 1.32 1.32 1.31 1.32 1.33 1.35 1.37 1.39 1.40 1.41 1.42 1.43 1.42 1.42 1.42 1.42 1.42 1.41 1.40 1.40 1.41 1.42 1.42 1.42 1.43 1.44 1.44 1.45 1.45 1.45 1.45 1.44 1.42 1.40 1.38 1.37 1.34 1.32 1.32
1.44 1.44 1.45 1.44 1.42 1.41 1.40 1.40 1.39 1.38 1.36 1.35 1.33 1.30 1.27 1.24 1.21 1.18 1.17 1.16 1.17 1.18 1.20 1.22 1.24 1.25 1.27 1.29 1.30 1.29 1.30 1.31 1.34 1.35 1.37 1.38 1.38 1.39 1.39 1.39 1.39 1.38 1.37 1.35 1.34 1.33 1.34 1.34 1.34 1.35 1.38 1.40 1.41 1.44 1.45 1.46 1.46 1.46 1.46 1.45 1.44 1.43 1.43 1.42 1.42 1.41 1.42 1.42 1.42 1.44 1.44 1.45 1.46 1.47 1.47 1.47 1.45 1.44 1.42 1.40 1.39 1.36 1.35 1.34
1.47 1.47 1.46 1.45 1.44 1.43 1.42 1.41 1.40 1.38 1.37 1.35 1.32 1.30 1.27 1.24 1.21 1.19 1.17 1.17 1.17 1.19 1.21 1.22 1.24 1.26 1.28 1.29 1.31 1.31 1.32 1.33 1.35 1.37 1.39 1.39 1.40 1.41 1.41 1.40 1.40 1.39 1.38 1.37 1.36 1.36 1.36 1.36 1.38 1.39 1.40 1.42 1.44 1.46 1.48 1.49 1.49 1.49 1.48 1.47 1.47 1.46 1.45 1.43 1.42 1.41 1.42 1.42 1.43 1.44 1.45 1.47 1.48 1.49 1.49 1.48 1.47 1.46 1.44 1.42 1.41 1.39 1.37 1.36
1.48 1.48 1.47 1.46 1.45 1.44 1.43 1.41 1.40 1.39 1.37 1.35 1.33 1.30 1.27 1.24 1.21 1.19 1.18 1.17 1.18 1.19 1.21 1.23 1.25 1.27 1.29 1.30 1.32 1.33 1.33 1.35 1.36 1.38 1.40 1.41 1.42 1.42 1.42 1.42 1.42 1.41 1.39 1.38 1.37 1.38 1.38 1.38 1.39 1.41 1.42 1.44 1.47 1.49 1.50 1.51 1.51 1.51 1.50 1.49 1.48 1.47 1.46 1.44 1.42 1.41 1.42 1.43 1.44 1.45 1.47 1.48 1.49 1.49 1.49 1.49 1.48 1.47 1.46 1.45 1.43 1.41 1.40 1.39
1.48 1.49 1.48 1.47 1.46 1.45 1.43 1.42 1.41 1.39 1.38 1.36 1.33 1.31 1.27 1.24 1.22 1.20 1.18 1.18 1.19 1.20 1.22 1.24 1.26 1.29 1.31 1.31 1.33 1.34 1.35 1.37 1.38 1.40 1.41 1.41 1.42 1.43 1.43 1.42 1.42 1.41 1.40 1.40 1.39 1.39 1.39 1.40 1.41 1.43 1.45 1.45 1.48 1.50 1.51 1.52 1.53 1.53 1.52 1.51 1.50 1.48 1.47 1.45 1.44 1.42 1.43 1.44 1.45 1.46 1.47 1.48 1.49 1.50 1.50 1.50 1.49 1.48 1.47 1.46 1.44 1.43 1.42 1.41
