data/EU espacial/EstC_EU.grd
DSAA
94	94
0.0000	100.0000
0.0000	100.0000
13.8901	30.2690
[rows 34 to 67 of 94, columns 0 to 76 of 94]
21.06 20.87 20.78 20.40 20.00 19.63 19.29 18.90 18.69 18.57 18.64 18.67 18.75 18.86 18.99 19.10 19.38 19.47 19.56 19.67 19.80 19.96 20.10 20.30 20.53 20.51 20.74 20.81 21.02 21.55 21.74 21.96 22.26 22.46 22.67 22.85 22.98 23.01 22.89 22.71 22.44 22.18 21.89 21.62 21.42 21.11 20.81 20.78 20.97 21.02 21.00 21.07 21.14 21.19 21.21 21.19 21.13 21.02 20.88 20.51 20.35 20.44 20.34 20.39 20.35 20.43 20.24 20.32 20.43 20.76 20.93 20.98 21.20 21.40 21.65 21.66 21.52
21.80 21.56 21.15 20.69 20.23 19.70 19.33 19.04 18.82 18.68 18.62 18.62 18.77 18.85 18.96 19.07 19.35 19.44 19.54 19.65 19.77 19.92 20.08 20.21 20.40 20.48 20.69 20.89 20.75 21.23 21.60 21.92 22.16 22.44 22.75 23.03 23.29 23.40 23.32 23.00 22.65 22.32 21.99 21.70 21.37 21.18 20.81 20.75 20.94 20.96 20.91 20.98 21.05 21.13 21.19 21.22 21.17 21.05 20.87 20.76 20.61 20.34 20.22 20.14 20.25 20.35 20.17 20.25 20.57 20.74 20.96 21.19 21.45 21.71 21.90 21.90 21.80
22.40 22.05 21.48 20.80 20.27 19.80 19.41 19.10 18.87 18.71 18.62 18.61 18.64 18.81 18.91 19.21 19.30 19.39 19.49 19.59 19.72 19.85 20.00 20.09 20.25 20.30 20.48 20.67 20.58 20.80 21.39 21.65 22.03 22.37 22.76 23.17 23.61 23.89 23.73 23.26 22.80 22.35 22.03 21.72 21.37 21.22 20.82 20.78 20.87 20.87 20.81 20.87 20.95 21.06 21.17 21.26 21.24 21.07 20.83 20.69 20.50 20.35 20.23 20.00 20.12 20.12 20.03 20.33 20.48 20.68 20.93 21.22 21.53 21.89 22.26 22.28 22.08
22.97 22.33 21.56 20.88 20.30 19.81 19.40 19.07 18.82 18.65 18.56 18.53 18.56 18.63 18.82 19.14 19.23 19.33 19.42 19.52 19.64 19.77 19.89 20.02 20.00 20.14 20.30 20.48 20.32 21.06 21.30 21.78 22.09 22.24 22.68 23.17 23.78 24.38 24.02 23.36 22.82 22.34 21.99 21.58 21.32 21.16 21.02 20.84 20.79 20.61 20.64 20.74 20.83 20.94 21.09 21.25 21.31 21.13 20.90 20.56 20.35 20.18 20.05 19.81 19.76 19.93 20.05 20.16 20.34 20.55 20.82 21.15 21.50 22.03 22.48 22.44 22.08
22.67 22.22 21.57 20.95 20.20 19.70 19.29 18.95 18.69 18.52 18.42 18.39 18.42 18.49 18.83 18.94 19.15 19.25 19.35 19.45 19.56 19.67 19.77 19.79 19.83 19.94 20.02 20.17 20.29 20.64 20.89 21.53 21.85 22.22 22.45 22.93 23.48 23.89 23.69 23.15 22.66 22.13 21.73 21.46 21.00 20.79 20.60 20.43 20.36 20.46 20.49 20.71 20.89 20.97 21.06 21.14 21.14 20.95 20.73 20.37 20.15 19.97 19.99 19.90 19.85 19.54 19.72 19.84 20.12 20.35 20.64 21.08 21.44 21.82 22.16 22.15 21.86
22.02 21.72 21.23 20.69 20.18 19.71 19.30 18.73 18.47 18.29 18.19 18.18 18.22 18.32 18.68 18.81 18.95 19.16 19.27 19.38 19.48 19.49 19.56 19.63 19.45 19.53 19.78 19.78 20.00 20.21 20.59 20.94 21.56 21.91 22.29 22.65 22.89 23.11 23.05 22.72 22.28 21.88 21.52 21.00 20.74 20.57 20.42 20.25 20.21 20.35 20.48 20.53 20.60 20.78 20.84 20.86 20.81 20.67 20.47 20.12 20.05 19.87 19.71 19.60 19.22 19.22 19.46 19.77 19.83 20.08 20.54 20.82 21.14 21.45 21.65 21.66 21.50
21.45 21.20 20.80 20.34 19.87 19.41 19.00 18.65 18.38 18.20 18.11 17.89 17.96 18.35 18.50 18.66 18.82 18.97 19.19 19.30 19.31 19.37 19.42 19.46 19.25 19.29 19.38 19.48 19.68 19.87 20.11 20.59 20.91 21.54 21.88 22.25 22.47 22.61 22.42 22.22 21.88 21.56 21.25 20.75 20.51 20.35 20.20 20.03 20.14 20.14 20.17 20.32 20.53 20.58 20.59 20.58 20.52 20.38 20.20 20.12 19.77 19.56 19.38 18.93 18.84 18.93 19.16 19.32 19.80 20.06 20.14 20.46 20.80 21.04 21.19 21.21 21.05
20.96 20.72 20.37 19.95 19.50 19.05 18.62 18.25 17.96 17.78 17.70 17.74 17.90 18.28 18.29 18.49 18.69 18.86 19.00 19.03 19.21 19.26 19.28 19.25 19.25 19.21 19.23 19.15 19.35 19.50 19.95 20.21 20.53 21.25 21.55 21.86 22.03 22.07 21.87 21.73 21.69 21.45 20.73 20.46 20.53 20.07 19.93 20.02 19.89 19.90 19.94 20.26 20.31 20.35 20.37 20.33 20.25 20.25 20.07 19.86 19.47 19.23 18.73 18.60 18.47 18.45 18.69 19.02 19.29 19.69 19.80 20.12 20.40 20.62 20.75 20.76 20.67
20.54 20.30 19.97 19.56 19.12 18.65 18.19 17.78 17.45 17.25 17.20 17.29 17.72 17.98 18.26 18.52 18.76 18.84 18.83 18.95 19.02 19.32 19.32 19.29 18.99 18.93 18.90 18.91 19.02 19.24 19.59 19.88 20.21 20.79 21.15 21.52 21.69 21.58 21.62 21.53 21.30 21.08 20.56 20.32 20.09 19.89 19.98 19.80 19.61 19.65 19.71 19.78 20.09 20.14 20.15 20.12 20.18 20.03 19.84 19.59 19.30 18.61 18.28 18.02 17.84 17.96 18.27 18.50 18.83 19.20 19.80 20.13 20.41 20.60 20.72 20.55 20.67
20.23 19.94 19.60 19.20 18.74 18.24 17.72 17.24 16.84 16.60 16.58 16.76 17.30 17.67 18.04 18.38 18.57 18.80 19.12 19.25 19.31 19.14 19.14 18.94 18.83 18.65 18.54 18.58 18.51 18.86 19.14 19.47 19.89 20.57 20.87 21.11 21.28 21.28 21.31 21.02 20.88 20.68 20.30 20.05 19.75 19.78 19.61 19.45 19.45 19.54 19.66 19.77 20.11 19.95 20.12 20.09 19.86 19.71 19.50 19.30 18.98 18.23 17.85 17.49 17.42 17.32 17.42 17.74 18.46 18.91 19.54 19.92 20.16 20.44 20.56 20.50 20.42
19.94 19.67 19.33 18.88 18.40 17.85 17.26 16.66 16.13 15.82 15.85 16.32 16.85 17.43 17.87 18.23 18.57 18.93 19.13 19.27 19.33 19.32 19.16 19.03 18.75 18.34 18.26 18.00 17.99 18.39 18.73 19.13 19.52 19.89 20.53 20.77 20.94 21.03 20.94 20.68 20.56 20.37 19.96 19.73 19.46 19.36 19.16 19.02 19.10 19.24 19.41 19.56 19.93 20.01 19.97 19.95 19.71 19.56 19.34 19.12 18.76 17.93 17.45 17.13 16.70 16.52 16.76 17.22 17.80 18.54 19.27 19.58 20.04 20.27 20.39 20.34 20.32
19.71 19.43 19.19 18.76 18.24 17.54 16.86 16.12 15.43 14.93 15.10 15.78 16.52 17.12 17.70 18.19 18.69 18.99 19.21 19.33 19.38 19.35 19.23 18.97 18.63 18.31 17.96 17.61 17.54 17.82 18.29 18.78 19.15 19.60 20.12 20.37 20.54 20.75 20.76 20.70 20.40 20.22 19.79 19.46 19.32 18.88 18.60 18.55 18.72 18.97 19.21 19.40 19.79 19.89 19.63 19.84 19.61 19.46 19.32 19.01 18.60 18.09 17.32 16.63 15.94 15.62 15.94 16.67 17.59 18.30 18.99 19.47 19.83 20.22 20.33 20.34 20.19
19.54 19.37 19.01 18.58 18.07 17.45 16.71 15.83 14.84 13.89 14.30 15.35 16.24 17.13 17.80 18.35 18.78 19.10 19.33 19.46 19.49 19.44 19.30 18.92 18.61 18.21 17.72 17.14 16.82 17.35 17.99 18.49 18.94 19.31 19.91 20.16 20.31 20.40 20.54 20.49 20.37 20.02 19.60 19.46 19.07 18.56 18.09 18.05 18.42 18.78 19.07 19.29 19.51 19.62 19.56 19.56 19.57 19.51 19.31 18.99 18.57 17.88 17.20 16.36 15.37 14.56 15.25 16.39 17.36 18.26 18.90 19.40 19.77 20.10 20.35 20.30 20.21
19.70 19.24 18.90 18.49 17.99 17.40 16.83 15.98 14.97 14.01 14.31 15.45 16.43 17.27 17.96 18.52 18.97 19.30 19.53 19.65 19.68 19.62 19.37 19.05 18.72 18.29 17.94 17.28 16.83 17.33 17.94 18.42 18.85 19.19 19.79 20.00 20.15 20.23 20.37 20.32 20.22 19.87 19.48 19.32 18.96 18.49 18.03 18.00 18.38 18.74 19.03 19.31 19.48 19.59 19.65 19.57 19.68 19.34 19.37 19.16 18.77 18.30 17.41 16.59 15.60 14.81 15.50 16.61 17.65 18.44 19.06 19.55 19.86 20.10 20.20 20.33 20.24
19.62 19.53 19.20 18.80 18.33 17.78 17.30 16.55 15.81 15.31 15.47 16.11 16.92 17.62 18.27 18.82 19.26 19.59 19.81 19.93 19.95 19.78 19.61 19.38 19.22 18.79 18.30 17.85 17.56 17.77 18.16 18.52 18.87 19.19 19.72 19.91 20.04 20.11 20.24 20.21 20.13 19.80 19.57 19.32 19.03 18.71 18.42 18.38 18.59 18.84 19.09 19.34 19.50 19.75 19.81 19.83 19.92 19.67 19.52 19.36 19.04 18.66 17.90 17.28 16.70 16.35 16.66 17.37 18.19 18.85 19.36 19.79 20.12 20.32 20.44 20.43 20.48
19.76 19.51 19.22 18.87 18.48 18.02 17.69 17.13 16.67 16.45 16.58 16.94 17.55 18.18 18.77 19.22 19.64 19.96 20.18 20.30 20.47 20.38 19.96 19.71 19.57 19.19 18.81 18.49 18.31 18.27 18.49 18.69 19.02 19.23 19.71 19.86 19.97 20.03 20.16 20.14 20.08 19.79 19.77 19.41 19.20 18.99 18.84 18.77 18.88 18.95 19.12 19.43 19.57 19.80 19.87 20.14 20.06 20.02 19.76 19.66 19.45 19.16 18.61 18.31 17.96 17.82 17.98 18.39 18.88 19.41 19.84 20.19 20.45 20.65 20.77 20.76 20.69
19.74 19.52 19.28 19.00 18.68 18.44 18.13 17.78 17.51 17.31 17.44 17.78 18.25 18.78 19.30 19.77 20.22 20.54 20.64 20.91 20.90 20.87 20.67 20.10 19.99 19.63 19.31 19.06 18.90 18.77 18.85 19.00 19.14 19.29 19.77 19.94 20.03 20.08 20.10 19.97 20.05 19.68 19.85 19.54 19.40 19.24 19.19 19.03 19.09 19.19 19.29 19.40 19.78 20.10 20.16 20.22 20.18 20.15 20.13 19.98 19.93 19.80 19.47 19.37 19.23 19.18 19.28 19.49 19.76 20.11 20.40 20.66 20.89 21.08 21.19 21.20 21.14
19.73 19.55 19.36 19.11 18.88 18.85 18.47 18.26 18.13 18.13 18.27 18.56 18.95 19.40 19.87 20.36 20.76 21.08 21.44 21.53 21.50 21.34 21.07 21.00 20.40 20.10 19.81 19.57 19.43 19.20 19.22 19.40 19.48 19.83 19.90 19.89 19.85 19.88 19.91 19.92 19.97 19.95 19.68 19.61 19.53 19.45 19.45 19.22 19.35 19.42 19.50 19.81 20.12 20.18 20.24 20.23 20.44 20.39 20.46 20.51 20.56 20.34 20.47 20.49 20.51 20.50 20.53 20.59 20.67 20.79 20.92 21.19 21.39 21.57 21.69 21.71 21.66
19.96 19.81 19.80 19.66 19.53 19.38 18.92 18.82 18.78 18.84 18.99 19.26 19.61 20.02 20.33 20.85 21.26 21.67 22.02 22.10 21.95 21.90 21.64 21.25 20.92 20.62 20.47 20.10 19.87 19.74 19.68 19.68 19.57 19.83 19.84 19.84 19.84 19.86 19.90 19.94 19.99 20.01 20.34 19.90 19.86 19.81 19.60 19.52 19.53 19.58 19.63 20.02 20.14 20.18 20.22 20.39 20.36 20.55 20.70 20.88 21.18 21.26 21.36 21.58 21.76 21.87 21.79 21.69 21.58 21.49 21.52 21.72 21.92 21.96 22.10 22.15 22.11
19.91 19.91 19.85 19.81 19.76 19.71 19.34 19.32 19.30 19.40 19.58 19.84 20.17 20.56 20.99 21.39 21.85 22.45 22.72 22.75 22.66 22.43 22.11 21.68 21.34 21.15 20.75 20.52 20.23 20.11 20.02 19.79 19.75 19.99 19.93 19.88 19.83 19.83 19.87 19.96 20.05 20.12 20.25 20.09 20.08 20.06 19.85 19.83 19.75 19.78 19.96 20.16 20.25 20.26 20.28 20.28 20.44 20.67 20.91 21.22 21.65 21.91 22.42 22.84 23.03 23.23 23.13 22.87 22.40 22.13 22.05 22.08 22.34 22.59 22.79 22.85 22.78
19.88 19.84 19.87 19.91 19.95 19.98 20.01 20.06 19.81 19.94 20.13 20.39 20.71 21.16 21.66 22.13 22.63 23.11 23.47 23.67 23.45 23.07 22.68 22.11 21.74 21.54 21.26 20.89 20.58 20.43 20.40 20.05 20.24 20.15 20.05 19.94 19.83 19.78 19.84 19.99 20.15 20.27 20.44 20.49 20.32 20.31 20.09 20.07 19.96 20.14 20.13 20.30 20.28 20.33 20.27 20.30 20.48 20.74 21.08 21.49 22.02 22.48 23.10 23.84 24.47 24.69 24.46 23.88 23.16 22.65 22.37 22.51 22.85 23.26 23.57 23.64 23.49
19.75 19.81 19.96 20.09 20.20 20.29 20.38 20.48 20.60 20.74 20.61 20.94 21.25 21.62 22.10 22.59 23.14 23.84 24.41 24.51 24.06 23.55 23.07 22.65 22.28 21.87 21.59 21.35 20.89 20.82 20.68 20.82 20.68 20.34 20.21 20.04 19.85 19.71 19.83 20.08 20.30 20.47 20.66 20.73 20.76 20.56 20.53 20.25 20.37 20.33 20.29 20.29 20.26 20.29 20.30 20.28 20.42 20.75 21.21 21.70 22.32 22.78 23.56 24.49 25.58 26.32 25.74 24.70 23.73 22.94 22.56 22.85 23.35 23.93 24.45 24.49 24.17
19.74 19.91 20.12 20.31 20.46 20.60 20.73 20.85 21.00 21.17 21.37 21.62 22.03 22.36 22.74 22.94 23.62 24.22 24.89 25.04 24.42 23.85 23.35 22.93 22.56 22.23 21.96 21.72 21.41 21.51 21.21 21.06 20.91 20.56 20.41 20.23 20.01 19.78 19.98 20.30 20.55 20.73 20.92 20.99 21.01 21.10 20.91 20.59 20.64 20.39 20.47 20.42 20.38 20.40 20.39 20.33 20.41 20.82 21.33 21.82 22.41 23.00 23.85 24.87 26.12 27.26 26.39 25.15 24.10 23.21 22.78 23.23 23.80 24.44 25.11 25.11 24.65
20.14 20.22 20.39 20.58 20.75 20.91 21.05 21.21 21.37 21.45 21.89 22.12 22.38 22.68 23.02 23.42 23.77 24.26 24.66 24.72 24.40 23.94 23.50 23.11 22.76 22.46 22.20 21.67 21.66 21.79 21.61 21.44 21.16 21.00 20.67 20.52 20.37 20.31 20.43 20.68 20.91 21.08 21.05 21.32 21.32 21.27 21.16 20.82 20.72 20.56 20.62 20.55 20.50 20.50 20.53 20.52 20.67 20.97 21.39 21.90 22.46 23.02 23.80 24.74 25.70 26.29 25.99 25.15 24.37 23.75 23.51 23.74 24.19 24.68 25.09 25.12 24.84
20.55 20.58 20.72 20.85 21.02 21.19 21.37 21.46 21.86 22.04 22.24 22.45 22.68 22.94 23.23 23.55 23.89 24.11 24.35 24.38 24.18 23.90 23.37 23.03 22.71 22.44 22.20 21.99 21.68 22.01 21.83 21.55 21.40 21.26 20.97 20.87 20.82 20.84 20.96 21.16 21.36 21.40 21.47 21.70 21.66 21.27 21.14 20.88 20.83 20.72 20.77 20.68 20.64 20.62 20.64 20.73 20.85 21.02 21.43 21.82 22.38 22.94 23.41 24.14 24.92 25.31 25.26 24.93 24.47 24.17 24.09 24.25 24.56 24.87 25.10 25.12 24.96
20.90 20.96 21.07 21.17 21.34 21.43 21.61 22.02 22.20 22.39 22.57 22.75 22.95 23.16 23.39 23.63 23.87 23.97 24.10 24.11 23.98 23.82 23.37 23.08 22.83 22.60 22.38 22.09 21.91 22.21 21.86 21.71 21.63 21.52 21.30 21.24 21.25 21.33 21.49 21.69 21.88 21.91 21.97 22.01 21.78 21.61 21.42 21.11 20.93 21.01 20.89 20.80 20.74 20.71 20.77 20.81 20.98 21.08 21.34 21.73 22.20 22.65 22.95 23.50 24.12 24.46 24.59 24.58 24.53 24.50 24.57 24.73 24.95 25.14 25.26 25.25 25.12
21.21 21.28 21.29 21.44 21.61 21.75 22.16 22.36 22.54 22.72 22.89 23.05 23.20 23.36 23.52 23.69 23.85 23.98 23.93 23.92 23.82 23.74 23.54 23.13 22.92 22.73 22.75 22.58 22.13 22.23 22.07 21.93 21.81 21.63 21.59 21.60 21.68 21.79 22.00 22.15 22.36 22.50 22.54 22.53 22.35 21.98 21.70 21.33 21.10 21.13 20.99 20.89 20.83 20.79 20.86 20.89 21.04 21.08 21.28 21.59 21.96 22.05 22.42 22.97 23.35 23.70 23.97 24.23 24.48 24.70 24.93 25.15 25.34 25.45 25.50 25.44 25.29
21.37 21.46 21.57 22.07 22.24 22.42 22.68 22.69 22.89 23.07 23.22 23.34 23.44 23.54 23.70 23.75 23.85 23.92 23.81 23.79 23.79 23.67 23.50 23.35 23.19 23.04 22.90 22.75 22.85 22.68 22.27 22.12 22.01 21.94 21.85 21.90 22.02 22.24 22.41 22.72 23.00 23.18 23.21 22.89 22.58 22.50 22.12 21.85 21.59 21.50 21.40 21.29 20.90 20.90 20.69 20.93 21.01 21.10 21.24 21.31 21.64 21.90 21.91 22.22 22.51 22.88 23.37 23.88 24.41 24.90 25.29 25.58 25.77 25.91 25.89 25.79 25.59
22.03 22.10 22.21 22.35 22.52 22.72 22.98 23.20 23.40 23.58 23.56 23.64 23.73 23.78 23.83 23.88 24.04 24.07 24.07 23.90 23.84 23.61 23.49 23.37 23.26 23.15 23.35 23.21 23.05 22.82 22.64 22.44 22.17 22.11 22.11 22.13 22.31 22.58 22.86 23.29 23.69 23.98 24.02 23.77 23.34 22.85 22.34 21.91 21.63 21.52 21.42 21.32 21.26 20.94 20.71 20.72 20.91 21.06 21.12 21.10 21.34 21.25 21.34 21.52 21.73 22.11 22.70 23.49 24.38 25.15 25.73 26.08 26.30 26.35 26.29 26.12 25.85
22.26 22.34 22.46 22.61 22.78 22.99 23.22 23.51 23.75 23.94 24.05 23.98 23.97 23.96 24.07 24.08 24.09 24.09 24.06 24.02 23.81 23.67 23.50 23.49 23.39 23.56 23.45 23.34 23.19 22.96 22.74 22.53 22.39 22.33 22.24 22.38 22.58 22.84 23.31 23.84 24.42 25.01 25.05 24.65 23.93 23.05 22.45 21.92 21.61 21.39 21.37 21.33 21.27 21.07 20.71 20.70 20.88 20.99 21.04 21.08 21.06 21.01 20.80 20.81 20.86 21.21 21.98 23.11 24.35 25.51 26.28 26.68 26.79 26.79 26.72 26.49 26.11
22.47 22.56 22.68 22.83 23.01 23.22 23.47 23.75 24.08 24.34 24.35 24.27 24.28 24.23 24.20 24.17 24.16 24.13 24.09 24.04 24.07 23.68 23.61 23.52 23.70 23.61 23.53 23.46 23.33 23.09 22.79 22.56 22.40 22.34 22.38 22.50 22.71 22.97 23.51 24.32 25.17 25.98 26.20 25.47 24.39 23.33 22.36 21.80 21.52 21.35 21.45 21.39 21.27 21.08 21.05 21.06 20.84 21.06 20.93 20.88 20.83 20.69 20.35 20.17 19.96 20.11 21.14 22.71 24.43 26.01 27.02 27.20 27.16 27.15 27.12 26.83 26.31
22.65 22.75 22.87 23.03 23.21 23.42 23.68 23.97 24.35 24.70 24.70 24.56 24.44 24.37 24.32 24.28 24.24 24.20 24.15 24.09 24.11 24.12 23.63 23.54 23.72 23.62 23.55 23.52 23.44 23.12 22.79 22.54 22.35 22.29 22.38 22.52 22.76 22.99 23.66 24.55 25.51 26.65 27.26 25.98 24.61 23.37 22.24 21.57 21.44 21.30 21.42 21.37 21.33 21.07 21.04 21.28 21.05 21.21 20.86 20.77 20.68 20.48 20.20 19.78 19.32 19.03 20.45 22.35 24.33 26.30 27.61 27.35 27.15 27.15 27.32 26.95 26.24
22.82 22.92 23.05 23.20 23.37 23.58 23.88 24.15 24.44 24.70 24.77 24.69 24.61 24.48 24.43 24.39 24.35 24.31 24.25 24.17 24.73 24.51 24.35 24.18 23.87 23.72 23.48 23.40 23.26 23.05 22.77 22.53 22.36 22.32 22.41 22.57 22.79 23.11 23.71 24.51 25.37 26.23 26.51 25.67 24.50 23.37 22.30 21.66 21.35 21.44 21.37 21.57 21.33 21.24 21.21 21.41 21.47 21.29 21.32 21.19 21.06 20.81 20.36 19.98 19.62 19.57 20.62 22.23 23.93 25.57 26.61 26.69 26.58 26.57 26.62 26.33 25.80
22.97 23.08 23.20 23.35 23.58 23.77 23.98 24.17 24.40 24.58 24.66 24.72 24.68 24.65 24.63 24.60 24.57 24.67 24.61 24.64 24.81 24.57 24.39 24.18 23.84 23.64 23.57 23.35 23.11 22.83 22.59 22.39 22.28 22.27 22.36 22.55 22.82 23.16 23.65 24.26 24.88 25.34 25.38 24.88 24.05 23.18 22.36 21.81 21.50 21.42 21.33 21.52 21.37 21.35 21.47 21.37 21.45 21.33 21.31 21.21 21.10 20.89 20.51 20.26 20.15 20.32 21.01 22.12 23.35 24.51 25.25 25.53 25.58 25.60 25.54 25.34 25.02
