data/EU espacial/EstC_EU.grd
DSAA
94	94
0.0000	100.0000
0.0000	100.0000
13.8901	30.2690
[rows 0 to 33 of 94, columns 0 to 76 of 94]
21.28 21.09 20.84 20.64 20.48 20.35 20.26 20.66 20.64 20.63 20.64 20.67 20.72 20.80 21.01 21.14 21.31 21.58 21.85 21.90 21.62 21.39 21.24 21.17 21.15 21.43 21.54 21.59 21.78 22.20 22.48 22.81 23.20 23.66 24.23 24.86 25.60 26.39 26.01 25.29 24.68 24.18 23.90 23.62 23.39 23.25 23.10 23.11 22.93 23.08 23.54 23.80 24.13 24.53 24.84 25.50 25.88 25.46 25.03 24.61 24.30 24.03 23.78 23.50 23.25 23.00 22.43 22.17 21.91 21.69 21.43 21.13 20.87 20.61 20.35 20.33 20.44
21.06 20.95 20.76 20.58 20.43 20.30 20.21 20.14 20.11 20.54 20.55 20.57 20.61 20.68 20.85 20.95 21.09 21.30 21.46 21.47 21.29 21.10 20.98 20.93 20.94 21.01 21.35 21.43 21.65 21.90 22.36 22.70 23.09 23.54 24.09 24.66 25.25 25.77 25.56 25.02 24.46 23.98 23.70 23.41 23.18 23.04 22.90 22.92 22.78 23.19 23.41 23.69 24.02 24.42 24.75 25.25 25.51 25.35 25.00 24.72 24.47 24.23 24.00 23.73 23.47 22.89 22.63 22.35 22.06 21.81 21.53 21.22 20.95 20.69 20.53 20.49 20.55
20.78 20.73 20.60 20.46 20.33 20.22 20.13 20.07 20.03 20.02 20.44 20.45 20.48 20.52 20.65 20.71 20.77 20.85 20.94 20.91 20.82 20.80 20.62 20.61 20.66 20.76 20.98 21.24 21.47 21.75 22.20 22.54 22.91 23.36 23.80 24.25 24.65 25.00 24.87 24.52 24.09 23.66 23.41 23.12 22.90 22.63 22.63 22.67 22.59 22.98 23.23 23.51 23.84 24.24 24.61 24.81 25.03 25.06 24.92 24.76 24.61 24.43 24.24 23.99 23.44 23.14 22.84 22.55 22.27 21.96 21.65 21.33 21.06 20.81 20.78 20.67 20.65
20.54 20.50 20.42 20.32 20.21 20.12 20.04 19.98 19.94 19.93 19.93 19.96 20.33 20.34 20.42 20.42 20.41 20.39 20.40 20.34 20.35 20.31 20.30 20.23 20.32 20.52 20.72 21.18 21.27 21.60 21.91 22.34 22.69 23.09 23.45 23.78 24.04 24.15 24.22 23.97 23.63 23.26 23.05 22.76 22.42 22.27 22.29 22.34 22.55 22.77 23.00 23.29 23.60 23.95 24.25 24.38 24.61 24.71 24.79 24.81 24.76 24.67 24.52 24.03 23.75 23.44 23.10 22.75 22.45 22.11 21.78 21.45 21.17 21.14 20.94 20.81 20.75
20.32 20.30 20.24 20.16 20.08 19.99 19.92 19.87 19.83 19.82 19.82 19.84 19.86 20.15 20.18 20.11 20.01 19.91 19.84 19.75 19.76 19.75 19.79 19.78 19.97 20.18 20.42 20.70 21.05 21.39 21.71 22.03 22.20 22.79 23.08 23.33 23.50 23.55 23.65 23.44 23.15 22.83 22.62 22.22 21.98 21.84 21.80 22.01 22.19 22.47 22.79 23.06 23.40 23.64 23.88 24.12 24.23 24.44 24.67 24.87 24.99 24.97 24.64 24.42 24.12 23.76 23.38 22.99 22.64 22.27 21.91 21.59 21.27 21.26 21.06 20.91 20.88
20.14 20.12 20.07 20.01 19.94 19.87 19.80 19.74 19.70 19.69 19.70 19.73 19.75 19.74 19.67 19.81 19.61 19.40 19.22 19.18 19.12 19.13 19.22 19.42 19.53 19.80 20.11 20.44 20.77 21.18 21.50 21.81 22.10 22.51 22.74 22.93 23.04 23.05 23.15 22.96 22.70 22.38 21.93 21.75 21.48 21.31 21.27 21.49 21.77 22.15 22.54 22.94 23.16 23.34 23.49 23.69 23.83 24.17 24.59 24.99 25.28 25.19 25.11 24.87 24.53 24.13 23.69 23.23 22.79 22.41 22.02 21.68 21.50 21.34 21.13 21.03 20.92
19.97 19.95 19.92 19.87 19.80 19.73 19.66 19.60 19.56 19.55 19.57 19.62 19.66 19.64 19.53 19.32 19.22 18.88 18.59 18.48 18.42 18.47 18.64 18.85 19.14 19.40 19.78 20.18 20.47 20.97 21.31 21.61 21.90 22.14 22.45 22.59 22.65 22.63 22.74 22.55 22.28 21.83 21.48 21.25 20.92 20.69 20.78 20.88 21.28 21.81 22.34 22.79 23.01 23.05 23.08 23.18 23.33 23.86 24.53 25.20 25.56 25.77 25.69 25.40 24.99 24.52 24.00 23.48 22.96 22.53 22.11 21.73 21.54 21.37 21.22 21.05 20.93
19.89 19.81 19.78 19.73 19.68 19.61 19.54 19.46 19.40 19.38 19.42 19.51 19.60 19.62 19.48 19.16 18.70 18.34 17.90 17.70 17.69 17.82 17.99 18.24 18.61 18.99 19.48 19.94 20.31 20.68 21.15 21.45 21.72 21.93 22.11 22.31 22.35 22.30 22.10 22.20 21.79 21.45 21.07 20.76 20.33 20.11 19.95 20.12 20.72 21.50 22.28 22.79 22.95 22.83 22.61 22.55 22.82 23.46 24.47 25.40 26.20 26.52 26.37 25.96 25.46 24.91 24.31 23.69 23.12 22.58 22.14 22.02 21.69 21.42 21.20 21.02 20.89
19.75 19.68 19.65 19.61 19.56 19.50 19.42 19.33 19.23 19.18 19.25 19.41 19.58 19.67 19.56 19.10 18.44 17.75 17.18 16.87 16.97 17.19 17.38 17.62 18.08 18.69 19.23 19.77 20.19 20.58 20.91 21.33 21.58 21.78 21.93 22.00 22.18 22.06 21.84 21.79 21.50 21.15 20.72 20.36 19.78 19.34 18.96 19.19 20.11 21.24 22.29 23.01 23.05 22.63 22.14 21.76 21.93 22.86 24.30 25.80 27.06 27.45 27.05 26.44 25.85 25.26 24.56 23.84 23.18 22.59 22.22 21.97 21.63 21.35 21.13 20.95 20.82
19.63 19.61 19.54 19.51 19.47 19.41 19.34 19.23 19.10 18.96 19.08 19.33 19.55 19.75 19.75 19.10 18.27 17.39 16.43 16.07 16.47 16.79 16.96 17.04 17.66 18.44 19.13 19.68 20.16 20.55 20.87 21.27 21.51 21.74 21.85 21.87 21.77 21.95 21.66 21.60 21.30 21.09 20.62 20.06 19.42 18.75 17.94 18.21 19.60 21.00 22.34 23.46 23.19 22.45 21.69 20.91 20.72 22.32 24.14 26.03 27.98 28.34 27.42 26.63 26.02 25.50 24.68 23.84 23.13 22.52 22.11 21.85 21.51 21.23 21.00 20.83 20.70
19.51 19.50 19.48 19.42 19.39 19.36 19.30 19.21 19.09 18.99 19.08 19.28 19.46 19.61 19.53 18.95 18.17 17.31 16.47 16.16 16.43 16.75 16.95 17.14 17.70 18.44 19.13 19.69 20.18 20.57 20.89 21.28 21.50 21.71 21.81 21.81 21.70 21.54 21.57 21.34 21.35 20.96 20.49 19.94 19.31 18.69 18.05 18.30 19.51 20.80 22.03 22.95 22.83 22.19 21.45 20.82 20.86 22.18 23.87 25.65 27.32 27.72 27.04 26.32 25.73 25.18 24.42 23.63 22.93 22.33 22.07 21.66 21.26 21.04 20.82 20.65 20.53
19.38 19.38 19.38 19.34 19.34 19.33 19.30 19.24 19.18 19.14 19.17 19.26 19.34 19.34 19.17 18.74 18.14 17.50 16.95 16.71 16.80 16.99 17.23 17.57 18.05 18.67 19.29 19.86 20.27 20.66 20.98 21.35 21.55 21.74 21.82 21.76 21.69 21.53 21.36 21.31 21.31 20.93 20.48 19.99 19.53 19.02 18.71 18.94 19.70 20.64 21.53 22.12 22.19 21.85 21.44 21.19 21.41 22.26 23.51 24.82 25.87 26.27 26.04 25.57 25.06 24.52 23.90 23.24 22.61 22.27 21.80 21.40 21.00 20.78 20.57 20.41 20.31
19.25 19.26 19.28 19.31 19.30 19.32 19.33 19.32 19.29 19.27 19.26 19.25 19.23 19.13 18.92 18.59 18.17 17.74 17.42 17.23 17.28 17.41 17.63 17.95 18.44 18.98 19.55 20.09 20.45 20.83 21.13 21.36 21.67 21.84 21.83 21.83 21.63 21.59 21.42 21.22 21.20 20.98 20.56 20.13 19.78 19.43 19.27 19.45 19.91 20.52 21.12 21.54 21.64 21.57 21.43 21.38 21.64 22.21 23.05 23.93 24.62 24.93 24.89 24.62 24.24 23.79 23.28 22.74 22.20 21.90 21.46 21.07 20.68 20.40 20.25 20.11 20.04
19.07 19.10 19.15 19.21 19.15 19.23 19.38 19.41 19.42 19.39 19.34 19.26 19.15 18.97 18.76 18.51 18.23 17.96 17.79 17.67 17.72 17.82 18.03 18.33 18.75 19.31 19.85 20.38 20.71 21.08 21.36 21.57 21.84 21.99 21.97 21.96 21.76 21.71 21.57 21.33 21.29 21.08 20.69 20.39 20.04 19.76 19.65 19.76 20.03 20.43 20.77 21.09 21.27 21.33 21.35 21.41 21.66 22.07 22.55 23.10 23.54 23.78 23.78 23.64 23.38 23.04 22.64 22.20 21.92 21.49 21.07 20.68 20.29 20.00 19.86 19.74 19.68
18.90 18.95 19.03 19.13 19.25 19.34 19.44 19.52 19.57 19.54 19.44 19.29 19.07 18.85 18.64 18.45 18.29 18.15 18.11 18.05 18.05 18.19 18.36 18.64 19.05 19.55 20.18 20.72 21.05 21.40 21.66 21.83 21.94 22.00 22.02 22.10 22.04 21.90 21.84 21.59 21.21 20.89 20.67 20.57 20.24 20.00 19.88 19.93 20.08 20.25 20.53 20.78 20.98 21.12 21.24 21.34 21.54 21.79 22.04 22.34 22.58 22.74 22.79 22.70 22.55 22.32 22.08 21.73 21.44 21.04 20.63 20.24 19.88 19.47 19.35 19.14 19.15
18.70 18.76 18.88 19.04 19.22 19.39 19.53 19.67 19.74 19.72 19.58 19.31 19.02 18.73 18.50 18.37 18.33 18.38 18.39 18.39 18.39 18.48 18.60 18.86 19.28 19.82 20.42 21.13 21.59 21.81 22.02 22.14 22.13 22.28 22.29 22.37 22.31 22.27 22.01 21.74 21.44 21.10 20.77 20.71 20.39 20.14 19.99 19.97 19.96 20.12 20.32 20.53 20.74 20.93 21.07 21.23 21.37 21.49 21.54 21.62 21.71 21.79 21.86 21.88 21.86 21.74 21.54 21.27 20.97 20.60 20.19 19.77 19.23 18.87 18.64 18.62 18.70
18.46 18.55 18.72 18.94 19.17 19.41 19.65 19.83 19.98 19.98 19.79 19.40 18.96 18.55 18.29 18.24 18.33 18.53 18.67 18.72 18.69 18.70 18.74 18.95 19.40 20.04 20.78 21.46 22.07 22.30 22.44 22.42 22.42 22.39 22.54 22.62 22.58 22.54 22.27 21.97 21.63 21.26 20.91 20.79 20.49 20.20 20.06 19.93 19.88 19.98 20.11 20.29 20.51 20.76 20.96 21.14 21.22 21.20 21.11 20.94 20.86 20.88 20.99 21.10 21.15 21.15 21.02 20.80 20.54 20.19 19.77 19.26 18.70 18.28 18.00 17.97 18.20
18.16 18.29 18.54 18.83 19.12 19.42 19.72 20.00 20.26 20.35 20.07 19.51 18.87 18.29 17.96 18.02 18.32 18.70 18.99 19.10 18.99 18.84 18.73 18.85 19.38 20.20 21.13 22.01 22.69 22.84 22.84 22.75 22.66 22.63 22.77 22.87 22.88 22.86 22.58 22.20 21.81 21.40 21.03 20.88 20.52 20.16 19.94 19.77 19.77 19.83 19.90 20.04 20.27 20.59 20.89 21.10 21.15 20.99 20.63 20.27 19.99 19.99 20.19 20.42 20.58 20.65 20.53 20.41 20.14 19.80 19.37 18.86 18.22 17.67 17.27 17.27 17.68
17.81 18.04 18.39 18.73 19.06 19.40 19.77 20.14 20.53 20.81 20.42 19.61 18.78 17.97 17.46 17.76 18.29 18.84 19.36 19.54 19.28 18.98 18.71 18.60 19.23 20.29 21.41 22.56 23.44 23.31 23.03 23.01 22.87 22.82 22.95 23.06 23.24 23.22 22.95 22.39 21.94 21.53 21.12 20.95 20.43 20.15 19.82 19.65 19.69 19.70 19.71 19.75 20.07 20.47 20.84 21.14 21.21 20.81 20.31 19.73 19.15 19.10 19.51 19.87 20.15 20.28 20.20 20.10 19.86 19.54 19.11 18.58 17.88 17.16 16.46 16.55 17.28
17.68 17.94 18.28 18.61 18.93 19.26 19.69 20.07 20.48 20.83 20.41 19.57 18.73 17.91 17.36 17.75 18.34 18.94 19.51 19.73 19.44 19.13 18.85 18.68 19.36 20.45 21.60 22.77 23.70 23.55 23.20 23.07 22.92 22.85 23.08 23.12 23.33 23.32 23.04 22.44 21.97 21.73 21.12 20.82 20.50 20.15 19.82 19.66 19.69 19.72 19.71 19.71 20.03 20.43 20.79 21.08 21.13 20.68 20.11 19.47 18.80 18.74 19.19 19.56 19.85 20.02 20.04 19.94 19.74 19.35 18.95 18.44 17.78 17.06 16.30 16.44 17.21
17.95 18.08 18.31 18.58 18.86 19.14 19.44 19.77 20.06 20.19 19.91 19.36 18.73 18.17 17.90 18.06 18.48 18.95 19.37 19.53 19.47 19.31 19.20 19.30 19.83 20.69 21.65 22.56 23.26 23.39 23.32 23.09 22.96 22.89 22.96 23.10 23.12 23.08 22.81 22.39 21.98 21.58 21.18 20.89 20.56 20.38 20.07 19.89 19.84 19.86 19.89 19.98 20.19 20.48 20.73 20.88 20.84 20.54 20.04 19.54 19.12 19.05 19.25 19.50 19.70 19.85 19.90 19.82 19.65 19.30 18.95 18.51 17.96 17.43 17.05 17.12 17.61
18.18 18.24 18.39 18.57 18.77 18.98 19.19 19.43 19.58 19.62 19.45 19.10 18.72 18.41 18.28 18.37 18.64 18.98 19.26 19.42 19.46 19.48 19.54 19.76 20.23 20.90 21.65 22.34 22.91 23.13 23.14 23.02 22.92 22.85 22.90 23.01 22.95 22.86 22.60 22.28 21.93 21.57 21.20 20.95 20.65 20.54 20.28 20.13 20.04 20.07 20.13 20.23 20.39 20.57 20.70 20.76 20.68 20.46 20.12 19.75 19.47 19.36 19.42 19.55 19.67 19.78 19.86 19.80 19.58 19.37 19.05 18.71 18.29 17.96 17.77 17.83 18.15
18.13 18.39 18.46 18.56 18.67 18.79 18.95 19.05 19.12 19.12 19.03 18.84 18.68 18.55 18.52 18.61 18.78 19.03 19.23 19.37 19.48 19.62 19.78 20.07 20.51 21.07 21.67 22.35 22.73 22.92 23.01 23.00 22.87 22.89 22.81 22.90 22.80 22.68 22.44 22.16 21.86 21.54 21.20 20.98 20.75 20.53 20.37 20.31 20.23 20.29 20.37 20.48 20.59 20.70 20.74 20.74 20.64 20.46 20.19 19.94 19.74 19.64 19.63 19.67 19.77 19.80 19.87 19.83 19.64 19.47 19.26 19.03 18.75 18.48 18.39 18.48 18.71
18.24 18.25 18.27 18.31 18.57 18.65 18.67 18.68 18.76 18.74 18.71 18.68 18.59 18.62 18.68 18.78 18.91 19.08 19.22 19.36 19.50 19.70 19.93 20.26 20.69 21.20 21.79 22.28 22.62 22.85 22.94 22.94 22.88 22.82 22.72 22.80 22.58 22.42 22.39 22.14 21.79 21.48 21.22 21.04 20.79 20.59 20.46 20.33 20.38 20.49 20.61 20.72 20.81 20.86 20.86 20.78 20.67 20.52 20.30 20.12 19.97 19.87 19.82 19.81 19.81 19.79 19.87 19.90 19.74 19.62 19.48 19.32 19.14 19.00 18.97 19.03 19.21
18.35 18.32 18.29 18.27 18.27 18.23 18.50 18.40 18.32 18.28 18.31 18.42 18.56 18.66 18.80 18.92 19.02 19.10 19.23 19.34 19.53 19.74 20.01 20.37 20.81 21.36 21.88 22.35 22.63 22.88 22.95 22.93 22.97 22.92 22.70 22.56 22.43 22.36 22.25 22.01 21.80 21.52 21.29 21.03 20.78 20.59 20.49 20.39 20.50 20.66 20.85 20.98 21.05 21.05 21.00 20.87 20.74 20.60 20.43 20.29 20.17 20.07 20.00 19.96 19.92 19.95 19.93 19.89 19.86 19.79 19.71 19.62 19.60 19.57 19.61 19.62 19.54
18.45 18.39 18.32 18.27 18.17 18.04 17.90 17.74 17.85 17.78 17.88 18.12 18.45 18.76 18.95 19.08 19.13 19.15 19.22 19.30 19.49 19.72 20.02 20.40 20.91 21.45 22.01 22.51 22.80 23.01 23.03 22.96 22.97 22.90 22.65 22.50 22.36 22.29 22.09 21.96 21.77 21.53 21.27 20.99 20.74 20.54 20.43 20.39 20.57 20.83 21.09 21.28 21.34 21.28 21.15 20.98 20.83 20.66 20.55 20.44 20.35 20.25 20.17 20.09 20.03 20.04 20.02 20.00 19.80 19.97 19.93 19.90 19.94 19.95 20.02 19.82 19.98
18.56 18.47 18.41 18.27 18.11 17.90 17.66 17.39 17.14 17.19 17.36 17.81 18.35 18.85 19.19 19.27 19.25 19.18 19.17 19.22 19.42 19.66 19.97 20.39 20.91 21.53 22.18 22.76 23.10 23.23 23.16 23.13 22.99 22.89 22.74 22.45 22.35 22.25 22.05 21.84 21.79 21.52 21.26 20.97 20.68 20.43 20.25 20.34 20.60 20.99 21.38 21.64 21.67 21.53 21.32 21.09 20.89 20.74 20.65 20.58 20.51 20.42 20.32 20.22 20.13 20.12 20.10 19.97 19.94 19.91 19.97 19.96 19.97 20.02 20.03 20.17 20.32
18.69 18.62 18.49 18.31 18.10 17.83 17.50 17.12 16.69 16.39 16.70 17.53 18.30 19.02 19.50 19.54 19.40 19.19 19.05 19.11 19.32 19.60 19.92 20.29 20.86 21.57 22.32 23.01 23.49 23.46 23.22 22.98 23.00 22.77 22.61 22.42 22.34 22.25 22.05 21.71 21.52 21.28 21.19 20.97 20.57 20.26 20.00 20.12 20.59 21.14 21.70 22.10 22.06 21.77 21.45 21.15 20.91 20.80 20.75 20.71 20.67 20.59 20.47 20.35 20.23 20.13 20.10 20.10 20.07 20.07 20.16 20.18 20.22 20.30 19.93 20.04 20.19
18.75 18.77 18.61 18.41 18.16 17.85 17.48 17.03 16.50 15.95 16.43 17.36 18.25 19.09 19.73 19.63 19.40 19.24 19.02 19.03 19.32 19.56 19.85 20.17 20.78 21.53 22.32 23.14 23.78 23.52 23.23 23.07 22.86 22.75 22.59 22.42 22.27 21.99 21.95 21.75 21.56 21.32 21.08 20.80 20.61 20.26 19.89 20.02 20.60 21.22 21.87 22.45 22.28 21.89 21.60 21.23 20.91 20.88 20.77 20.76 20.77 20.69 20.53 20.39 20.30 20.20 20.19 20.21 20.24 20.26 20.11 20.14 20.22 20.15 20.18 20.29 20.43
18.95 18.83 18.79 18.56 18.29 17.97 17.60 17.18 16.75 16.58 16.84 17.52 18.27 18.96 19.42 19.49 19.37 19.22 19.08 19.09 19.36 19.61 19.90 20.27 20.82 21.47 22.17 22.81 23.24 23.23 23.03 22.97 22.80 22.72 22.59 22.33 22.19 22.05 21.94 21.74 21.64 21.40 21.17 20.90 20.62 20.39 20.22 20.34 20.73 21.26 21.77 22.14 22.13 21.86 21.56 21.19 21.00 20.88 20.82 20.79 20.75 20.71 20.58 20.45 20.40 20.32 20.31 20.33 20.36 20.41 20.27 20.32 20.45 20.36 20.40 20.50 20.64
19.20 19.39 19.19 18.78 18.49 18.17 17.83 17.48 17.35 17.20 17.37 17.79 18.32 18.82 19.14 19.28 19.28 19.17 19.24 19.29 19.40 19.63 19.92 20.34 20.83 21.36 21.93 22.35 22.68 22.80 22.74 22.80 22.70 22.57 22.48 22.36 22.25 22.14 21.99 21.85 21.68 21.45 21.29 21.04 20.81 20.65 20.58 20.67 20.89 21.25 21.60 21.83 21.89 21.67 21.42 21.22 21.05 20.82 20.73 20.79 20.72 20.69 20.59 20.47 20.39 20.43 20.41 20.44 20.48 20.36 20.41 20.35 20.64 20.55 20.60 20.70 20.82
19.83 19.68 19.47 19.21 18.91 18.58 18.11 18.03 17.80 17.70 17.80 18.06 18.41 18.70 18.97 19.13 19.20 19.30 19.31 19.39 19.62 19.69 19.95 20.26 20.63 21.17 21.66 22.05 22.23 22.40 22.52 22.52 22.50 22.53 22.50 22.43 22.38 22.27 22.13 22.00 21.83 21.60 21.33 21.15 21.10 20.89 20.82 20.83 21.00 21.37 21.38 21.54 21.59 21.53 21.40 21.26 21.07 20.90 20.80 20.77 20.69 20.59 20.63 20.47 20.41 20.50 20.49 20.52 20.21 20.26 20.33 20.50 20.60 20.74 20.84 20.89 20.98
20.17 20.02 19.79 19.51 19.19 18.86 18.55 18.28 18.17 18.08 18.00 18.17 18.43 18.67 18.89 19.04 19.24 19.31 19.38 19.56 19.69 19.87 20.10 20.21 20.52 20.90 21.23 21.73 21.89 22.15 22.26 22.33 22.39 22.49 22.53 22.52 22.52 22.46 22.33 22.14 22.01 21.76 21.54 21.32 21.29 21.14 21.02 20.98 20.96 21.11 21.26 21.37 21.42 21.40 21.34 21.25 21.08 20.90 20.79 20.68 20.65 20.55 20.34 20.25 20.18 20.37 20.19 20.21 20.26 20.34 20.52 20.78 20.91 20.99 21.08 21.16 21.19
20.58 20.41 20.16 19.83 19.49 19.14 18.82 18.56 18.23 18.22 18.22 18.31 18.69 18.85 19.00 19.09 19.21 19.30 19.56 19.67 19.72 19.89 20.09 20.37 20.43 20.70 20.98 21.24 21.31 21.69 21.96 22.12 22.29 22.47 22.64 22.68 22.72 22.70 22.58 22.38 22.27 22.00 21.75 21.46 21.32 21.03 21.08 20.93 20.98 21.07 21.16 21.18 21.29 21.31 21.29 21.19 21.11 20.91 20.78 20.65 20.42 20.51 20.26 20.18 20.12 20.39 20.29 20.34 20.21 20.32 20.87 20.87 21.03 21.19 21.30 21.33 21.35
