data/EU espacial/F03062017.grd
DSAA
94	94
0.0000	100.0000
0.0000	100.0000
2.4735	6.4983
[rows 0 to 37 of 94, columns 0 to 83 of 94]
4.44 4.42 4.40 4.40 4.36 4.33 4.30 4.26 4.23 4.19 4.15 4.11 4.06 4.01 3.96 3.91 3.84 3.78 3.71 3.66 3.64 3.61 3.59 3.56 3.54 3.53 3.52 3.51 3.50 3.51 3.51 3.53 3.56 3.61 3.65 3.70 3.75 3.80 3.84 3.89 3.94 4.00 4.07 4.13 4.18 4.26 4.32 4.38 4.44 4.49 4.53 4.57 4.61 4.64 4.66 4.69 4.70 4.72 4.73 4.74 4.74 4.74 4.73 4.72 4.71 4.69 4.68 4.65 4.63 4.60 4.57 4.54 4.51 4.49 4.46 4.41 4.35 4.30 4.25 4.20 4.16 4.12 4.08 4.05
4.43 4.42 4.40 4.38 4.35 4.34 4.30 4.27 4.24 4.20 4.16 4.12 4.08 4.03 3.98 3.93 3.86 3.80 3.74 3.68 3.65 3.62 3.58 3.55 3.52 3.50 3.49 3.46 3.46 3.47 3.48 3.50 3.53 3.58 3.62 3.67 3.73 3.78 3.82 3.88 3.93 3.99 4.07 4.13 4.19 4.28 4.34 4.40 4.46 4.52 4.57 4.61 4.65 4.69 4.72 4.74 4.75 4.77 4.77 4.78 4.78 4.77 4.76 4.75 4.73 4.71 4.69 4.66 4.63 4.60 4.57 4.53 4.50 4.47 4.43 4.38 4.33 4.27 4.22 4.17 4.12 4.08 4.04 4.01
4.40 4.41 4.39 4.38 4.35 4.33 4.30 4.27 4.24 4.21 4.17 4.13 4.10 4.05 4.01 3.95 3.90 3.83 3.77 3.72 3.67 3.63 3.59 3.55 3.51 3.48 3.45 3.43 3.43 3.44 3.45 3.46 3.50 3.54 3.59 3.65 3.70 3.76 3.80 3.86 3.92 3.99 4.07 4.14 4.22 4.30 4.37 4.43 4.48 4.55 4.60 4.65 4.70 4.73 4.77 4.79 4.80 4.81 4.82 4.82 4.81 4.80 4.79 4.77 4.75 4.73 4.70 4.66 4.63 4.59 4.56 4.52 4.48 4.43 4.39 4.34 4.28 4.23 4.17 4.12 4.08 4.04 4.00 3.97
4.38 4.38 4.38 4.36 4.34 4.32 4.30 4.27 4.24 4.21 4.18 4.15 4.11 4.07 4.03 3.98 3.93 3.87 3.81 3.75 3.69 3.64 3.59 3.54 3.49 3.45 3.41 3.40 3.40 3.41 3.41 3.44 3.46 3.51 3.56 3.62 3.68 3.74 3.79 3.86 3.94 3.98 4.07 4.16 4.23 4.32 4.39 4.45 4.52 4.58 4.64 4.69 4.74 4.78 4.81 4.83 4.84 4.85 4.86 4.85 4.85 4.83 4.81 4.80 4.77 4.74 4.71 4.66 4.62 4.58 4.54 4.49 4.45 4.40 4.35 4.29 4.24 4.18 4.13 4.08 4.03 3.99 3.95 3.93
4.34 4.35 4.35 4.34 4.33 4.31 4.29 4.26 4.24 4.21 4.18 4.15 4.12 4.09 4.05 4.01 3.96 3.91 3.85 3.78 3.72 3.66 3.59 3.53 3.47 3.42 3.39 3.36 3.36 3.37 3.37 3.39 3.42 3.48 3.53 3.59 3.66 3.72 3.78 3.85 3.92 4.01 4.08 4.16 4.25 4.32 4.41 4.48 4.55 4.62 4.68 4.73 4.79 4.83 4.86 4.88 4.89 4.90 4.90 4.89 4.87 4.85 4.84 4.82 4.79 4.75 4.71 4.66 4.61 4.56 4.52 4.47 4.41 4.35 4.30 4.24 4.19 4.13 4.08 4.02 3.98 3.93 3.89 3.86
4.31 4.32 4.32 4.32 4.31 4.29 4.27 4.25 4.23 4.21 4.18 4.16 4.13 4.10 4.07 4.04 3.99 3.95 3.89 3.81 3.75 3.67 3.59 3.51 3.44 3.39 3.35 3.32 3.31 3.30 3.32 3.36 3.40 3.44 3.50 3.57 3.64 3.69 3.77 3.84 3.91 3.99 4.09 4.17 4.26 4.33 4.42 4.50 4.59 4.65 4.72 4.77 4.83 4.87 4.90 4.92 4.93 4.93 4.93 4.92 4.91 4.88 4.86 4.83 4.80 4.76 4.71 4.66 4.59 4.54 4.49 4.43 4.36 4.30 4.25 4.19 4.13 4.07 4.02 3.97 3.92 3.87 3.83 3.80
4.28 4.28 4.29 4.29 4.28 4.26 4.25 4.23 4.22 4.20 4.18 4.16 4.14 4.12 4.09 4.06 4.02 3.99 3.93 3.85 3.77 3.68 3.59 3.49 3.42 3.36 3.31 3.27 3.26 3.25 3.27 3.31 3.36 3.42 3.47 3.54 3.62 3.68 3.76 3.83 3.91 4.02 4.09 4.19 4.27 4.34 4.45 4.52 4.61 4.68 4.75 4.81 4.87 4.91 4.94 4.96 4.97 4.97 4.96 4.94 4.92 4.89 4.87 4.84 4.80 4.76 4.70 4.64 4.58 4.53 4.45 4.39 4.31 4.25 4.19 4.13 4.07 4.02 3.96 3.91 3.86 3.80 3.76 3.73
4.24 4.25 4.26 4.25 4.24 4.23 4.22 4.21 4.19 4.18 4.17 4.15 4.14 4.12 4.10 4.08 4.05 4.02 3.97 3.89 3.80 3.67 3.57 3.48 3.39 3.32 3.26 3.21 3.20 3.19 3.22 3.27 3.32 3.38 3.46 3.52 3.60 3.67 3.74 3.82 3.90 4.02 4.12 4.19 4.27 4.35 4.46 4.54 4.63 4.71 4.78 4.86 4.90 4.94 4.98 5.00 5.00 5.00 4.98 4.96 4.94 4.90 4.86 4.83 4.80 4.75 4.69 4.62 4.55 4.49 4.40 4.34 4.26 4.20 4.13 4.07 4.01 3.96 3.90 3.85 3.78 3.74 3.69 3.66
4.20 4.21 4.22 4.21 4.21 4.20 4.19 4.18 4.16 4.15 4.14 4.13 4.13 4.12 4.11 4.09 4.06 4.04 4.01 3.93 3.80 3.68 3.56 3.45 3.36 3.27 3.21 3.15 3.13 3.13 3.17 3.23 3.29 3.35 3.43 3.51 3.60 3.65 3.73 3.82 3.93 4.05 4.13 4.20 4.28 4.36 4.46 4.56 4.65 4.73 4.81 4.89 4.94 4.97 5.00 5.03 5.03 5.02 4.99 4.96 4.93 4.90 4.85 4.82 4.78 4.74 4.67 4.59 4.51 4.44 4.35 4.27 4.20 4.14 4.07 4.01 3.95 3.89 3.84 3.77 3.72 3.67 3.63 3.59
4.16 4.16 4.17 4.17 4.16 4.15 4.14 4.13 4.13 4.12 4.11 4.10 4.10 4.10 4.10 4.08 4.06 4.04 4.02 3.94 3.81 3.67 3.54 3.42 3.32 3.24 3.16 3.09 3.06 3.08 3.13 3.19 3.26 3.35 3.42 3.49 3.59 3.67 3.73 3.83 3.92 4.05 4.14 4.22 4.29 4.37 4.46 4.57 4.66 4.75 4.85 4.92 4.96 4.99 5.02 5.04 5.06 5.03 4.99 4.95 4.90 4.87 4.82 4.78 4.75 4.72 4.63 4.54 4.46 4.38 4.31 4.20 4.13 4.07 4.01 3.95 3.89 3.83 3.76 3.71 3.66 3.61 3.56 3.52
4.11 4.12 4.12 4.12 4.12 4.11 4.10 4.09 4.08 4.07 4.07 4.06 4.06 4.06 4.06 4.04 4.03 4.01 3.96 3.89 3.77 3.64 3.52 3.39 3.29 3.21 3.13 3.07 3.03 3.06 3.10 3.17 3.24 3.33 3.41 3.48 3.57 3.65 3.73 3.82 3.92 4.06 4.14 4.23 4.30 4.40 4.48 4.59 4.68 4.77 4.86 4.92 4.97 5.00 5.02 5.04 5.03 5.01 4.96 4.91 4.87 4.82 4.78 4.72 4.68 4.64 4.56 4.47 4.38 4.31 4.23 4.15 4.06 4.00 3.94 3.88 3.82 3.77 3.70 3.65 3.60 3.56 3.51 3.47
4.07 4.07 4.07 4.07 4.06 4.05 4.04 4.03 4.02 4.02 4.01 4.01 4.01 4.01 4.00 3.99 3.97 3.91 3.88 3.80 3.70 3.60 3.48 3.37 3.27 3.19 3.12 3.06 3.04 3.05 3.09 3.15 3.22 3.31 3.39 3.48 3.56 3.64 3.73 3.82 3.95 4.06 4.15 4.24 4.34 4.41 4.50 4.61 4.69 4.79 4.85 4.91 4.95 4.98 5.00 5.01 5.00 4.96 4.92 4.87 4.81 4.76 4.70 4.66 4.59 4.53 4.45 4.37 4.29 4.22 4.15 4.07 4.00 3.92 3.86 3.81 3.76 3.69 3.64 3.59 3.55 3.51 3.47 3.44
4.02 4.02 4.02 4.01 4.01 3.99 3.98 3.97 3.96 3.95 3.95 3.95 3.94 3.94 3.93 3.92 3.86 3.84 3.79 3.72 3.63 3.53 3.43 3.34 3.24 3.16 3.10 3.06 3.04 3.05 3.08 3.14 3.20 3.29 3.38 3.47 3.56 3.63 3.73 3.83 3.95 4.07 4.16 4.27 4.36 4.43 4.51 4.62 4.73 4.79 4.85 4.90 4.94 4.96 4.98 4.98 4.95 4.91 4.85 4.80 4.74 4.68 4.61 4.56 4.47 4.41 4.33 4.26 4.20 4.13 4.06 3.98 3.92 3.84 3.79 3.74 3.68 3.63 3.59 3.54 3.53 3.49 3.45 3.42
3.97 3.97 3.96 3.95 3.94 3.93 3.92 3.90 3.89 3.88 3.88 3.87 3.87 3.87 3.86 3.80 3.79 3.75 3.70 3.63 3.56 3.47 3.37 3.29 3.21 3.14 3.08 3.04 3.03 3.04 3.07 3.13 3.19 3.28 3.37 3.46 3.55 3.63 3.73 3.83 3.95 4.05 4.17 4.28 4.37 4.44 4.52 4.63 4.73 4.79 4.84 4.88 4.91 4.94 4.95 4.94 4.91 4.86 4.80 4.72 4.66 4.58 4.51 4.44 4.37 4.28 4.21 4.14 4.08 4.02 3.95 3.89 3.84 3.78 3.74 3.66 3.65 3.60 3.56 3.52 3.49 3.45 3.42 3.39
3.92 3.92 3.90 3.89 3.87 3.86 3.84 3.82 3.81 3.80 3.79 3.79 3.79 3.79 3.74 3.73 3.71 3.67 3.62 3.55 3.48 3.40 3.32 3.24 3.17 3.11 3.05 3.01 3.01 3.02 3.06 3.11 3.18 3.26 3.34 3.43 3.53 3.62 3.75 3.85 3.97 4.07 4.19 4.28 4.37 4.48 4.56 4.67 4.73 4.78 4.82 4.86 4.89 4.91 4.91 4.90 4.86 4.80 4.73 4.65 4.56 4.48 4.40 4.32 4.24 4.15 4.08 4.01 3.96 3.91 3.86 3.80 3.75 3.70 3.66 3.62 3.58 3.55 3.51 3.48 3.45 3.42 3.39 3.37
3.87 3.86 3.85 3.83 3.80 3.78 3.77 3.74 3.72 3.71 3.71 3.71 3.71 3.67 3.67 3.66 3.63 3.59 3.54 3.47 3.40 3.33 3.26 3.19 3.11 3.07 3.02 2.98 2.99 3.00 3.04 3.09 3.16 3.26 3.35 3.45 3.55 3.65 3.75 3.85 3.97 4.07 4.18 4.27 4.37 4.46 4.54 4.67 4.72 4.76 4.80 4.84 4.86 4.87 4.87 4.85 4.81 4.75 4.66 4.57 4.46 4.36 4.28 4.19 4.10 4.03 3.94 3.88 3.84 3.79 3.74 3.70 3.66 3.62 3.58 3.55 3.52 3.50 3.46 3.44 3.41 3.38 3.36 3.34
3.82 3.81 3.79 3.76 3.73 3.70 3.67 3.66 3.63 3.61 3.61 3.62 3.59 3.60 3.61 3.59 3.56 3.51 3.45 3.38 3.32 3.26 3.20 3.13 3.07 3.01 2.97 2.94 2.95 2.96 3.01 3.06 3.14 3.22 3.34 3.44 3.54 3.64 3.74 3.84 3.96 4.06 4.17 4.26 4.36 4.46 4.57 4.63 4.70 4.73 4.77 4.80 4.82 4.83 4.83 4.81 4.77 4.69 4.59 4.48 4.36 4.25 4.14 4.05 3.96 3.88 3.79 3.75 3.71 3.68 3.64 3.62 3.58 3.55 3.52 3.49 3.46 3.44 3.41 3.39 3.36 3.35 3.35 3.33
3.77 3.75 3.73 3.70 3.66 3.63 3.59 3.55 3.53 3.51 3.51 3.48 3.52 3.54 3.55 3.52 3.48 3.42 3.36 3.30 3.25 3.19 3.14 3.08 3.02 2.96 2.91 2.90 2.91 2.93 2.99 3.04 3.12 3.21 3.32 3.42 3.53 3.63 3.73 3.83 3.95 4.04 4.15 4.25 4.35 4.45 4.56 4.62 4.67 4.71 4.73 4.75 4.77 4.78 4.78 4.77 4.72 4.63 4.51 4.38 4.25 4.13 4.01 3.90 3.80 3.72 3.64 3.62 3.59 3.58 3.56 3.52 3.50 3.48 3.45 3.43 3.41 3.39 3.37 3.35 3.33 3.34 3.33 3.31
3.72 3.70 3.66 3.62 3.59 3.55 3.51 3.47 3.42 3.40 3.36 3.40 3.44 3.48 3.49 3.46 3.40 3.34 3.27 3.21 3.16 3.12 3.07 3.02 2.97 2.91 2.86 2.85 2.85 2.89 2.94 3.01 3.09 3.19 3.30 3.40 3.55 3.63 3.74 3.81 3.92 4.03 4.12 4.22 4.32 4.41 4.52 4.58 4.63 4.65 4.67 4.69 4.70 4.71 4.72 4.72 4.68 4.56 4.42 4.28 4.13 4.00 3.88 3.76 3.65 3.56 3.50 3.48 3.49 3.48 3.47 3.45 3.43 3.41 3.40 3.38 3.36 3.35 3.33 3.32 3.33 3.32 3.30 3.29
3.67 3.63 3.60 3.55 3.52 3.48 3.43 3.38 3.34 3.26 3.29 3.32 3.36 3.39 3.41 3.36 3.31 3.24 3.18 3.12 3.08 3.04 3.00 2.96 2.91 2.86 2.81 2.80 2.82 2.86 2.91 3.01 3.08 3.18 3.30 3.42 3.53 3.62 3.73 3.83 3.91 4.01 4.10 4.20 4.28 4.37 4.48 4.53 4.56 4.57 4.58 4.59 4.59 4.59 4.60 4.60 4.56 4.43 4.29 4.14 4.00 3.87 3.75 3.64 3.53 3.44 3.40 3.40 3.40 3.40 3.39 3.39 3.38 3.37 3.36 3.34 3.32 3.31 3.30 3.29 3.30 3.29 3.28 3.27
3.59 3.56 3.53 3.49 3.45 3.41 3.36 3.31 3.24 3.22 3.22 3.26 3.28 3.29 3.29 3.26 3.21 3.15 3.10 3.04 3.00 2.96 2.92 2.89 2.85 2.81 2.77 2.75 2.81 2.84 2.91 2.99 3.07 3.16 3.27 3.40 3.51 3.60 3.69 3.80 3.88 3.97 4.07 4.15 4.24 4.34 4.40 4.45 4.47 4.48 4.48 4.48 4.48 4.47 4.46 4.44 4.39 4.28 4.16 4.02 3.89 3.77 3.66 3.55 3.46 3.39 3.34 3.31 3.33 3.33 3.33 3.33 3.32 3.32 3.31 3.31 3.30 3.29 3.28 3.29 3.28 3.27 3.26 3.25
3.52 3.49 3.46 3.42 3.38 3.34 3.30 3.23 3.20 3.18 3.17 3.17 3.19 3.19 3.18 3.15 3.11 3.06 3.01 2.96 2.92 2.89 2.85 2.82 2.79 2.76 2.74 2.72 2.79 2.83 2.89 2.98 3.05 3.15 3.25 3.38 3.48 3.57 3.68 3.77 3.85 3.93 4.03 4.10 4.18 4.24 4.33 4.36 4.40 4.39 4.38 4.37 4.36 4.34 4.31 4.28 4.22 4.13 4.02 3.90 3.78 3.67 3.57 3.47 3.40 3.34 3.29 3.26 3.26 3.26 3.26 3.28 3.28 3.28 3.28 3.28 3.28 3.27 3.27 3.26 3.26 3.25 3.24 3.23
3.44 3.42 3.38 3.36 3.32 3.28 3.21 3.18 3.15 3.13 3.11 3.10 3.09 3.10 3.07 3.04 3.01 2.97 2.92 2.88 2.85 2.81 2.79 2.76 2.73 2.71 2.70 2.73 2.77 2.82 2.88 2.96 3.05 3.14 3.23 3.36 3.46 3.54 3.65 3.73 3.81 3.89 3.98 4.05 4.11 4.17 4.21 4.32 4.31 4.30 4.27 4.25 4.23 4.20 4.16 4.12 4.05 3.97 3.88 3.78 3.68 3.58 3.49 3.41 3.34 3.30 3.25 3.23 3.22 3.22 3.23 3.23 3.24 3.25 3.26 3.23 3.23 3.25 3.25 3.24 3.24 3.23 3.23 3.22
3.38 3.35 3.32 3.28 3.25 3.19 3.16 3.13 3.10 3.07 3.05 3.03 3.01 2.99 2.98 2.95 2.91 2.88 2.84 2.80 2.77 2.75 2.72 2.70 2.68 2.66 2.69 2.70 2.75 2.80 2.87 2.94 3.03 3.13 3.23 3.34 3.42 3.52 3.61 3.70 3.77 3.87 3.95 4.00 4.06 4.10 4.13 4.23 4.22 4.20 4.17 4.13 4.10 4.06 4.01 3.96 3.90 3.83 3.75 3.66 3.57 3.49 3.41 3.34 3.29 3.23 3.21 3.19 3.19 3.19 3.20 3.21 3.21 3.22 3.21 3.22 3.21 3.21 3.20 3.23 3.22 3.26 3.25 3.25
3.31 3.28 3.25 3.22 3.17 3.14 3.11 3.08 3.05 3.02 2.99 2.96 2.93 2.90 2.87 2.86 2.82 2.79 2.76 2.73 2.70 2.68 2.66 2.64 2.63 2.65 2.66 2.67 2.71 2.78 2.85 2.93 3.04 3.15 3.24 3.33 3.44 3.51 3.59 3.67 3.74 3.81 3.90 3.95 4.00 4.04 4.06 4.16 4.13 4.10 4.07 4.03 3.97 3.92 3.87 3.82 3.76 3.70 3.63 3.56 3.48 3.41 3.34 3.29 3.24 3.19 3.17 3.16 3.16 3.17 3.18 3.20 3.21 3.22 3.23 3.24 3.20 3.23 3.23 3.23 3.25 3.25 3.24 3.24
3.25 3.22 3.19 3.16 3.11 3.09 3.06 3.03 3.00 2.97 2.93 2.90 2.86 2.82 2.78 2.76 2.74 2.71 2.69 2.66 2.64 2.62 2.60 2.59 2.60 2.61 2.62 2.65 2.68 2.76 2.84 2.92 3.03 3.14 3.23 3.32 3.42 3.48 3.57 3.64 3.71 3.80 3.87 3.92 3.95 3.98 4.00 4.09 4.06 4.01 3.97 3.92 3.86 3.80 3.75 3.69 3.63 3.58 3.52 3.46 3.40 3.34 3.29 3.24 3.18 3.15 3.14 3.14 3.13 3.14 3.16 3.18 3.21 3.22 3.23 3.24 3.24 3.22 3.22 3.22 3.22 3.23 3.23 3.23
3.19 3.16 3.13 3.09 3.06 3.04 3.01 2.98 2.95 2.92 2.88 2.83 2.79 2.74 2.70 2.67 2.65 2.64 2.62 2.60 2.58 2.57 2.55 2.57 2.57 2.58 2.60 2.62 2.66 2.74 2.82 2.93 3.02 3.14 3.23 3.31 3.41 3.47 3.54 3.63 3.71 3.77 3.84 3.88 3.91 3.94 3.98 3.97 3.99 3.94 3.88 3.82 3.76 3.71 3.64 3.57 3.52 3.47 3.43 3.39 3.34 3.29 3.25 3.20 3.15 3.12 3.08 3.09 3.11 3.13 3.15 3.17 3.20 3.22 3.23 3.23 3.24 3.24 3.22 3.22 3.21 3.21 3.22 3.22
3.13 3.11 3.08 3.04 3.02 2.99 2.97 2.94 2.91 2.88 2.83 2.78 2.72 2.66 2.62 2.60 2.59 2.57 2.57 2.55 2.54 2.53 2.54 2.54 2.54 2.56 2.58 2.60 2.64 2.73 2.82 2.91 3.02 3.12 3.21 3.30 3.40 3.45 3.55 3.62 3.69 3.75 3.81 3.86 3.89 3.93 3.94 3.93 3.94 3.88 3.81 3.73 3.68 3.63 3.56 3.48 3.42 3.40 3.37 3.34 3.31 3.23 3.18 3.13 3.09 3.05 3.05 3.07 3.09 3.12 3.15 3.17 3.21 3.22 3.23 3.24 3.24 3.24 3.24 3.21 3.21 3.21 3.21 3.22
3.08 3.05 3.02 2.99 2.97 2.95 2.92 2.90 2.87 2.84 2.79 2.73 2.67 2.61 2.55 2.54 2.54 2.53 2.52 2.52 2.52 2.50 2.49 2.49 2.52 2.54 2.56 2.58 2.62 2.70 2.81 2.90 2.99 3.11 3.20 3.29 3.37 3.44 3.50 3.63 3.69 3.73 3.80 3.84 3.87 3.91 3.91 3.92 3.88 3.84 3.76 3.68 3.63 3.59 3.52 3.44 3.35 3.34 3.32 3.29 3.25 3.21 3.16 3.11 3.06 3.02 3.03 3.06 3.09 3.12 3.15 3.18 3.20 3.22 3.23 3.24 3.24 3.24 3.24 3.20 3.20 3.20 3.21 3.22
3.04 3.01 2.99 2.96 2.93 2.91 2.88 2.86 2.83 2.80 2.75 2.70 2.64 2.59 2.54 2.52 2.51 2.50 2.48 2.49 2.49 2.48 2.48 2.48 2.52 2.54 2.56 2.59 2.64 2.72 2.81 2.90 2.99 3.10 3.20 3.28 3.36 3.45 3.49 3.57 3.65 3.71 3.79 3.83 3.85 3.89 3.89 3.90 3.86 3.83 3.76 3.70 3.64 3.59 3.50 3.42 3.37 3.34 3.32 3.28 3.25 3.20 3.16 3.12 3.08 3.05 3.05 3.07 3.10 3.13 3.16 3.18 3.21 3.23 3.24 3.25 3.25 3.25 3.22 3.21 3.21 3.23 3.23 3.22
3.00 2.98 2.95 2.92 2.89 2.87 2.84 2.82 2.79 2.76 2.72 2.67 2.63 2.58 2.55 2.53 2.51 2.48 2.48 2.48 2.47 2.50 2.50 2.49 2.53 2.55 2.59 2.61 2.66 2.74 2.82 2.90 2.99 3.10 3.19 3.27 3.36 3.45 3.49 3.57 3.64 3.69 3.76 3.85 3.87 3.88 3.89 3.89 3.86 3.83 3.79 3.74 3.64 3.58 3.52 3.47 3.42 3.39 3.35 3.31 3.27 3.22 3.18 3.15 3.11 3.09 3.09 3.10 3.12 3.14 3.17 3.20 3.22 3.25 3.26 3.26 3.27 3.23 3.23 3.22 3.25 3.24 3.24 3.23
2.97 2.94 2.91 2.89 2.86 2.84 2.81 2.79 2.76 2.73 2.69 2.68 2.64 2.60 2.56 2.54 2.52 2.52 2.49 2.48 2.51 2.51 2.52 2.52 2.54 2.56 2.61 2.65 2.68 2.76 2.81 2.89 3.00 3.11 3.19 3.27 3.37 3.45 3.49 3.56 3.63 3.69 3.75 3.79 3.88 3.89 3.89 3.90 3.88 3.85 3.79 3.74 3.68 3.63 3.58 3.54 3.49 3.45 3.40 3.35 3.30 3.26 3.22 3.18 3.15 3.13 3.13 3.13 3.14 3.16 3.18 3.21 3.24 3.27 3.28 3.28 3.26 3.25 3.28 3.29 3.28 3.26 3.25 3.22
2.94 2.91 2.88 2.86 2.83 2.81 2.82 2.79 2.75 2.73 2.70 2.66 2.63 2.60 2.57 2.54 2.55 2.54 2.53 2.52 2.53 2.53 2.53 2.54 2.55 2.58 2.61 2.67 2.71 2.75 2.82 2.90 3.01 3.11 3.19 3.29 3.38 3.46 3.49 3.56 3.63 3.69 3.74 3.80 3.83 3.85 3.91 3.92 3.86 3.83 3.80 3.78 3.73 3.69 3.65 3.61 3.56 3.52 3.47 3.42 3.35 3.31 3.26 3.22 3.19 3.17 3.15 3.15 3.16 3.18 3.21 3.23 3.26 3.28 3.32 3.32 3.31 3.35 3.33 3.31 3.30 3.28 3.24 3.20
2.92 2.89 2.87 2.85 2.83 2.81 2.79 2.76 2.74 2.71 2.68 2.65 2.65 2.62 2.60 2.57 2.56 2.55 2.56 2.56 2.54 2.55 2.55 2.56 2.57 2.60 2.63 2.67 2.71 2.77 2.84 2.91 2.99 3.11 3.23 3.32 3.39 3.48 3.56 3.62 3.64 3.68 3.76 3.80 3.83 3.85 3.87 3.85 3.87 3.87 3.85 3.83 3.80 3.77 3.75 3.71 3.67 3.62 3.56 3.50 3.44 3.37 3.32 3.28 3.25 3.23 3.21 3.21 3.23 3.24 3.29 3.31 3.34 3.35 3.36 3.35 3.39 3.38 3.36 3.34 3.31 3.27 3.23 3.20
2.89 2.87 2.85 2.83 2.81 2.81 2.79 2.77 2.75 2.72 2.70 2.67 2.65 2.63 2.61 2.60 2.59 2.59 2.59 2.59 2.58 2.58 2.58 2.58 2.59 2.61 2.65 2.68 2.73 2.79 2.84 2.96 3.04 3.14 3.24 3.35 3.42 3.50 3.57 3.64 3.66 3.71 3.75 3.82 3.83 3.85 3.85 3.84 3.90 3.89 3.88 3.86 3.85 3.84 3.82 3.80 3.75 3.70 3.63 3.56 3.48 3.42 3.35 3.31 3.30 3.28 3.23 3.25 3.26 3.29 3.32 3.35 3.38 3.40 3.47 3.45 3.43 3.41 3.38 3.35 3.32 3.27 3.23 3.20
2.87 2.85 2.84 2.83 2.81 2.80 2.78 2.76 2.74 2.72 2.70 2.68 2.66 2.64 2.62 2.61 2.61 2.62 2.62 2.62 2.61 2.61 2.60 2.60 2.61 2.62 2.65 2.69 2.74 2.81 2.87 2.97 3.05 3.16 3.26 3.37 3.44 3.53 3.60 3.67 3.72 3.72 3.76 3.83 3.86 3.89 3.85 3.84 3.85 3.91 3.91 3.90 3.90 3.90 3.90 3.88 3.84 3.78 3.69 3.61 3.52 3.45 3.41 3.36 3.33 3.31 3.28 3.27 3.29 3.31 3.34 3.42 3.46 3.49 3.51 3.51 3.50 3.45 3.41 3.37 3.32 3.27 3.23 3.19
2.85 2.83 2.83 2.82 2.81 2.80 2.78 2.76 2.74 2.72 2.70 2.68 2.66 2.65 2.64 2.63 2.63 2.64 2.65 2.64 2.64 2.63 2.62 2.62 2.63 2.63 2.66 2.70 2.78 2.84 2.91 2.97 3.07 3.17 3.27 3.39 3.46 3.55 3.62 3.69 3.73 3.73 3.77 3.83 3.84 3.83 3.85 3.83 3.91 3.92 3.93 3.93 3.94 3.94 3.96 3.96 3.93 3.85 3.75 3.64 3.56 3.49 3.43 3.38 3.35 3.30 3.28 3.29 3.31 3.33 3.41 3.45 3.49 3.53 3.56 3.56 3.53 3.50 3.45 3.39 3.34 3.29 3.24 3.20
2.83 2.83 2.82 2.82 2.81 2.80 2.78 2.77 2.75 2.73 2.71 2.69 2.67 2.66 2.64 2.65 2.65 2.66 2.67 2.67 2.66 2.64 2.64 2.63 2.63 2.65 2.67 2.74 2.79 2.85 2.92 2.99 3.06 3.17 3.29 3.39 3.48 3.58 3.64 3.69 3.74 3.74 3.75 3.79 3.84 3.83 3.84 3.86 3.92 3.93 3.96 3.96 3.95 3.97 3.99 4.02 4.01 3.89 3.77 3.68 3.58 3.50 3.44 3.39 3.37 3.33 3.30 3.30 3.36 3.39 3.42 3.46 3.50 3.56 3.61 3.60 3.55 3.51 3.46 3.39 3.33 3.28 3.23 3.18
