data/EU espacial/F03062017.grd
DSAA
94	94
0.0000	100.0000
0.0000	100.0000
2.4735	6.4983
[rows 38 to 75 of 94, columns 0 to 83 of 94]
2.85 2.84 2.84 2.83 2.82 2.80 2.79 2.77 2.76 2.74 2.72 2.70 2.69 2.67 2.66 2.66 2.66 2.67 2.68 2.68 2.67 2.65 2.65 2.64 2.64 2.65 2.68 2.75 2.79 2.85 2.92 2.99 3.09 3.18 3.28 3.39 3.49 3.56 3.63 3.69 3.74 3.76 3.74 3.75 3.78 3.82 3.83 3.85 3.87 3.89 3.93 3.91 3.93 3.96 3.98 4.00 3.97 3.88 3.77 3.67 3.58 3.50 3.43 3.37 3.33 3.35 3.34 3.34 3.36 3.38 3.42 3.46 3.50 3.55 3.59 3.59 3.57 3.51 3.46 3.38 3.33 3.27 3.22 3.13
2.88 2.86 2.86 2.85 2.84 2.82 2.81 2.79 2.77 2.75 2.73 2.72 2.70 2.69 2.67 2.67 2.67 2.68 2.68 2.68 2.67 2.65 2.65 2.65 2.65 2.66 2.71 2.75 2.79 2.85 2.91 2.99 3.09 3.17 3.27 3.37 3.46 3.54 3.60 3.65 3.70 3.75 3.76 3.74 3.76 3.80 3.82 3.84 3.85 3.87 3.88 3.90 3.90 3.91 3.91 3.91 3.90 3.83 3.73 3.64 3.55 3.47 3.41 3.35 3.31 3.33 3.32 3.33 3.36 3.39 3.42 3.46 3.50 3.52 3.55 3.58 3.54 3.50 3.44 3.37 3.31 3.26 3.15 3.14
2.91 2.89 2.88 2.87 2.86 2.84 2.83 2.81 2.79 2.77 2.76 2.73 2.72 2.70 2.69 2.68 2.68 2.68 2.68 2.67 2.66 2.66 2.65 2.65 2.66 2.66 2.71 2.74 2.78 2.84 2.90 2.97 3.09 3.18 3.26 3.37 3.44 3.52 3.59 3.63 3.69 3.70 3.74 3.77 3.82 3.78 3.80 3.82 3.83 3.84 3.85 3.87 3.86 3.86 3.85 3.83 3.82 3.75 3.68 3.59 3.51 3.44 3.37 3.36 3.32 3.29 3.29 3.30 3.33 3.36 3.40 3.44 3.48 3.51 3.53 3.54 3.51 3.47 3.44 3.37 3.31 3.22 3.17 3.11
2.94 2.93 2.91 2.90 2.88 2.86 2.85 2.83 2.81 2.79 2.77 2.75 2.74 2.72 2.71 2.70 2.69 2.69 2.68 2.66 2.66 2.66 2.65 2.65 2.68 2.66 2.70 2.73 2.77 2.83 2.89 2.96 3.07 3.17 3.27 3.36 3.45 3.52 3.56 3.63 3.69 3.74 3.75 3.77 3.81 3.85 3.87 3.80 3.81 3.84 3.83 3.78 3.79 3.78 3.79 3.76 3.71 3.65 3.58 3.54 3.46 3.39 3.37 3.31 3.27 3.27 3.27 3.28 3.30 3.34 3.37 3.41 3.45 3.48 3.51 3.51 3.49 3.46 3.41 3.35 3.26 3.21 3.14 3.10
2.98 2.96 2.95 2.93 2.91 2.89 2.87 2.85 2.83 2.81 2.79 2.77 2.75 2.74 2.73 2.72 2.71 2.69 2.68 2.67 2.66 2.68 2.68 2.68 2.68 2.68 2.69 2.72 2.76 2.82 2.89 2.97 3.04 3.16 3.25 3.34 3.41 3.49 3.56 3.64 3.70 3.78 3.77 3.80 3.83 3.83 3.89 3.90 3.87 3.87 3.82 3.81 3.78 3.76 3.72 3.66 3.63 3.58 3.54 3.47 3.45 3.38 3.32 3.29 3.25 3.22 3.23 3.25 3.25 3.29 3.34 3.38 3.42 3.45 3.48 3.49 3.47 3.44 3.39 3.31 3.24 3.19 3.13 3.07
3.06 3.00 2.98 2.96 2.94 2.92 2.90 2.88 2.85 2.83 2.81 2.79 2.77 2.76 2.75 2.73 2.71 2.70 2.72 2.71 2.70 2.69 2.67 2.67 2.69 2.68 2.70 2.73 2.76 2.82 2.89 2.96 3.03 3.16 3.25 3.32 3.41 3.49 3.58 3.65 3.70 3.74 3.79 3.78 3.83 3.85 3.94 3.95 3.89 3.83 3.82 3.84 3.83 3.72 3.66 3.74 3.69 3.52 3.46 3.46 3.42 3.33 3.26 3.21 3.17 3.15 3.16 3.19 3.23 3.28 3.32 3.36 3.41 3.44 3.46 3.47 3.45 3.39 3.35 3.30 3.23 3.17 3.11 3.05
3.11 3.07 3.03 3.00 2.98 2.96 2.93 2.90 2.88 2.85 2.83 2.81 2.79 2.77 2.75 2.74 2.73 2.75 2.74 2.73 2.72 2.71 2.70 2.69 2.69 2.69 2.70 2.72 2.73 2.81 2.88 2.96 3.08 3.16 3.27 3.32 3.41 3.49 3.57 3.66 3.72 3.75 3.79 3.83 3.85 3.88 3.94 3.95 3.87 3.87 3.86 3.82 3.80 3.81 3.74 3.69 3.63 3.57 3.50 3.40 3.34 3.27 3.20 3.14 3.09 3.08 3.09 3.14 3.19 3.26 3.30 3.36 3.41 3.44 3.46 3.47 3.45 3.39 3.34 3.29 3.22 3.15 3.09 3.02
3.16 3.12 3.08 3.05 3.01 2.99 2.96 2.94 2.89 2.87 2.85 2.82 2.81 2.78 2.77 2.76 2.78 2.77 2.76 2.76 2.75 2.74 2.73 2.73 2.72 2.71 2.69 2.69 2.72 2.78 2.86 2.96 3.05 3.18 3.28 3.33 3.42 3.50 3.58 3.65 3.73 3.75 3.79 3.83 3.86 3.88 3.89 3.89 3.86 3.86 3.85 3.83 3.82 3.78 3.70 3.65 3.59 3.52 3.47 3.35 3.28 3.21 3.14 3.08 3.02 3.00 3.03 3.09 3.17 3.24 3.30 3.36 3.41 3.45 3.47 3.45 3.43 3.40 3.36 3.32 3.25 3.18 3.09 3.01
3.22 3.18 3.14 3.10 3.06 3.02 2.98 2.96 2.93 2.89 2.87 2.85 2.83 2.84 2.83 2.82 2.81 2.80 2.80 2.79 2.78 2.77 2.76 2.76 2.75 2.72 2.71 2.70 2.71 2.78 2.88 2.98 3.09 3.20 3.27 3.35 3.44 3.52 3.59 3.67 3.74 3.76 3.80 3.84 3.87 3.88 3.89 3.81 3.81 3.85 3.83 3.81 3.80 3.75 3.67 3.61 3.55 3.49 3.43 3.36 3.28 3.17 3.10 3.03 2.96 2.92 2.97 3.06 3.15 3.25 3.33 3.39 3.44 3.49 3.51 3.48 3.45 3.44 3.40 3.35 3.28 3.20 3.11 3.01
3.28 3.25 3.20 3.16 3.11 3.06 3.04 2.99 2.95 2.91 2.92 2.90 2.89 2.88 2.87 2.86 2.85 2.84 2.83 2.83 2.82 2.81 2.80 2.79 2.77 2.76 2.75 2.74 2.74 2.82 2.92 3.01 3.08 3.16 3.29 3.38 3.46 3.54 3.61 3.68 3.76 3.78 3.82 3.85 3.87 3.86 3.81 3.81 3.81 3.84 3.83 3.80 3.80 3.70 3.64 3.58 3.52 3.45 3.38 3.33 3.26 3.14 3.08 3.01 2.95 2.91 2.97 3.08 3.18 3.27 3.35 3.42 3.45 3.49 3.57 3.52 3.50 3.49 3.46 3.40 3.34 3.25 3.16 3.05
3.35 3.32 3.28 3.23 3.19 3.14 3.11 3.07 3.02 2.97 2.94 2.96 2.94 2.92 2.91 2.90 2.89 2.88 2.88 2.87 2.86 2.86 2.85 2.84 2.82 2.81 2.81 2.80 2.83 2.90 2.97 3.04 3.12 3.20 3.32 3.41 3.49 3.56 3.64 3.70 3.74 3.78 3.84 3.86 3.88 3.87 3.87 3.82 3.81 3.84 3.82 3.79 3.73 3.68 3.63 3.56 3.48 3.42 3.34 3.32 3.24 3.18 3.08 3.03 2.99 2.98 3.04 3.12 3.22 3.31 3.36 3.43 3.50 3.59 3.61 3.58 3.58 3.56 3.52 3.48 3.41 3.33 3.24 3.12
3.43 3.39 3.35 3.30 3.26 3.21 3.17 3.11 3.07 3.03 3.00 3.00 2.99 2.97 2.96 2.94 2.94 2.93 2.92 2.92 2.92 2.91 2.90 2.89 2.88 2.87 2.88 2.89 2.93 2.95 3.03 3.10 3.18 3.26 3.36 3.47 3.55 3.63 3.69 3.76 3.76 3.81 3.84 3.86 3.88 3.92 3.83 3.84 3.83 3.81 3.81 3.78 3.72 3.67 3.59 3.52 3.46 3.40 3.33 3.31 3.24 3.19 3.13 3.05 3.06 3.07 3.11 3.18 3.27 3.33 3.42 3.49 3.60 3.65 3.68 3.69 3.66 3.64 3.61 3.55 3.49 3.40 3.31 3.23
3.50 3.46 3.42 3.37 3.33 3.28 3.23 3.18 3.14 3.09 3.05 3.02 2.99 3.02 3.01 3.00 2.98 2.98 2.97 2.98 2.97 2.97 2.97 2.95 2.95 2.95 2.96 2.95 2.99 3.05 3.11 3.19 3.23 3.32 3.39 3.51 3.58 3.65 3.72 3.78 3.83 3.84 3.85 3.90 3.91 3.94 3.90 3.86 3.84 3.82 3.79 3.75 3.70 3.65 3.58 3.51 3.45 3.39 3.34 3.28 3.23 3.20 3.16 3.10 3.10 3.12 3.17 3.22 3.30 3.40 3.49 3.61 3.67 3.72 3.75 3.76 3.75 3.74 3.70 3.65 3.57 3.50 3.42 3.34
3.58 3.54 3.49 3.45 3.39 3.35 3.29 3.24 3.20 3.15 3.12 3.08 3.05 3.03 3.06 3.03 3.03 3.03 3.03 3.03 3.03 3.03 3.01 3.01 3.01 3.02 3.05 3.05 3.09 3.13 3.21 3.27 3.31 3.37 3.43 3.49 3.62 3.69 3.75 3.83 3.88 3.89 3.92 3.94 3.93 3.94 3.94 3.89 3.88 3.85 3.82 3.73 3.70 3.65 3.59 3.53 3.47 3.40 3.34 3.29 3.24 3.25 3.20 3.17 3.16 3.18 3.20 3.28 3.37 3.47 3.57 3.68 3.75 3.81 3.84 3.82 3.82 3.82 3.78 3.74 3.68 3.61 3.53 3.45
3.66 3.62 3.57 3.52 3.46 3.40 3.35 3.31 3.26 3.22 3.18 3.14 3.11 3.09 3.09 3.10 3.09 3.08 3.07 3.07 3.07 3.06 3.06 3.07 3.08 3.11 3.13 3.14 3.19 3.23 3.29 3.34 3.39 3.44 3.49 3.55 3.65 3.71 3.80 3.84 3.91 3.95 3.95 3.96 3.97 3.98 3.92 3.91 3.89 3.87 3.82 3.78 3.72 3.66 3.61 3.56 3.49 3.43 3.37 3.31 3.26 3.26 3.23 3.20 3.20 3.22 3.25 3.34 3.44 3.55 3.65 3.77 3.84 3.86 3.91 3.93 3.94 3.93 3.90 3.85 3.79 3.72 3.65 3.57
3.75 3.71 3.65 3.59 3.53 3.47 3.42 3.37 3.31 3.27 3.23 3.19 3.16 3.13 3.11 3.13 3.13 3.12 3.13 3.13 3.12 3.13 3.13 3.14 3.16 3.16 3.19 3.23 3.27 3.31 3.36 3.42 3.46 3.51 3.57 3.62 3.67 3.71 3.82 3.87 3.92 3.97 4.01 3.99 4.00 4.00 3.99 3.93 3.91 3.88 3.84 3.80 3.72 3.66 3.62 3.57 3.49 3.42 3.36 3.31 3.30 3.26 3.23 3.22 3.22 3.23 3.29 3.39 3.50 3.62 3.73 3.80 3.92 3.97 4.02 4.05 4.05 4.04 4.01 3.96 3.91 3.84 3.76 3.68
3.86 3.80 3.73 3.67 3.60 3.54 3.48 3.42 3.38 3.33 3.29 3.25 3.22 3.20 3.18 3.17 3.15 3.18 3.18 3.17 3.18 3.19 3.20 3.22 3.23 3.24 3.27 3.30 3.35 3.39 3.44 3.49 3.53 3.60 3.64 3.68 3.72 3.76 3.86 3.90 3.95 4.00 4.03 4.02 4.03 4.03 4.02 3.98 3.93 3.89 3.87 3.81 3.72 3.67 3.63 3.56 3.50 3.42 3.37 3.31 3.31 3.26 3.24 3.23 3.23 3.24 3.33 3.43 3.53 3.68 3.80 3.90 3.99 4.08 4.14 4.16 4.16 4.15 4.12 4.08 4.02 3.95 3.87 3.79
3.94 3.88 3.81 3.74 3.67 3.61 3.55 3.49 3.43 3.38 3.35 3.32 3.29 3.26 3.25 3.23 3.22 3.19 3.22 3.23 3.24 3.25 3.27 3.28 3.30 3.31 3.35 3.38 3.43 3.47 3.52 3.57 3.61 3.67 3.71 3.75 3.79 3.82 3.90 3.94 3.99 4.03 4.07 4.09 4.10 4.06 4.05 4.01 3.95 3.97 3.88 3.82 3.74 3.68 3.63 3.56 3.50 3.43 3.38 3.32 3.31 3.27 3.24 3.23 3.23 3.23 3.28 3.43 3.60 3.77 3.90 4.00 4.08 4.17 4.25 4.27 4.26 4.24 4.22 4.19 4.12 4.05 3.97 3.89
4.02 3.96 3.89 3.82 3.75 3.68 3.61 3.55 3.49 3.44 3.39 3.35 3.32 3.29 3.27 3.29 3.26 3.25 3.25 3.28 3.30 3.31 3.33 3.35 3.37 3.38 3.42 3.46 3.50 3.55 3.60 3.65 3.71 3.75 3.79 3.82 3.85 3.89 3.92 3.95 3.98 4.00 3.99 4.12 4.13 4.13 4.13 4.10 4.03 3.98 3.93 3.87 3.75 3.70 3.63 3.57 3.50 3.45 3.39 3.34 3.33 3.29 3.27 3.25 3.24 3.21 3.29 3.45 3.62 3.80 3.95 4.06 4.14 4.23 4.31 4.34 4.32 4.30 4.29 4.24 4.17 4.10 4.02 3.95
4.09 4.03 3.96 3.89 3.82 3.75 3.68 3.61 3.56 3.50 3.45 3.41 3.38 3.35 3.33 3.32 3.32 3.31 3.31 3.31 3.35 3.37 3.39 3.42 3.42 3.46 3.50 3.54 3.58 3.63 3.68 3.75 3.79 3.82 3.86 3.89 3.92 3.95 3.97 4.00 4.03 4.05 4.05 4.06 4.08 4.07 4.00 4.06 4.07 4.01 3.95 3.89 3.80 3.71 3.65 3.59 3.53 3.47 3.41 3.38 3.35 3.31 3.27 3.23 3.24 3.29 3.36 3.50 3.66 3.82 3.96 4.06 4.14 4.22 4.29 4.33 4.33 4.31 4.30 4.28 4.23 4.17 4.10 4.03
4.15 4.10 4.03 3.96 3.89 3.82 3.75 3.68 3.61 3.56 3.51 3.47 3.44 3.41 3.39 3.38 3.37 3.37 3.37 3.37 3.38 3.42 3.43 3.46 3.49 3.53 3.57 3.61 3.66 3.71 3.78 3.82 3.86 3.90 3.93 3.95 3.98 4.01 4.03 4.06 4.09 4.11 4.11 4.12 4.14 4.13 4.00 3.96 4.10 4.04 3.98 3.91 3.82 3.74 3.67 3.61 3.55 3.49 3.44 3.40 3.38 3.29 3.28 3.29 3.31 3.36 3.41 3.54 3.69 3.83 3.95 4.05 4.14 4.21 4.27 4.32 4.33 4.33 4.32 4.30 4.26 4.22 4.15 4.08
4.23 4.17 4.11 4.04 3.96 3.88 3.81 3.74 3.67 3.62 3.57 3.53 3.49 3.47 3.45 3.44 3.43 3.43 3.43 3.43 3.44 3.49 3.51 3.52 3.56 3.60 3.64 3.69 3.74 3.81 3.86 3.90 3.94 3.97 4.00 4.02 4.04 4.07 4.09 4.11 4.14 4.16 4.17 4.18 4.12 4.11 4.08 4.05 4.03 3.98 3.92 3.85 3.79 3.68 3.64 3.58 3.53 3.48 3.42 3.41 3.38 3.34 3.33 3.34 3.37 3.42 3.45 3.57 3.69 3.82 3.94 4.04 4.13 4.19 4.25 4.29 4.32 4.33 4.32 4.30 4.28 4.24 4.19 4.14
4.30 4.25 4.19 4.12 4.04 3.96 3.88 3.80 3.73 3.67 3.62 3.58 3.55 3.52 3.51 3.50 3.49 3.48 3.48 3.49 3.50 3.55 3.58 3.61 3.62 3.67 3.72 3.77 3.83 3.88 3.92 3.97 4.01 4.04 4.06 4.08 4.10 4.12 4.14 4.16 4.19 4.21 4.22 4.20 4.20 4.19 4.17 4.16 4.10 4.04 3.98 3.91 3.84 3.77 3.69 3.63 3.58 3.52 3.48 3.45 3.42 3.39 3.38 3.39 3.41 3.46 3.48 3.59 3.70 3.81 3.92 4.02 4.10 4.17 4.22 4.26 4.29 4.30 4.30 4.30 4.29 4.27 4.23 4.19
4.39 4.34 4.27 4.20 4.12 4.04 3.95 3.87 3.79 3.73 3.67 3.63 3.60 3.58 3.56 3.55 3.54 3.54 3.54 3.55 3.57 3.60 3.63 3.67 3.69 3.74 3.79 3.84 3.91 3.96 4.00 4.02 4.06 4.08 4.09 4.13 4.14 4.15 4.16 4.19 4.19 4.21 4.25 4.26 4.27 4.26 4.29 4.27 4.20 4.14 4.03 3.96 3.89 3.82 3.76 3.70 3.62 3.57 3.50 3.48 3.45 3.43 3.40 3.41 3.42 3.47 3.50 3.60 3.71 3.81 3.91 4.00 4.07 4.13 4.19 4.23 4.26 4.27 4.28 4.28 4.29 4.29 4.27 4.25
4.48 4.42 4.36 4.29 4.21 4.12 4.02 3.94 3.85 3.78 3.72 3.68 3.65 3.63 3.61 3.60 3.61 3.61 3.61 3.61 3.62 3.64 3.68 3.70 3.75 3.80 3.84 3.89 3.95 4.03 4.08 4.11 4.14 4.16 4.17 4.18 4.19 4.17 4.21 4.23 4.24 4.27 4.31 4.33 4.37 4.37 4.34 4.33 4.27 4.19 4.11 4.01 3.93 3.86 3.80 3.74 3.66 3.60 3.53 3.52 3.48 3.44 3.43 3.44 3.45 3.49 3.51 3.60 3.71 3.81 3.91 3.99 4.05 4.11 4.16 4.19 4.22 4.24 4.25 4.27 4.29 4.31 4.30 4.30
4.58 4.52 4.45 4.38 4.29 4.20 4.11 4.00 3.91 3.83 3.77 3.73 3.70 3.68 3.68 3.67 3.67 3.67 3.67 3.68 3.68 3.67 3.73 3.76 3.81 3.85 3.90 3.96 4.01 4.10 4.15 4.19 4.22 4.23 4.23 4.23 4.22 4.21 4.22 4.24 4.28 4.31 4.39 4.41 4.41 4.42 4.40 4.35 4.32 4.24 4.15 4.08 3.97 3.91 3.84 3.77 3.69 3.63 3.56 3.55 3.51 3.49 3.46 3.46 3.47 3.50 3.51 3.61 3.72 3.82 3.91 3.98 4.03 4.09 4.13 4.17 4.19 4.20 4.22 4.25 4.29 4.31 4.35 4.36
4.67 4.62 4.55 4.47 4.38 4.29 4.19 4.08 3.97 3.88 3.81 3.78 3.77 3.75 3.74 3.73 3.73 3.73 3.73 3.74 3.71 3.71 3.75 3.81 3.84 3.90 3.96 4.02 4.08 4.13 4.21 4.26 4.30 4.31 4.29 4.27 4.25 4.22 4.23 4.27 4.34 4.38 4.41 4.44 4.46 4.46 4.45 4.41 4.36 4.27 4.18 4.09 4.01 3.92 3.87 3.80 3.72 3.66 3.59 3.55 3.54 3.52 3.48 3.48 3.48 3.50 3.52 3.62 3.74 3.84 3.92 3.98 4.03 4.06 4.11 4.15 4.16 4.18 4.19 4.22 4.27 4.34 4.40 4.44
4.78 4.72 4.65 4.57 4.48 4.39 4.28 4.17 4.06 3.94 3.87 3.85 3.83 3.82 3.80 3.79 3.79 3.78 3.79 3.79 3.76 3.77 3.80 3.85 3.89 3.95 4.01 4.07 4.13 4.18 4.26 4.31 4.36 4.37 4.33 4.30 4.28 4.23 4.26 4.29 4.34 4.38 4.42 4.44 4.46 4.47 4.49 4.45 4.35 4.25 4.18 4.09 4.01 3.95 3.89 3.82 3.74 3.66 3.62 3.58 3.57 3.54 3.52 3.51 3.50 3.50 3.53 3.64 3.75 3.86 3.94 3.99 4.03 4.06 4.08 4.14 4.17 4.18 4.19 4.20 4.28 4.37 4.45 4.52
4.89 4.83 4.76 4.68 4.59 4.49 4.38 4.27 4.15 4.05 3.98 3.93 3.90 3.89 3.88 3.86 3.85 3.84 3.84 3.85 3.84 3.82 3.87 3.91 3.96 4.02 4.05 4.11 4.17 4.28 4.32 4.36 4.40 4.40 4.37 4.33 4.29 4.28 4.28 4.31 4.33 4.37 4.40 4.42 4.44 4.46 4.46 4.42 4.32 4.23 4.13 4.05 4.00 3.95 3.88 3.83 3.77 3.69 3.63 3.59 3.59 3.56 3.53 3.52 3.53 3.55 3.56 3.66 3.76 3.86 3.95 4.01 4.05 4.09 4.12 4.13 4.19 4.22 4.24 4.28 4.31 4.40 4.48 4.54
5.00 4.95 4.88 4.80 4.71 4.61 4.50 4.38 4.27 4.18 4.11 4.06 4.00 3.96 3.93 3.91 3.90 3.89 3.89 3.89 3.89 3.87 3.91 3.96 4.00 4.06 4.12 4.17 4.22 4.29 4.33 4.36 4.37 4.37 4.35 4.32 4.29 4.29 4.28 4.30 4.32 4.34 4.36 4.38 4.39 4.40 4.38 4.34 4.28 4.19 4.11 4.03 3.97 3.90 3.87 3.82 3.77 3.70 3.64 3.60 3.60 3.59 3.56 3.56 3.58 3.61 3.61 3.70 3.79 3.88 3.96 4.03 4.08 4.13 4.17 4.19 4.24 4.28 4.31 4.35 4.42 4.46 4.52 4.56
5.11 5.06 5.00 4.92 4.82 4.72 4.60 4.49 4.38 4.27 4.19 4.13 4.08 4.04 4.00 3.98 3.96 3.94 3.94 3.94 3.95 3.97 3.98 4.02 4.07 4.08 4.14 4.19 4.24 4.30 4.33 4.35 4.35 4.35 4.33 4.30 4.28 4.28 4.28 4.28 4.29 4.31 4.33 4.33 4.33 4.33 4.31 4.27 4.22 4.15 4.06 4.00 3.95 3.89 3.83 3.80 3.76 3.70 3.66 3.62 3.60 3.60 3.59 3.60 3.62 3.66 3.66 3.74 3.82 3.91 3.99 4.06 4.13 4.18 4.23 4.26 4.31 4.36 4.38 4.44 4.50 4.53 4.57 4.60
5.27 5.21 5.13 5.03 4.93 4.83 4.72 4.59 4.48 4.39 4.30 4.23 4.17 4.12 4.08 4.04 4.01 3.99 3.99 3.97 3.98 4.00 4.00 4.05 4.10 4.15 4.16 4.21 4.25 4.31 4.33 4.34 4.34 4.32 4.30 4.28 4.28 4.26 4.26 4.25 4.25 4.26 4.27 4.28 4.26 4.25 4.23 4.19 4.14 4.09 4.03 3.98 3.92 3.86 3.81 3.76 3.72 3.69 3.66 3.64 3.66 3.62 3.62 3.64 3.66 3.70 3.70 3.78 3.86 3.94 4.02 4.10 4.17 4.23 4.29 4.35 4.40 4.43 4.47 4.53 4.58 4.64 4.64 4.66
5.39 5.33 5.25 5.15 5.04 4.93 4.81 4.70 4.59 4.50 4.41 4.33 4.27 4.20 4.15 4.10 4.06 4.04 4.03 4.03 4.03 4.04 4.03 4.08 4.13 4.18 4.18 4.26 4.30 4.32 4.34 4.33 4.32 4.30 4.28 4.26 4.26 4.24 4.23 4.22 4.22 4.22 4.22 4.22 4.21 4.17 4.15 4.11 4.07 4.02 3.97 3.93 3.88 3.83 3.79 3.75 3.71 3.67 3.66 3.65 3.64 3.64 3.65 3.67 3.70 3.74 3.75 3.82 3.90 3.98 4.06 4.14 4.22 4.29 4.36 4.42 4.48 4.52 4.57 4.61 4.66 4.71 4.71 4.72
5.52 5.45 5.37 5.27 5.15 5.04 4.92 4.81 4.70 4.60 4.50 4.42 4.35 4.28 4.22 4.16 4.11 4.08 4.05 4.04 4.05 4.06 4.06 4.11 4.16 4.21 4.20 4.25 4.32 4.33 4.34 4.32 4.31 4.28 4.26 4.24 4.23 4.21 4.19 4.19 4.18 4.18 4.17 4.16 4.14 4.12 4.06 4.03 3.99 3.95 3.91 3.88 3.85 3.80 3.76 3.73 3.68 3.65 3.65 3.64 3.65 3.67 3.68 3.70 3.74 3.73 3.80 3.87 3.94 4.02 4.11 4.19 4.27 4.36 4.44 4.51 4.57 4.61 4.66 4.70 4.75 4.79 4.79 4.79
5.64 5.58 5.48 5.37 5.25 5.13 5.02 4.90 4.79 4.69 4.59 4.50 4.42 4.35 4.28 4.22 4.16 4.11 4.07 4.06 4.06 4.08 4.08 4.13 4.19 4.24 4.23 4.28 4.34 4.36 4.34 4.32 4.29 4.27 4.24 4.23 4.20 4.17 4.16 4.15 4.15 4.14 4.12 4.10 4.07 4.04 3.98 3.95 3.90 3.88 3.85 3.83 3.80 3.77 3.73 3.70 3.66 3.64 3.63 3.64 3.64 3.66 3.70 3.73 3.77 3.77 3.84 3.91 3.98 4.07 4.16 4.25 4.35 4.43 4.52 4.59 4.65 4.70 4.75 4.79 4.83 4.87 4.87 4.87
5.76 5.69 5.58 5.46 5.34 5.22 5.10 4.99 4.88 4.77 4.67 4.58 4.50 4.41 4.34 4.27 4.20 4.14 4.09 4.07 4.08 4.10 4.10 4.15 4.21 4.24 4.29 4.32 4.37 4.37 4.35 4.32 4.28 4.26 4.23 4.20 4.17 4.14 4.12 4.12 4.12 4.11 4.09 4.06 4.01 3.97 3.92 3.86 3.83 3.81 3.79 3.78 3.76 3.73 3.71 3.67 3.64 3.63 3.63 3.63 3.64 3.66 3.71 3.75 3.80 3.81 3.86 3.94 4.02 4.11 4.20 4.30 4.41 4.50 4.60 4.68 4.73 4.78 4.83 4.87 4.91 4.94 4.97 4.96
5.88 5.79 5.66 5.53 5.41 5.29 5.17 5.06 4.95 4.85 4.75 4.65 4.56 4.47 4.39 4.32 4.25 4.17 4.11 4.08 4.10 4.12 4.12 4.17 4.23 4.27 4.33 4.35 4.41 4.39 4.37 4.33 4.29 4.25 4.22 4.18 4.14 4.10 4.09 4.09 4.09 4.08 4.07 4.02 3.97 3.91 3.84 3.78 3.77 3.75 3.74 3.73 3.73 3.69 3.70 3.66 3.65 3.65 3.65 3.66 3.68 3.70 3.72 3.76 3.82 3.84 3.90 3.98 4.06 4.15 4.25 4.35 4.43 4.54 4.68 4.76 4.79 4.83 4.90 4.95 4.98 5.01 5.04 5.06
5.89 5.81 5.69 5.57 5.45 5.34 5.23 5.12 5.01 4.91 4.81 4.71 4.61 4.53 4.44 4.37 4.30 4.23 4.15 4.12 4.13 4.15 4.13 4.18 4.23 4.28 4.33 4.42 4.40 4.41 4.37 4.33 4.29 4.25 4.22 4.18 4.14 4.09 4.09 4.08 4.08 4.07 4.04 3.99 3.93 3.86 3.79 3.77 3.76 3.70 3.73 3.73 3.72 3.70 3.68 3.65 3.64 3.65 3.66 3.67 3.69 3.72 3.77 3.80 3.81 3.89 3.93 4.00 4.08 4.16 4.24 4.35 4.46 4.57 4.70 4.77 4.82 4.87 4.92 4.97 5.02 5.05 5.08 5.10
