data/EU espacial/F10062017.grd
DSAA
94	94
0.0000	100.0000
0.0000	100.0000
1.7085	6.8041
[rows 0 to 37 of 94, columns 0 to 83 of 94]
2.56 2.59 2.63 2.66 2.69 2.71 2.73 2.79 2.80 2.79 2.78 2.76 2.73 2.69 2.65 2.60 2.54 2.47 2.41 2.38 2.39 2.44 2.46 2.48 2.50 2.51 2.54 2.63 2.66 2.66 2.69 2.72 2.78 2.82 2.83 2.88 2.93 2.98 3.00 3.02 3.04 3.06 3.08 3.10 3.12 3.13 3.14 3.25 3.26 3.26 3.27 3.27 3.28 3.28 3.28 3.29 3.30 3.35 3.36 3.41 3.45 3.49 3.52 3.55 3.57 3.61 3.62 3.63 3.65 3.66 3.65 3.66 3.66 3.66 3.67 3.64 3.58 3.53 3.48 3.43 3.38 3.34 3.29 3.26
2.63 2.65 2.69 2.72 2.75 2.78 2.80 2.81 2.81 2.86 2.84 2.82 2.79 2.75 2.70 2.64 2.58 2.52 2.46 2.43 2.42 2.45 2.47 2.48 2.50 2.53 2.54 2.62 2.64 2.67 2.67 2.71 2.76 2.81 2.83 2.88 2.92 2.97 3.00 3.02 3.04 3.06 3.09 3.11 3.13 3.14 3.20 3.21 3.27 3.28 3.28 3.29 3.30 3.30 3.32 3.32 3.34 3.38 3.39 3.43 3.47 3.51 3.54 3.57 3.59 3.61 3.63 3.64 3.65 3.66 3.65 3.65 3.65 3.64 3.63 3.60 3.56 3.50 3.45 3.40 3.35 3.30 3.26 3.22
2.70 2.72 2.76 2.79 2.82 2.85 2.87 2.88 2.89 2.88 2.91 2.89 2.85 2.81 2.76 2.70 2.64 2.58 2.52 2.48 2.46 2.46 2.48 2.49 2.51 2.53 2.61 2.60 2.62 2.65 2.66 2.69 2.73 2.77 2.82 2.86 2.91 2.95 2.98 3.01 3.04 3.06 3.09 3.11 3.13 3.19 3.21 3.22 3.23 3.29 3.30 3.31 3.32 3.33 3.36 3.37 3.39 3.42 3.46 3.47 3.50 3.53 3.56 3.59 3.61 3.61 3.64 3.65 3.65 3.66 3.64 3.63 3.63 3.61 3.59 3.56 3.52 3.47 3.41 3.36 3.31 3.27 3.22 3.18
2.77 2.80 2.83 2.86 2.89 2.92 2.95 2.97 2.97 2.97 2.95 2.93 2.93 2.88 2.83 2.77 2.70 2.64 2.58 2.54 2.51 2.49 2.48 2.51 2.51 2.58 2.60 2.60 2.61 2.64 2.67 2.67 2.71 2.76 2.80 2.85 2.89 2.93 2.97 2.99 3.02 3.06 3.09 3.11 3.14 3.20 3.22 3.23 3.25 3.31 3.32 3.33 3.35 3.39 3.40 3.41 3.44 3.47 3.50 3.50 3.53 3.56 3.58 3.59 3.61 3.62 3.63 3.65 3.65 3.65 3.62 3.61 3.60 3.58 3.55 3.52 3.47 3.42 3.37 3.32 3.27 3.22 3.18 3.13
2.84 2.87 2.90 2.93 2.97 3.00 3.03 3.05 3.06 3.06 3.05 3.02 2.97 2.96 2.90 2.84 2.77 2.70 2.64 2.59 2.55 2.52 2.51 2.52 2.57 2.57 2.58 2.60 2.59 2.62 2.65 2.68 2.72 2.74 2.79 2.83 2.88 2.92 2.95 2.98 3.01 3.05 3.09 3.16 3.18 3.21 3.23 3.25 3.27 3.29 3.31 3.35 3.40 3.42 3.44 3.46 3.49 3.51 3.54 3.57 3.56 3.59 3.60 3.62 3.63 3.64 3.64 3.65 3.65 3.64 3.60 3.59 3.56 3.54 3.51 3.47 3.43 3.38 3.33 3.27 3.22 3.17 3.13 3.08
2.90 2.93 2.97 3.01 3.04 3.08 3.11 3.14 3.15 3.16 3.14 3.11 3.07 3.01 2.94 2.91 2.83 2.76 2.69 2.63 2.59 2.55 2.53 2.55 2.56 2.56 2.57 2.58 2.56 2.59 2.62 2.66 2.69 2.73 2.77 2.82 2.86 2.90 2.94 2.97 3.01 3.04 3.12 3.15 3.18 3.21 3.24 3.26 3.30 3.31 3.33 3.34 3.42 3.45 3.47 3.50 3.53 3.55 3.57 3.60 3.63 3.60 3.62 3.63 3.64 3.65 3.65 3.64 3.64 3.63 3.60 3.56 3.53 3.50 3.46 3.42 3.38 3.33 3.28 3.23 3.17 3.12 3.07 3.03
2.96 3.00 3.03 3.07 3.11 3.16 3.19 3.23 3.25 3.26 3.24 3.21 3.16 3.10 3.02 2.94 2.89 2.81 2.74 2.67 2.62 2.58 2.58 2.55 2.53 2.55 2.55 2.56 2.54 2.57 2.60 2.63 2.67 2.71 2.76 2.80 2.85 2.88 2.92 2.96 3.00 3.08 3.11 3.15 3.18 3.21 3.25 3.27 3.31 3.32 3.34 3.36 3.44 3.47 3.51 3.54 3.56 3.59 3.61 3.63 3.65 3.62 3.63 3.65 3.66 3.66 3.65 3.64 3.62 3.60 3.57 3.54 3.49 3.46 3.42 3.38 3.33 3.28 3.23 3.17 3.12 3.07 3.02 2.97
3.00 3.05 3.09 3.13 3.18 3.22 3.27 3.31 3.34 3.36 3.34 3.30 3.25 3.18 3.10 3.01 2.92 2.86 2.78 2.70 2.64 2.63 2.58 2.55 2.52 2.53 2.53 2.54 2.52 2.54 2.58 2.61 2.65 2.70 2.78 2.79 2.83 2.87 2.91 2.95 2.99 3.07 3.10 3.14 3.18 3.22 3.25 3.28 3.31 3.33 3.35 3.40 3.42 3.46 3.53 3.57 3.60 3.62 3.63 3.63 3.65 3.63 3.64 3.65 3.66 3.66 3.65 3.63 3.60 3.58 3.54 3.51 3.45 3.41 3.37 3.33 3.28 3.23 3.18 3.12 3.07 3.01 2.96 2.93
3.05 3.10 3.14 3.19 3.23 3.28 3.33 3.38 3.43 3.46 3.44 3.39 3.33 3.26 3.17 3.08 2.97 2.87 2.80 2.72 2.70 2.64 2.59 2.54 2.52 2.50 2.51 2.52 2.49 2.52 2.55 2.59 2.63 2.68 2.76 2.81 2.81 2.86 2.90 2.94 3.01 3.05 3.08 3.13 3.17 3.21 3.26 3.30 3.31 3.32 3.34 3.39 3.42 3.47 3.52 3.60 3.63 3.64 3.64 3.64 3.64 3.65 3.63 3.65 3.66 3.67 3.65 3.61 3.58 3.53 3.50 3.45 3.41 3.37 3.33 3.28 3.23 3.18 3.13 3.08 3.02 2.96 2.90 2.87
3.09 3.13 3.19 3.23 3.28 3.33 3.38 3.44 3.49 3.55 3.52 3.45 3.38 3.31 3.24 3.12 3.01 2.90 2.79 2.77 2.70 2.64 2.58 2.54 2.51 2.49 2.47 2.50 2.47 2.49 2.53 2.57 2.61 2.67 2.71 2.79 2.84 2.84 2.89 2.96 3.00 3.03 3.07 3.10 3.15 3.20 3.25 3.29 3.30 3.31 3.35 3.37 3.41 3.46 3.52 3.58 3.66 3.64 3.63 3.62 3.62 3.63 3.61 3.62 3.64 3.66 3.63 3.58 3.54 3.49 3.45 3.40 3.36 3.32 3.28 3.23 3.18 3.13 3.09 3.03 2.97 2.91 2.87 2.81
3.13 3.16 3.21 3.26 3.31 3.36 3.41 3.46 3.51 3.55 3.53 3.47 3.40 3.33 3.25 3.14 3.03 2.95 2.84 2.76 2.68 2.64 2.59 2.54 2.51 2.48 2.47 2.49 2.50 2.48 2.51 2.56 2.60 2.66 2.70 2.77 2.82 2.90 2.90 2.94 2.98 3.01 3.04 3.08 3.12 3.17 3.22 3.26 3.27 3.28 3.33 3.35 3.39 3.44 3.50 3.55 3.59 3.61 3.60 3.59 3.58 3.59 3.60 3.58 3.59 3.60 3.57 3.53 3.49 3.44 3.40 3.33 3.31 3.27 3.23 3.18 3.14 3.09 3.04 2.99 2.93 2.89 2.83 2.78
3.15 3.19 3.23 3.29 3.33 3.37 3.42 3.46 3.49 3.51 3.49 3.44 3.38 3.31 3.23 3.13 3.06 2.95 2.85 2.75 2.69 2.62 2.56 2.54 2.51 2.48 2.47 2.46 2.51 2.48 2.51 2.55 2.59 2.64 2.68 2.74 2.81 2.88 2.92 2.92 2.95 2.99 3.02 3.05 3.08 3.12 3.16 3.20 3.22 3.27 3.29 3.32 3.36 3.40 3.45 3.49 3.51 3.51 3.54 3.53 3.53 3.53 3.53 3.54 3.51 3.51 3.49 3.46 3.42 3.37 3.34 3.28 3.24 3.22 3.18 3.14 3.09 3.06 3.01 2.95 2.90 2.86 2.81 2.76
3.17 3.21 3.25 3.28 3.34 3.37 3.41 3.44 3.46 3.46 3.45 3.40 3.35 3.28 3.24 3.15 3.04 2.94 2.84 2.75 2.68 2.62 2.56 2.51 2.51 2.48 2.47 2.47 2.51 2.48 2.50 2.54 2.58 2.63 2.69 2.73 2.82 2.86 2.89 2.93 2.92 2.96 2.98 3.01 3.03 3.07 3.10 3.14 3.20 3.22 3.25 3.28 3.31 3.35 3.39 3.41 3.43 3.44 3.43 3.46 3.45 3.45 3.45 3.46 3.42 3.41 3.39 3.37 3.33 3.30 3.28 3.22 3.18 3.17 3.13 3.09 3.06 3.02 2.97 2.92 2.89 2.84 2.79 2.75
3.19 3.22 3.26 3.29 3.33 3.36 3.39 3.41 3.42 3.42 3.39 3.36 3.30 3.29 3.20 3.11 3.01 2.92 2.83 2.74 2.68 2.61 2.56 2.51 2.48 2.48 2.47 2.47 2.51 2.47 2.50 2.53 2.57 2.62 2.68 2.73 2.80 2.84 2.87 2.90 2.90 2.92 2.95 2.96 2.98 3.01 3.03 3.08 3.14 3.16 3.19 3.22 3.26 3.29 3.32 3.34 3.36 3.36 3.36 3.34 3.37 3.36 3.36 3.36 3.36 3.31 3.30 3.28 3.25 3.23 3.18 3.16 3.13 3.10 3.08 3.07 3.03 2.99 2.94 2.89 2.86 2.82 2.78 2.74
3.20 3.23 3.26 3.28 3.31 3.35 3.36 3.37 3.38 3.37 3.34 3.31 3.31 3.23 3.15 3.07 2.98 2.89 2.80 2.72 2.64 2.60 2.55 2.51 2.47 2.44 2.46 2.46 2.45 2.47 2.49 2.52 2.55 2.65 2.70 2.74 2.78 2.83 2.86 2.88 2.90 2.91 2.93 2.92 2.93 2.94 2.96 3.05 3.07 3.10 3.13 3.17 3.20 3.23 3.26 3.27 3.28 3.28 3.28 3.26 3.25 3.27 3.26 3.26 3.25 3.20 3.19 3.18 3.16 3.15 3.13 3.09 3.07 3.04 3.04 3.03 3.00 2.95 2.91 2.90 2.86 2.81 2.77 2.73
3.20 3.23 3.25 3.27 3.29 3.31 3.33 3.34 3.33 3.32 3.29 3.31 3.25 3.18 3.10 3.02 2.94 2.86 2.77 2.70 2.62 2.59 2.54 2.50 2.46 2.44 2.42 2.45 2.39 2.46 2.48 2.51 2.59 2.65 2.69 2.73 2.77 2.80 2.84 2.86 2.87 2.88 2.88 2.86 2.86 2.88 2.89 2.97 3.00 3.03 3.07 3.11 3.14 3.17 3.19 3.20 3.21 3.20 3.19 3.18 3.16 3.14 3.16 3.15 3.14 3.14 3.08 3.08 3.07 3.06 3.09 3.03 3.01 3.05 3.03 3.01 2.98 2.92 2.92 2.88 2.84 2.80 2.76 2.72
3.20 3.22 3.24 3.26 3.27 3.28 3.29 3.30 3.29 3.27 3.24 3.25 3.19 3.13 3.05 2.98 2.90 2.82 2.74 2.67 2.60 2.56 2.52 2.48 2.45 2.43 2.41 2.40 2.38 2.44 2.47 2.54 2.58 2.64 2.69 2.73 2.77 2.80 2.83 2.84 2.85 2.84 2.84 2.83 2.80 2.81 2.83 2.85 2.92 2.96 3.01 3.05 3.09 3.11 3.13 3.14 3.14 3.13 3.11 3.09 3.06 3.04 3.02 3.03 3.03 3.03 2.98 2.97 2.98 2.98 3.03 3.03 3.01 3.01 2.99 2.98 2.94 2.90 2.90 2.86 2.82 2.78 2.74 2.71
3.20 3.22 3.23 3.24 3.25 3.25 3.25 3.26 3.24 3.22 3.24 3.19 3.13 3.07 3.00 2.95 2.87 2.78 2.70 2.63 2.57 2.56 2.52 2.48 2.44 2.41 2.40 2.39 2.37 2.43 2.46 2.53 2.58 2.63 2.68 2.73 2.77 2.81 2.83 2.83 2.83 2.82 2.80 2.78 2.76 2.74 2.75 2.76 2.84 2.90 2.95 3.00 3.04 3.06 3.07 3.08 3.07 3.06 3.03 3.00 2.97 2.94 2.92 2.89 2.91 2.91 2.87 2.87 2.89 2.96 2.98 2.96 2.96 2.96 2.96 2.95 2.91 2.91 2.88 2.84 2.80 2.77 2.73 2.70
3.19 3.21 3.21 3.22 3.22 3.22 3.22 3.21 3.19 3.17 3.18 3.13 3.09 3.03 2.97 2.89 2.82 2.74 2.67 2.59 2.57 2.53 2.49 2.46 2.43 2.41 2.40 2.33 2.35 2.39 2.46 2.51 2.57 2.62 2.67 2.73 2.76 2.82 2.81 2.82 2.81 2.80 2.77 2.74 2.71 2.67 2.65 2.67 2.77 2.84 2.91 2.96 2.99 3.01 3.01 3.02 3.01 2.99 2.95 2.92 2.88 2.85 2.82 2.80 2.77 2.79 2.77 2.80 2.86 2.89 2.91 2.90 2.91 2.92 2.93 2.91 2.88 2.89 2.86 2.82 2.79 2.76 2.72 2.68
3.18 3.19 3.19 3.20 3.19 3.19 3.18 3.17 3.15 3.16 3.13 3.08 3.03 2.97 2.91 2.84 2.76 2.69 2.62 2.57 2.53 2.49 2.46 2.43 2.41 2.39 2.38 2.31 2.31 2.37 2.45 2.47 2.53 2.58 2.64 2.68 2.75 2.78 2.80 2.76 2.76 2.75 2.72 2.69 2.66 2.62 2.60 2.64 2.75 2.81 2.87 2.93 2.95 2.96 2.96 2.96 2.95 2.93 2.89 2.85 2.81 2.78 2.76 2.73 2.71 2.74 2.70 2.75 2.79 2.82 2.85 2.85 2.86 2.88 2.89 2.87 2.88 2.86 2.84 2.81 2.78 2.75 2.70 2.67
3.15 3.16 3.16 3.16 3.16 3.15 3.14 3.18 3.15 3.11 3.07 3.02 2.97 2.91 2.85 2.78 2.71 2.65 2.58 2.52 2.49 2.46 2.43 2.40 2.38 2.37 2.36 2.36 2.30 2.35 2.38 2.46 2.52 2.56 2.61 2.66 2.70 2.74 2.75 2.74 2.73 2.72 2.71 2.68 2.65 2.65 2.63 2.67 2.71 2.79 2.84 2.87 2.89 2.90 2.90 2.89 2.87 2.85 2.81 2.78 2.74 2.71 2.68 2.66 2.69 2.70 2.69 2.68 2.73 2.77 2.80 2.80 2.82 2.83 2.84 2.87 2.86 2.84 2.82 2.80 2.77 2.73 2.70 2.67
3.12 3.13 3.13 3.13 3.12 3.11 3.10 3.13 3.10 3.05 3.01 2.96 2.91 2.85 2.79 2.72 2.66 2.59 2.54 2.48 2.43 2.41 2.39 2.37 2.35 2.35 2.34 2.35 2.29 2.35 2.37 2.45 2.50 2.54 2.59 2.63 2.67 2.70 2.71 2.71 2.71 2.70 2.70 2.68 2.66 2.66 2.67 2.68 2.73 2.78 2.81 2.83 2.84 2.85 2.84 2.82 2.80 2.77 2.74 2.71 2.67 2.64 2.62 2.65 2.65 2.66 2.65 2.64 2.67 2.70 2.75 2.75 2.77 2.79 2.79 2.84 2.83 2.82 2.81 2.76 2.74 2.72 2.69 2.67
3.06 3.09 3.09 3.09 3.08 3.07 3.12 3.08 3.05 3.00 2.95 2.91 2.85 2.79 2.73 2.67 2.61 2.55 2.49 2.44 2.40 2.38 2.36 2.34 2.33 2.33 2.33 2.32 2.27 2.34 2.36 2.39 2.47 2.53 2.57 2.61 2.64 2.67 2.68 2.69 2.69 2.69 2.69 2.68 2.69 2.68 2.68 2.74 2.74 2.76 2.80 2.80 2.80 2.80 2.78 2.76 2.73 2.71 2.67 2.64 2.61 2.58 2.60 2.60 2.61 2.62 2.61 2.64 2.63 2.66 2.71 2.69 2.73 2.75 2.75 2.81 2.81 2.77 2.76 2.75 2.73 2.71 2.69 2.67
3.03 3.03 3.03 3.03 3.05 3.10 3.07 3.04 3.00 2.95 2.90 2.85 2.80 2.73 2.67 2.61 2.55 2.50 2.45 2.40 2.36 2.35 2.33 2.31 2.31 2.30 2.29 2.30 2.31 2.33 2.35 2.38 2.41 2.51 2.55 2.58 2.62 2.65 2.66 2.67 2.68 2.68 2.69 2.70 2.70 2.70 2.71 2.76 2.76 2.76 2.77 2.78 2.77 2.76 2.73 2.71 2.68 2.64 2.61 2.58 2.55 2.57 2.56 2.56 2.57 2.55 2.57 2.61 2.60 2.63 2.67 2.66 2.68 2.70 2.72 2.79 2.80 2.76 2.74 2.74 2.73 2.71 2.69 2.67
2.99 2.99 2.99 2.99 3.05 3.03 3.03 3.00 2.96 2.91 2.86 2.80 2.73 2.68 2.61 2.55 2.50 2.45 2.40 2.36 2.34 2.31 2.30 2.29 2.28 2.27 2.27 2.28 2.34 2.32 2.34 2.37 2.41 2.46 2.52 2.56 2.58 2.61 2.63 2.65 2.66 2.68 2.69 2.71 2.72 2.72 2.73 2.78 2.78 2.77 2.76 2.75 2.75 2.72 2.69 2.66 2.62 2.59 2.56 2.53 2.53 2.52 2.51 2.52 2.53 2.51 2.54 2.57 2.57 2.58 2.62 2.64 2.66 2.68 2.76 2.75 2.75 2.75 2.74 2.73 2.71 2.71 2.69 2.68
2.95 2.95 2.95 3.02 3.00 2.98 2.96 2.93 2.92 2.87 2.82 2.75 2.68 2.61 2.55 2.50 2.45 2.40 2.36 2.32 2.30 2.28 2.27 2.26 2.24 2.24 2.25 2.26 2.33 2.30 2.33 2.35 2.39 2.44 2.50 2.53 2.56 2.59 2.61 2.63 2.65 2.68 2.69 2.71 2.73 2.74 2.76 2.80 2.79 2.78 2.76 2.74 2.71 2.70 2.66 2.62 2.58 2.54 2.51 2.51 2.49 2.48 2.47 2.48 2.46 2.48 2.50 2.54 2.54 2.56 2.59 2.63 2.65 2.64 2.73 2.71 2.72 2.72 2.73 2.72 2.71 2.70 2.70 2.69
2.91 2.91 2.99 2.97 2.96 2.94 2.92 2.89 2.86 2.84 2.78 2.71 2.63 2.55 2.48 2.44 2.40 2.36 2.32 2.28 2.27 2.25 2.24 2.21 2.21 2.22 2.23 2.24 2.31 2.28 2.31 2.35 2.38 2.43 2.46 2.51 2.53 2.57 2.59 2.62 2.65 2.67 2.69 2.71 2.74 2.76 2.80 2.80 2.81 2.79 2.76 2.73 2.70 2.66 2.63 2.58 2.53 2.50 2.50 2.47 2.45 2.44 2.44 2.45 2.42 2.44 2.43 2.47 2.52 2.54 2.58 2.61 2.61 2.71 2.70 2.71 2.72 2.73 2.72 2.72 2.72 2.71 2.69 2.69
2.87 2.95 2.94 2.93 2.91 2.89 2.87 2.85 2.83 2.79 2.73 2.67 2.58 2.49 2.42 2.37 2.34 2.32 2.28 2.26 2.24 2.22 2.20 2.18 2.18 2.19 2.21 2.21 2.24 2.22 2.24 2.26 2.36 2.35 2.39 2.41 2.51 2.55 2.57 2.58 2.61 2.63 2.66 2.71 2.72 2.75 2.80 2.80 2.82 2.79 2.76 2.73 2.69 2.64 2.58 2.55 2.50 2.49 2.47 2.44 2.42 2.38 2.38 2.39 2.39 2.37 2.40 2.45 2.50 2.55 2.57 2.58 2.61 2.60 2.70 2.72 2.73 2.73 2.73 2.73 2.72 2.71 2.70 2.69
2.99 2.91 2.89 2.88 2.86 2.85 2.83 2.81 2.79 2.76 2.69 2.60 2.51 2.42 2.34 2.30 2.28 2.27 2.25 2.23 2.21 2.15 2.13 2.11 2.11 2.12 2.13 2.18 2.21 2.24 2.21 2.25 2.27 2.32 2.36 2.38 2.41 2.43 2.53 2.56 2.58 2.61 2.64 2.67 2.71 2.75 2.80 2.80 2.79 2.76 2.73 2.70 2.65 2.60 2.54 2.48 2.47 2.45 2.42 2.40 2.37 2.36 2.36 2.37 2.35 2.35 2.39 2.44 2.49 2.54 2.54 2.58 2.61 2.72 2.71 2.73 2.74 2.75 2.75 2.75 2.74 2.73 2.72 2.72
2.95 2.93 2.85 2.83 2.81 2.80 2.78 2.75 2.73 2.69 2.63 2.55 2.47 2.39 2.32 2.28 2.25 2.23 2.16 2.14 2.14 2.12 2.10 2.09 2.08 2.09 2.10 2.15 2.18 2.16 2.18 2.22 2.24 2.29 2.32 2.34 2.37 2.41 2.43 2.47 2.56 2.59 2.62 2.65 2.68 2.72 2.76 2.76 2.76 2.73 2.70 2.67 2.62 2.57 2.52 2.45 2.45 2.42 2.42 2.39 2.37 2.36 2.36 2.35 2.36 2.37 2.41 2.44 2.50 2.52 2.56 2.58 2.69 2.73 2.72 2.74 2.76 2.77 2.77 2.77 2.76 2.77 2.77 2.77
2.91 2.88 2.86 2.78 2.76 2.74 2.72 2.70 2.67 2.63 2.57 2.50 2.43 2.36 2.31 2.23 2.19 2.16 2.14 2.12 2.10 2.08 2.07 2.06 2.06 2.06 2.10 2.12 2.14 2.13 2.15 2.18 2.21 2.23 2.28 2.30 2.33 2.37 2.40 2.43 2.46 2.50 2.59 2.62 2.65 2.68 2.71 2.71 2.71 2.70 2.67 2.64 2.59 2.54 2.49 2.47 2.44 2.42 2.40 2.38 2.36 2.37 2.38 2.37 2.38 2.40 2.44 2.48 2.48 2.52 2.57 2.68 2.73 2.72 2.74 2.76 2.78 2.79 2.79 2.81 2.81 2.81 2.81 2.82
2.87 2.84 2.82 2.79 2.77 2.74 2.67 2.64 2.61 2.57 2.52 2.46 2.40 2.31 2.25 2.20 2.16 2.14 2.11 2.09 2.07 2.05 2.04 2.03 2.02 2.06 2.07 2.09 2.11 2.10 2.13 2.14 2.17 2.21 2.24 2.26 2.30 2.33 2.37 2.39 2.43 2.46 2.50 2.53 2.61 2.64 2.65 2.67 2.66 2.65 2.63 2.60 2.56 2.52 2.51 2.48 2.43 2.43 2.41 2.38 2.37 2.38 2.37 2.39 2.40 2.43 2.46 2.45 2.49 2.54 2.58 2.69 2.74 2.75 2.78 2.79 2.81 2.82 2.85 2.85 2.85 2.86 2.86 2.87
2.83 2.80 2.78 2.75 2.72 2.70 2.66 2.63 2.55 2.51 2.44 2.38 2.32 2.27 2.22 2.17 2.15 2.11 2.08 2.06 2.04 2.02 2.01 2.00 1.99 2.02 2.03 2.06 2.05 2.07 2.09 2.10 2.13 2.17 2.20 2.22 2.26 2.29 2.33 2.36 2.38 2.42 2.45 2.49 2.57 2.59 2.60 2.62 2.61 2.60 2.58 2.56 2.53 2.53 2.50 2.47 2.43 2.43 2.41 2.40 2.38 2.39 2.39 2.40 2.41 2.45 2.44 2.47 2.51 2.55 2.66 2.71 2.76 2.82 2.83 2.86 2.88 2.89 2.89 2.89 2.90 2.90 2.91 2.92
2.79 2.77 2.74 2.71 2.68 2.65 2.62 2.59 2.52 2.43 2.38 2.33 2.32 2.28 2.23 2.16 2.12 2.09 2.09 2.06 2.01 1.99 1.98 2.00 1.98 1.99 2.00 2.01 2.02 2.02 2.07 2.07 2.09 2.12 2.15 2.19 2.22 2.25 2.28 2.32 2.34 2.38 2.43 2.44 2.47 2.49 2.51 2.57 2.57 2.56 2.54 2.53 2.53 2.51 2.49 2.46 2.44 2.43 2.42 2.41 2.41 2.42 2.41 2.42 2.44 2.46 2.47 2.50 2.53 2.57 2.65 2.75 2.81 2.86 2.91 2.90 2.91 2.94 2.94 2.94 2.94 2.94 2.95 2.96
2.76 2.73 2.71 2.68 2.65 2.62 2.59 2.53 2.50 2.46 2.38 2.33 2.29 2.25 2.20 2.16 2.12 2.09 2.06 2.04 2.01 1.99 1.98 1.97 1.97 1.95 1.96 1.96 1.98 2.00 2.03 2.03 2.08 2.11 2.14 2.17 2.18 2.21 2.24 2.30 2.33 2.36 2.39 2.42 2.42 2.44 2.46 2.47 2.52 2.51 2.52 2.50 2.48 2.48 2.47 2.45 2.44 2.43 2.42 2.42 2.42 2.44 2.45 2.43 2.45 2.49 2.49 2.52 2.56 2.63 2.68 2.78 2.84 2.90 2.95 2.99 2.96 2.98 2.97 2.97 2.97 2.98 2.98 3.00
2.73 2.70 2.67 2.65 2.62 2.56 2.53 2.50 2.46 2.42 2.38 2.33 2.26 2.22 2.18 2.14 2.10 2.07 2.04 2.01 1.99 1.97 1.95 1.95 1.94 1.96 1.97 1.98 1.93 2.00 2.02 2.02 2.05 2.07 2.11 2.13 2.16 2.19 2.23 2.26 2.29 2.32 2.35 2.38 2.41 2.43 2.40 2.41 2.48 2.47 2.48 2.46 2.45 2.46 2.45 2.45 2.44 2.43 2.42 2.43 2.42 2.43 2.44 2.46 2.47 2.51 2.50 2.54 2.61 2.65 2.70 2.81 2.88 2.94 2.99 3.03 3.05 3.01 3.00 3.00 3.01 3.01 3.01 3.03
2.70 2.67 2.64 2.59 2.56 2.53 2.50 2.47 2.43 2.39 2.35 2.31 2.26 2.19 2.15 2.11 2.08 2.05 2.02 1.99 1.97 1.94 1.92 1.92 1.91 1.94 1.94 1.95 1.93 1.95 1.98 2.01 2.01 2.04 2.07 2.10 2.13 2.16 2.19 2.23 2.25 2.29 2.31 2.34 2.36 2.39 2.39 2.37 2.43 2.43 2.44 2.43 2.44 2.44 2.44 2.44 2.43 2.42 2.42 2.43 2.43 2.42 2.42 2.46 2.47 2.49 2.51 2.58 2.62 2.67 2.73 2.79 2.91 2.98 3.04 3.07 3.08 3.08 3.03 3.03 3.03 3.03 3.04 3.05
2.67 2.62 2.59 2.57 2.54 2.51 2.47 2.44 2.40 2.36 2.32 2.28 2.24 2.20 2.13 2.09 2.06 2.03 2.00 1.97 1.95 1.92 1.90 1.88 1.91 1.91 1.91 1.95 1.89 1.96 1.98 2.00 2.02 2.00 2.03 2.06 2.09 2.12 2.15 2.19 2.22 2.25 2.27 2.30 2.32 2.34 2.36 2.42 2.42 2.43 2.42 2.40 2.41 2.41 2.42 2.42 2.42 2.43 2.42 2.42 2.41 2.41 2.42 2.46 2.49 2.50 2.55 2.59 2.64 2.69 2.75 2.80 2.92 3.00 3.08 3.11 3.10 3.09 3.05 3.04 3.04 3.04 3.05 3.07
