data/EU espacial/F10062017.grd
DSAA
94	94
0.0000	100.0000
0.0000	100.0000
1.7085	6.8041
[rows 38 to 75 of 94, columns 0 to 83 of 94]
2.66 2.63 2.60 2.57 2.52 2.48 2.45 2.41 2.37 2.34 2.30 2.26 2.22 2.18 2.14 2.10 2.04 2.01 1.98 1.95 1.93 1.90 1.88 1.89 1.89 1.88 1.86 1.86 1.90 1.91 1.93 1.96 1.99 2.02 2.00 2.03 2.06 2.09 2.12 2.15 2.18 2.21 2.24 2.26 2.28 2.29 2.31 2.30 2.33 2.39 2.38 2.38 2.39 2.39 2.40 2.41 2.42 2.41 2.41 2.41 2.40 2.41 2.45 2.48 2.51 2.48 2.54 2.58 2.65 2.70 2.75 2.86 2.93 3.00 3.07 3.09 3.09 3.09 3.09 3.09 3.05 3.05 3.06 3.07
2.66 2.63 2.59 2.56 2.53 2.49 2.45 2.39 2.35 2.31 2.27 2.23 2.20 2.16 2.12 2.09 2.05 1.99 1.96 1.94 1.91 1.91 1.89 1.87 1.84 1.82 1.84 1.85 1.87 1.88 1.90 1.92 1.96 1.98 2.01 2.03 2.03 2.06 2.09 2.12 2.15 2.17 2.20 2.21 2.23 2.26 2.27 2.26 2.27 2.29 2.35 2.35 2.35 2.37 2.38 2.39 2.38 2.38 2.38 2.39 2.42 2.43 2.45 2.47 2.45 2.48 2.50 2.57 2.63 2.68 2.75 2.85 2.91 2.98 3.03 3.06 3.07 3.07 3.08 3.08 3.05 3.05 3.05 3.07
2.66 2.63 2.59 2.56 2.52 2.48 2.44 2.40 2.36 2.32 2.28 2.22 2.18 2.14 2.11 2.07 2.04 2.01 1.95 1.92 1.92 1.89 1.87 1.85 1.82 1.80 1.82 1.82 1.83 1.85 1.86 1.89 1.92 1.95 1.98 2.01 2.03 2.06 2.06 2.09 2.11 2.14 2.17 2.18 2.20 2.22 2.23 2.22 2.24 2.26 2.27 2.32 2.35 2.36 2.35 2.35 2.36 2.36 2.36 2.39 2.41 2.42 2.44 2.42 2.44 2.48 2.50 2.55 2.61 2.66 2.73 2.83 2.89 2.95 2.99 3.02 3.05 3.05 3.06 3.07 3.03 3.04 3.04 3.07
2.67 2.63 2.59 2.55 2.51 2.47 2.43 2.39 2.35 2.30 2.27 2.23 2.19 2.16 2.10 2.07 2.03 2.00 1.97 1.96 1.91 1.88 1.86 1.83 1.81 1.81 1.80 1.79 1.82 1.81 1.86 1.86 1.89 1.94 1.97 2.01 2.03 2.05 2.05 2.08 2.11 2.13 2.13 2.14 2.18 2.18 2.19 2.21 2.21 2.23 2.24 2.31 2.32 2.33 2.33 2.32 2.33 2.35 2.36 2.37 2.39 2.40 2.40 2.42 2.44 2.47 2.49 2.54 2.59 2.65 2.71 2.81 2.87 2.92 2.96 2.99 3.01 3.03 3.04 3.04 3.05 3.06 3.03 3.05
2.67 2.64 2.60 2.56 2.51 2.47 2.42 2.38 2.34 2.29 2.26 2.22 2.18 2.15 2.12 2.09 2.06 2.03 1.99 1.96 1.93 1.91 1.89 1.86 1.83 1.80 1.78 1.77 1.80 1.81 1.83 1.85 1.88 1.93 1.98 1.99 2.03 2.03 2.05 2.08 2.12 2.14 2.14 2.15 2.17 2.18 2.20 2.21 2.23 2.24 2.25 2.27 2.30 2.30 2.31 2.31 2.33 2.33 2.34 2.35 2.37 2.37 2.39 2.41 2.43 2.45 2.48 2.53 2.58 2.63 2.71 2.77 2.82 2.87 2.91 2.96 2.97 2.99 2.99 2.99 3.02 3.03 3.04 3.06
2.77 2.65 2.60 2.56 2.52 2.47 2.42 2.37 2.33 2.29 2.25 2.21 2.18 2.15 2.13 2.10 2.08 2.05 2.04 2.02 1.99 1.94 1.89 1.85 1.82 1.79 1.77 1.75 1.78 1.79 1.81 1.84 1.87 1.92 1.96 1.99 2.02 2.02 2.04 2.07 2.10 2.12 2.13 2.15 2.15 2.17 2.19 2.20 2.20 2.22 2.24 2.25 2.31 2.32 2.33 2.34 2.33 2.34 2.35 2.35 2.37 2.37 2.38 2.39 2.40 2.43 2.47 2.52 2.55 2.61 2.66 2.71 2.81 2.85 2.89 2.93 2.95 2.96 2.98 2.98 2.98 2.98 2.99 3.00
2.79 2.74 2.69 2.57 2.53 2.48 2.43 2.38 2.32 2.28 2.24 2.22 2.18 2.18 2.16 2.14 2.11 2.09 2.06 2.03 2.00 1.97 1.92 1.88 1.83 1.79 1.76 1.76 1.75 1.77 1.79 1.83 1.87 1.91 1.95 1.99 2.01 2.03 2.07 2.07 2.10 2.12 2.13 2.14 2.15 2.16 2.17 2.18 2.19 2.21 2.22 2.23 2.30 2.30 2.32 2.33 2.32 2.33 2.34 2.34 2.37 2.36 2.36 2.37 2.39 2.41 2.45 2.50 2.55 2.62 2.65 2.70 2.79 2.84 2.88 2.91 2.94 2.95 2.95 2.96 2.96 2.95 2.96 2.97
2.82 2.77 2.71 2.66 2.60 2.49 2.44 2.38 2.34 2.29 2.25 2.23 2.22 2.20 2.18 2.16 2.14 2.12 2.09 2.06 2.03 1.99 1.96 1.90 1.86 1.81 1.76 1.72 1.73 1.75 1.79 1.83 1.88 1.91 1.98 2.00 2.03 2.04 2.09 2.11 2.12 2.13 2.14 2.13 2.14 2.15 2.15 2.16 2.18 2.20 2.21 2.22 2.29 2.29 2.32 2.32 2.31 2.32 2.36 2.35 2.36 2.37 2.35 2.36 2.37 2.39 2.43 2.49 2.56 2.61 2.65 2.69 2.73 2.77 2.87 2.91 2.92 2.94 2.94 2.94 2.94 2.93 2.93 2.93
2.85 2.80 2.74 2.69 2.63 2.57 2.51 2.41 2.35 2.29 2.26 2.25 2.24 2.23 2.22 2.20 2.18 2.15 2.13 2.10 2.06 2.03 1.99 1.93 1.88 1.84 1.77 1.72 1.71 1.75 1.79 1.85 1.90 1.95 1.99 2.01 2.04 2.07 2.10 2.12 2.14 2.14 2.14 2.14 2.15 2.14 2.14 2.15 2.17 2.19 2.21 2.22 2.28 2.28 2.32 2.33 2.30 2.35 2.38 2.35 2.36 2.34 2.34 2.35 2.35 2.37 2.42 2.48 2.54 2.62 2.67 2.71 2.75 2.78 2.87 2.90 2.92 2.93 2.94 2.94 2.94 2.93 2.91 2.89
2.88 2.83 2.78 2.73 2.67 2.61 2.55 2.48 2.41 2.35 2.30 2.29 2.28 2.27 2.25 2.24 2.22 2.19 2.17 2.14 2.10 2.07 2.03 1.97 1.92 1.88 1.82 1.77 1.73 1.77 1.81 1.88 1.93 1.97 2.01 2.04 2.07 2.10 2.12 2.14 2.16 2.16 2.16 2.17 2.17 2.15 2.15 2.16 2.18 2.20 2.22 2.28 2.28 2.29 2.29 2.31 2.33 2.37 2.39 2.37 2.38 2.36 2.34 2.35 2.36 2.38 2.43 2.49 2.57 2.62 2.67 2.72 2.77 2.80 2.89 2.96 2.97 2.98 2.98 2.98 2.97 2.95 2.93 2.91
2.92 2.87 2.82 2.77 2.71 2.65 2.59 2.53 2.47 2.42 2.38 2.34 2.32 2.32 2.30 2.28 2.26 2.24 2.21 2.19 2.15 2.12 2.08 2.02 1.97 1.92 1.88 1.85 1.82 1.84 1.87 1.93 1.97 2.00 2.04 2.07 2.10 2.13 2.15 2.17 2.19 2.19 2.19 2.19 2.19 2.19 2.18 2.19 2.20 2.21 2.23 2.30 2.30 2.31 2.32 2.32 2.36 2.37 2.37 2.39 2.40 2.37 2.36 2.37 2.39 2.42 2.46 2.52 2.59 2.64 2.69 2.74 2.78 2.87 2.90 3.00 2.98 2.99 3.00 2.99 2.99 2.97 2.96 2.95
2.96 2.92 2.87 2.82 2.76 2.71 2.64 2.59 2.53 2.49 2.45 2.40 2.38 2.37 2.35 2.34 2.32 2.30 2.27 2.24 2.20 2.17 2.12 2.08 2.03 2.00 1.96 1.94 1.93 1.92 1.94 1.97 1.99 2.05 2.09 2.12 2.14 2.16 2.19 2.21 2.22 2.22 2.23 2.22 2.22 2.22 2.22 2.22 2.23 2.27 2.28 2.32 2.32 2.33 2.34 2.32 2.37 2.39 2.41 2.40 2.41 2.42 2.38 2.40 2.43 2.47 2.50 2.55 2.60 2.66 2.71 2.76 2.84 2.88 2.92 3.01 3.03 3.01 3.02 3.02 3.02 3.01 3.01 3.01
3.01 2.97 2.92 2.87 2.82 2.76 2.70 2.65 2.61 2.57 2.53 2.50 2.48 2.43 2.41 2.39 2.37 2.35 2.33 2.29 2.26 2.22 2.19 2.16 2.11 2.09 2.06 2.03 2.02 2.01 2.02 2.04 2.06 2.08 2.12 2.15 2.20 2.22 2.23 2.25 2.27 2.26 2.27 2.26 2.26 2.26 2.26 2.29 2.30 2.31 2.31 2.32 2.36 2.35 2.35 2.35 2.39 2.39 2.41 2.43 2.44 2.45 2.45 2.45 2.47 2.50 2.54 2.58 2.66 2.69 2.74 2.82 2.87 2.91 2.94 3.03 3.05 3.07 3.05 3.06 3.06 3.06 3.06 3.07
3.07 3.02 2.98 2.93 2.88 2.82 2.77 2.73 2.68 2.64 2.61 2.58 2.55 2.52 2.47 2.45 2.43 2.41 2.38 2.35 2.32 2.30 2.28 2.24 2.21 2.18 2.15 2.13 2.12 2.10 2.11 2.13 2.15 2.17 2.19 2.20 2.22 2.24 2.25 2.30 2.31 2.31 2.30 2.30 2.30 2.30 2.31 2.32 2.34 2.35 2.36 2.35 2.38 2.38 2.38 2.37 2.41 2.43 2.44 2.46 2.47 2.50 2.53 2.54 2.56 2.54 2.60 2.64 2.68 2.73 2.78 2.84 2.89 2.94 2.98 3.05 3.08 3.11 3.12 3.13 3.11 3.11 3.11 3.12
3.13 3.09 3.03 2.99 2.94 2.89 2.84 2.80 2.76 2.72 2.69 2.65 2.62 2.60 2.55 2.52 2.50 2.48 2.46 2.44 2.41 2.38 2.36 2.31 2.27 2.25 2.23 2.21 2.22 2.21 2.20 2.21 2.21 2.24 2.25 2.26 2.27 2.30 2.31 2.32 2.32 2.33 2.34 2.32 2.32 2.32 2.35 2.34 2.35 2.35 2.36 2.39 2.39 2.39 2.39 2.40 2.42 2.46 2.48 2.50 2.52 2.56 2.57 2.59 2.60 2.61 2.63 2.67 2.71 2.76 2.81 2.87 2.92 2.97 3.01 3.05 3.07 3.14 3.16 3.17 3.18 3.18 3.20 3.22
3.19 3.13 3.09 3.05 3.01 2.97 2.92 2.88 2.84 2.80 2.77 2.74 2.71 2.68 2.66 2.60 2.59 2.56 2.54 2.52 2.50 2.46 2.44 2.40 2.37 2.34 2.32 2.30 2.31 2.30 2.30 2.29 2.30 2.32 2.32 2.33 2.34 2.35 2.35 2.38 2.38 2.38 2.38 2.38 2.38 2.38 2.41 2.41 2.41 2.40 2.44 2.44 2.43 2.43 2.43 2.44 2.45 2.46 2.48 2.53 2.56 2.60 2.63 2.65 2.65 2.65 2.68 2.73 2.76 2.79 2.84 2.89 2.95 3.01 3.06 3.10 3.13 3.15 3.16 3.21 3.22 3.23 3.25 3.27
3.23 3.20 3.16 3.12 3.08 3.04 3.00 2.96 2.92 2.88 2.85 2.82 2.79 2.76 2.73 2.70 2.68 2.64 2.62 2.60 2.58 2.55 2.53 2.49 2.46 2.43 2.41 2.40 2.40 2.40 2.36 2.38 2.39 2.40 2.40 2.41 2.42 2.42 2.42 2.42 2.44 2.44 2.44 2.44 2.43 2.43 2.47 2.47 2.46 2.50 2.49 2.48 2.47 2.47 2.47 2.47 2.49 2.50 2.52 2.55 2.58 2.64 2.66 2.70 2.72 2.70 2.75 2.77 2.80 2.83 2.87 2.93 2.99 3.06 3.12 3.16 3.18 3.20 3.21 3.22 3.23 3.24 3.30 3.33
3.30 3.27 3.23 3.19 3.15 3.11 3.08 3.04 3.00 2.97 2.93 2.90 2.87 2.84 2.81 2.78 2.76 2.75 2.70 2.69 2.66 2.64 2.61 2.59 2.56 2.52 2.51 2.49 2.50 2.45 2.45 2.47 2.47 2.48 2.48 2.49 2.49 2.49 2.49 2.48 2.48 2.50 2.50 2.50 2.50 2.49 2.48 2.52 2.56 2.55 2.54 2.54 2.53 2.52 2.52 2.51 2.52 2.53 2.57 2.60 2.64 2.67 2.69 2.71 2.75 2.77 2.81 2.82 2.84 2.86 2.90 2.96 3.04 3.12 3.19 3.23 3.25 3.26 3.27 3.27 3.29 3.29 3.30 3.38
3.37 3.34 3.30 3.26 3.23 3.19 3.15 3.12 3.08 3.05 3.01 2.99 2.95 2.92 2.90 2.87 2.85 2.83 2.81 2.77 2.74 2.72 2.69 2.67 2.65 2.62 2.61 2.60 2.57 2.59 2.55 2.55 2.55 2.56 2.56 2.56 2.56 2.56 2.55 2.55 2.54 2.54 2.54 2.54 2.54 2.56 2.59 2.65 2.62 2.62 2.61 2.60 2.59 2.57 2.57 2.56 2.56 2.59 2.63 2.67 2.70 2.74 2.77 2.79 2.79 2.84 2.83 2.84 2.85 2.86 2.89 3.01 3.09 3.17 3.24 3.29 3.29 3.30 3.31 3.28 3.29 3.30 3.31 3.33
3.43 3.40 3.37 3.34 3.30 3.27 3.23 3.20 3.16 3.13 3.09 3.06 3.03 3.00 2.98 2.95 2.93 2.91 2.89 2.86 2.82 2.80 2.77 2.75 2.72 2.71 2.70 2.67 2.66 2.68 2.67 2.66 2.64 2.63 2.63 2.63 2.62 2.62 2.62 2.61 2.60 2.60 2.59 2.60 2.60 2.60 2.65 2.71 2.70 2.67 2.67 2.66 2.64 2.64 2.63 2.63 2.64 2.66 2.69 2.74 2.78 2.82 2.85 2.86 2.91 2.93 2.91 2.93 2.94 2.96 2.99 3.05 3.11 3.17 3.23 3.28 3.29 3.30 3.31 3.33 3.34 3.35 3.36 3.40
3.45 3.47 3.44 3.41 3.38 3.34 3.31 3.28 3.24 3.20 3.17 3.14 3.11 3.08 3.06 3.03 3.01 2.98 2.96 2.94 2.91 2.87 2.85 2.83 2.82 2.79 2.78 2.77 2.74 2.77 2.75 2.72 2.71 2.71 2.70 2.70 2.69 2.68 2.67 2.67 2.66 2.65 2.65 2.66 2.66 2.70 2.71 2.75 2.73 2.73 2.71 2.72 2.70 2.71 2.69 2.69 2.71 2.73 2.77 2.79 2.85 2.88 2.92 2.95 3.00 3.02 3.00 3.02 3.05 3.06 3.09 3.13 3.18 3.23 3.27 3.31 3.32 3.34 3.35 3.36 3.37 3.39 3.42 3.44
3.51 3.50 3.47 3.48 3.45 3.42 3.39 3.35 3.32 3.29 3.25 3.22 3.19 3.16 3.14 3.11 3.09 3.06 3.03 3.01 2.99 2.94 2.92 2.91 2.88 2.88 2.87 2.84 2.83 2.85 2.83 2.82 2.79 2.78 2.76 2.76 2.75 2.74 2.73 2.73 2.72 2.71 2.71 2.71 2.75 2.76 2.77 2.81 2.80 2.78 2.77 2.76 2.77 2.77 2.77 2.78 2.79 2.81 2.85 2.88 2.94 2.97 3.02 3.04 3.10 3.11 3.09 3.12 3.16 3.18 3.21 3.24 3.28 3.30 3.32 3.35 3.36 3.39 3.40 3.41 3.42 3.43 3.46 3.47
3.58 3.56 3.54 3.52 3.50 3.50 3.46 3.43 3.40 3.37 3.33 3.30 3.27 3.24 3.21 3.19 3.16 3.14 3.11 3.08 3.06 3.01 3.00 2.99 2.96 2.96 2.95 2.94 2.91 2.93 2.91 2.89 2.87 2.84 2.82 2.81 2.80 2.80 2.79 2.77 2.77 2.76 2.77 2.77 2.77 2.83 2.84 2.87 2.86 2.85 2.84 2.83 2.84 2.84 2.84 2.85 2.86 2.90 2.93 2.96 3.03 3.08 3.11 3.17 3.20 3.21 3.19 3.22 3.26 3.28 3.29 3.31 3.34 3.35 3.36 3.38 3.39 3.41 3.42 3.43 3.44 3.46 3.49 3.51
3.64 3.63 3.61 3.58 3.56 3.54 3.54 3.51 3.48 3.44 3.41 3.38 3.35 3.32 3.29 3.26 3.23 3.21 3.17 3.15 3.09 3.08 3.07 3.06 3.04 3.03 3.03 3.02 3.05 3.03 2.99 2.97 2.93 2.90 2.89 2.87 2.86 2.84 2.84 2.83 2.82 2.80 2.80 2.86 2.88 2.93 2.94 2.96 2.96 2.95 2.93 2.93 2.91 2.91 2.92 2.92 2.95 2.98 3.01 3.05 3.12 3.19 3.21 3.27 3.30 3.32 3.30 3.32 3.36 3.37 3.38 3.39 3.40 3.44 3.44 3.44 3.44 3.44 3.44 3.45 3.46 3.48 3.52 3.55
3.69 3.68 3.67 3.65 3.63 3.61 3.61 3.58 3.55 3.52 3.49 3.46 3.42 3.39 3.36 3.33 3.30 3.28 3.25 3.22 3.20 3.14 3.14 3.11 3.11 3.11 3.11 3.14 3.13 3.11 3.08 3.02 2.99 2.97 2.95 2.93 2.91 2.90 2.89 2.88 2.86 2.85 2.86 2.86 2.97 2.98 3.00 3.00 3.02 3.01 2.99 2.99 2.98 2.97 2.99 3.00 3.02 3.05 3.09 3.13 3.20 3.26 3.30 3.37 3.40 3.43 3.40 3.42 3.46 3.46 3.47 3.47 3.50 3.49 3.49 3.48 3.47 3.47 3.46 3.47 3.48 3.51 3.56 3.59
3.75 3.75 3.73 3.72 3.70 3.68 3.66 3.66 3.63 3.60 3.56 3.53 3.49 3.46 3.43 3.39 3.37 3.34 3.32 3.30 3.26 3.20 3.20 3.18 3.18 3.19 3.22 3.22 3.20 3.18 3.15 3.09 3.07 3.05 3.01 2.99 2.97 2.95 2.93 2.91 2.90 2.95 2.95 2.95 2.96 3.04 3.06 3.06 3.07 3.06 3.06 3.04 3.04 3.05 3.05 3.07 3.09 3.12 3.19 3.23 3.28 3.33 3.39 3.47 3.51 3.54 3.51 3.52 3.53 3.56 3.55 3.56 3.56 3.55 3.54 3.53 3.51 3.52 3.51 3.49 3.51 3.56 3.60 3.63
3.82 3.81 3.80 3.78 3.77 3.75 3.73 3.70 3.70 3.67 3.64 3.60 3.56 3.52 3.49 3.46 3.43 3.40 3.38 3.36 3.30 3.30 3.28 3.24 3.25 3.28 3.28 3.29 3.28 3.26 3.22 3.16 3.13 3.10 3.07 3.05 3.02 3.00 2.97 3.01 2.99 2.98 2.98 2.98 3.00 3.02 3.12 3.11 3.12 3.10 3.09 3.09 3.08 3.10 3.11 3.14 3.15 3.21 3.25 3.30 3.35 3.40 3.47 3.57 3.61 3.65 3.62 3.63 3.64 3.63 3.65 3.64 3.63 3.62 3.60 3.58 3.57 3.55 3.53 3.53 3.57 3.60 3.65 3.69
3.88 3.87 3.86 3.85 3.83 3.81 3.79 3.77 3.75 3.72 3.71 3.66 3.62 3.58 3.55 3.51 3.48 3.46 3.43 3.41 3.36 3.33 3.33 3.34 3.33 3.34 3.35 3.36 3.36 3.32 3.25 3.22 3.18 3.15 3.12 3.10 3.08 3.06 3.06 3.04 3.02 3.01 2.99 3.01 3.03 3.05 3.16 3.17 3.15 3.13 3.12 3.11 3.11 3.14 3.16 3.21 3.23 3.29 3.31 3.36 3.41 3.47 3.53 3.65 3.71 3.76 3.72 3.72 3.72 3.71 3.73 3.72 3.71 3.69 3.67 3.65 3.63 3.61 3.58 3.55 3.61 3.68 3.71 3.76
3.94 3.94 3.93 3.91 3.90 3.88 3.85 3.83 3.80 3.78 3.76 3.72 3.68 3.64 3.60 3.56 3.53 3.51 3.48 3.46 3.45 3.48 3.39 3.42 3.38 3.39 3.40 3.41 3.40 3.34 3.31 3.27 3.24 3.25 3.22 3.19 3.17 3.15 3.13 3.09 3.07 3.05 3.05 3.06 3.07 3.09 3.16 3.16 3.17 3.18 3.17 3.16 3.18 3.17 3.19 3.22 3.24 3.30 3.35 3.40 3.45 3.52 3.59 3.66 3.75 3.80 3.77 3.78 3.80 3.79 3.81 3.80 3.79 3.77 3.75 3.74 3.72 3.70 3.68 3.67 3.70 3.75 3.80 3.85
4.01 4.00 3.99 3.98 3.96 3.93 3.91 3.88 3.86 3.82 3.79 3.77 3.73 3.69 3.65 3.61 3.58 3.55 3.53 3.51 3.53 3.52 3.47 3.47 3.47 3.44 3.45 3.45 3.50 3.47 3.41 3.37 3.33 3.29 3.26 3.23 3.20 3.17 3.15 3.13 3.09 3.08 3.07 3.07 3.07 3.08 3.16 3.17 3.19 3.17 3.16 3.16 3.19 3.21 3.20 3.24 3.26 3.30 3.38 3.43 3.49 3.55 3.63 3.69 3.79 3.83 3.81 3.83 3.84 3.88 3.87 3.88 3.87 3.86 3.84 3.83 3.81 3.80 3.79 3.79 3.82 3.85 3.89 3.94
4.07 4.06 4.05 4.04 4.02 3.99 3.96 3.93 3.90 3.87 3.85 3.81 3.77 3.73 3.69 3.65 3.62 3.59 3.57 3.58 3.57 3.62 3.51 3.51 3.52 3.48 3.55 3.55 3.53 3.51 3.45 3.41 3.37 3.33 3.30 3.27 3.23 3.20 3.18 3.15 3.13 3.09 3.08 3.07 3.07 3.06 3.05 3.16 3.17 3.17 3.15 3.16 3.19 3.20 3.22 3.23 3.26 3.31 3.37 3.45 3.52 3.59 3.65 3.72 3.78 3.86 3.85 3.87 3.93 3.94 3.94 3.94 3.96 3.94 3.93 3.93 3.91 3.90 3.91 3.92 3.94 3.96 4.00 4.03
4.13 4.13 4.11 4.10 4.07 4.05 4.02 3.99 3.96 3.92 3.88 3.84 3.80 3.77 3.73 3.71 3.67 3.64 3.62 3.64 3.65 3.64 3.64 3.55 3.60 3.61 3.58 3.58 3.57 3.52 3.49 3.46 3.41 3.37 3.34 3.30 3.26 3.22 3.20 3.17 3.15 3.13 3.09 3.08 3.06 3.05 3.03 3.13 3.14 3.15 3.16 3.16 3.17 3.19 3.22 3.25 3.26 3.32 3.37 3.44 3.53 3.60 3.67 3.74 3.80 3.88 3.88 3.93 3.99 4.00 4.01 4.02 4.02 4.03 4.02 4.04 4.02 4.03 4.03 4.04 4.06 4.08 4.10 4.13
4.19 4.19 4.17 4.15 4.12 4.10 4.07 4.03 4.00 3.96 3.92 3.88 3.83 3.79 3.75 3.73 3.69 3.69 3.67 3.67 3.66 3.66 3.66 3.62 3.64 3.65 3.62 3.62 3.61 3.56 3.53 3.50 3.46 3.42 3.37 3.32 3.28 3.25 3.22 3.19 3.16 3.14 3.12 3.08 3.06 3.03 3.01 3.11 3.11 3.12 3.13 3.17 3.15 3.17 3.20 3.24 3.27 3.31 3.37 3.44 3.51 3.62 3.69 3.76 3.82 3.88 3.92 3.97 4.04 4.06 4.08 4.09 4.10 4.12 4.11 4.11 4.11 4.14 4.14 4.15 4.17 4.20 4.21 4.24
4.25 4.24 4.23 4.20 4.18 4.14 4.11 4.07 4.03 3.99 3.95 3.91 3.86 3.82 3.78 3.75 3.71 3.70 3.68 3.68 3.67 3.67 3.63 3.65 3.67 3.68 3.66 3.67 3.63 3.61 3.58 3.54 3.50 3.45 3.40 3.35 3.30 3.26 3.23 3.20 3.18 3.15 3.13 3.11 3.05 3.02 2.99 3.08 3.08 3.10 3.09 3.13 3.15 3.16 3.19 3.22 3.28 3.33 3.36 3.43 3.51 3.58 3.70 3.77 3.84 3.87 3.96 4.01 4.08 4.12 4.14 4.16 4.17 4.20 4.20 4.20 4.20 4.24 4.25 4.26 4.28 4.30 4.32 4.34
4.31 4.30 4.28 4.26 4.22 4.19 4.15 4.11 4.07 4.02 3.98 3.93 3.89 3.84 3.80 3.77 3.75 3.71 3.68 3.67 3.67 3.68 3.69 3.67 3.70 3.72 3.74 3.71 3.68 3.66 3.63 3.59 3.54 3.48 3.43 3.37 3.32 3.28 3.25 3.22 3.19 3.17 3.14 3.11 3.07 3.01 3.02 3.00 3.06 3.05 3.06 3.11 3.12 3.15 3.16 3.20 3.25 3.31 3.38 3.42 3.51 3.59 3.66 3.78 3.85 3.89 3.99 4.05 4.13 4.17 4.20 4.23 4.24 4.26 4.27 4.29 4.29 4.31 4.32 4.33 4.36 4.41 4.42 4.44
4.37 4.36 4.33 4.30 4.26 4.22 4.18 4.14 4.10 4.05 4.01 3.96 3.91 3.88 3.84 3.79 3.74 3.71 3.67 3.67 3.67 3.69 3.71 3.69 3.72 3.75 3.79 3.77 3.74 3.72 3.68 3.63 3.57 3.51 3.45 3.40 3.34 3.29 3.26 3.24 3.21 3.18 3.15 3.11 3.07 3.06 3.03 3.02 3.03 3.02 3.04 3.08 3.10 3.12 3.15 3.19 3.23 3.29 3.36 3.41 3.49 3.58 3.66 3.75 3.87 3.92 4.01 4.10 4.16 4.22 4.26 4.28 4.30 4.32 4.34 4.36 4.37 4.38 4.39 4.41 4.43 4.46 4.50 4.54
4.43 4.40 4.37 4.33 4.29 4.25 4.21 4.17 4.12 4.08 4.03 3.99 3.95 3.90 3.85 3.80 3.75 3.72 3.68 3.66 3.67 3.70 3.72 3.71 3.75 3.78 3.82 3.86 3.81 3.77 3.71 3.66 3.60 3.54 3.48 3.42 3.36 3.30 3.28 3.26 3.23 3.21 3.17 3.12 3.07 3.01 3.01 2.99 2.99 3.00 3.02 3.06 3.09 3.10 3.13 3.17 3.22 3.29 3.36 3.40 3.49 3.58 3.64 3.73 3.87 3.93 4.02 4.12 4.18 4.25 4.31 4.32 4.31 4.33 4.39 4.42 4.39 4.40 4.45 4.47 4.50 4.53 4.57 4.61
4.43 4.42 4.38 4.34 4.30 4.26 4.22 4.18 4.14 4.10 4.06 4.03 3.98 3.93 3.87 3.82 3.77 3.73 3.70 3.68 3.69 3.71 3.74 3.73 3.77 3.80 3.85 3.88 3.85 3.80 3.75 3.69 3.63 3.58 3.52 3.46 3.40 3.35 3.32 3.30 3.27 3.24 3.20 3.15 3.09 3.03 3.02 2.98 3.02 3.03 3.07 3.10 3.13 3.10 3.12 3.16 3.20 3.27 3.34 3.42 3.47 3.56 3.67 3.75 3.82 3.91 3.98 4.07 4.14 4.21 4.27 4.29 4.31 4.34 4.37 4.39 4.41 4.42 4.44 4.46 4.49 4.52 4.56 4.60
