data/EU espacial/F15032017.grd
DSAA
94	94
0.0000	100.0000
0.0000	100.0000
1.4031	9.2761
[rows 38 to 75 of 94, columns 0 to 83 of 94]
2.44 2.46 2.49 2.53 2.55 2.59 2.62 2.65 2.68 2.71 2.74 2.77 2.80 2.82 2.87 2.89 2.90 2.91 2.93 2.96 3.01 3.06 3.10 3.15 3.15 3.15 3.15 3.14 3.10 3.05 3.00 2.94 2.86 2.80 2.71 2.61 2.51 2.45 2.50 2.61 2.72 2.83 2.92 2.99 3.04 3.07 3.08 3.07 3.03 2.97 2.90 2.83 2.72 2.60 2.47 2.34 2.27 2.28 2.33 2.34 2.37 2.40 2.44 2.44 2.44 2.43 2.42 2.39 2.33 2.26 2.19 2.15 2.05 1.94 1.85 1.86 1.96 2.06 2.16 2.25 2.31 2.35 2.39 2.40
2.42 2.43 2.45 2.49 2.52 2.55 2.59 2.61 2.65 2.68 2.71 2.74 2.77 2.79 2.84 2.86 2.88 2.89 2.91 2.95 2.99 3.05 3.10 3.13 3.14 3.15 3.15 3.13 3.10 3.05 2.99 2.93 2.87 2.79 2.70 2.62 2.55 2.50 2.54 2.61 2.70 2.78 2.86 2.92 2.97 3.00 3.01 2.99 2.96 2.90 2.83 2.77 2.66 2.55 2.42 2.32 2.26 2.24 2.25 2.27 2.32 2.34 2.35 2.36 2.36 2.34 2.32 2.29 2.26 2.20 2.13 2.08 1.99 1.91 1.86 1.86 1.92 2.01 2.09 2.16 2.21 2.26 2.28 2.29
2.40 2.41 2.43 2.45 2.48 2.52 2.55 2.59 2.62 2.66 2.69 2.71 2.74 2.79 2.81 2.84 2.86 2.88 2.91 2.94 3.00 3.05 3.09 3.13 3.14 3.16 3.15 3.13 3.10 3.06 3.01 2.94 2.86 2.80 2.72 2.65 2.59 2.58 2.59 2.62 2.69 2.75 2.82 2.88 2.91 2.95 2.96 2.94 2.91 2.85 2.78 2.72 2.62 2.52 2.40 2.31 2.26 2.23 2.22 2.25 2.26 2.27 2.28 2.29 2.28 2.29 2.27 2.23 2.20 2.15 2.10 2.04 1.97 1.91 1.88 1.88 1.91 1.97 2.04 2.10 2.14 2.17 2.20 2.21
2.37 2.38 2.40 2.42 2.45 2.49 2.52 2.56 2.60 2.63 2.66 2.69 2.73 2.77 2.79 2.82 2.84 2.87 2.90 2.96 3.00 3.04 3.09 3.12 3.16 3.18 3.19 3.15 3.14 3.08 3.03 2.96 2.88 2.83 2.75 2.69 2.64 2.62 2.63 2.65 2.70 2.76 2.82 2.85 2.90 2.92 2.93 2.91 2.88 2.82 2.75 2.68 2.58 2.49 2.40 2.31 2.25 2.24 2.22 2.22 2.22 2.22 2.22 2.25 2.24 2.23 2.21 2.16 2.12 2.10 2.07 2.02 1.96 1.92 1.90 1.89 1.91 1.96 2.01 2.05 2.09 2.12 2.14 2.15
2.35 2.35 2.37 2.40 2.43 2.46 2.50 2.54 2.58 2.61 2.64 2.67 2.72 2.75 2.78 2.80 2.83 2.87 2.92 2.95 3.00 3.05 3.10 3.14 3.17 3.20 3.22 3.22 3.18 3.12 3.08 3.00 2.93 2.85 2.77 2.71 2.67 2.65 2.65 2.67 2.71 2.76 2.82 2.87 2.91 2.92 2.94 2.93 2.86 2.80 2.72 2.63 2.56 2.48 2.39 2.32 2.29 2.23 2.21 2.20 2.20 2.18 2.20 2.19 2.19 2.20 2.15 2.12 2.09 2.05 2.07 2.03 1.99 1.93 1.91 1.90 1.93 1.96 1.99 2.02 2.05 2.07 2.09 2.10
2.38 2.33 2.34 2.37 2.40 2.44 2.47 2.52 2.56 2.59 2.63 2.65 2.70 2.73 2.76 2.78 2.84 2.87 2.92 2.96 3.01 3.05 3.09 3.13 3.17 3.22 3.24 3.26 3.21 3.17 3.11 3.03 2.94 2.88 2.81 2.75 2.70 2.69 2.68 2.70 2.73 2.78 2.82 2.87 2.92 2.95 2.96 2.93 2.89 2.80 2.72 2.63 2.57 2.46 2.42 2.35 2.30 2.26 2.23 2.20 2.19 2.17 2.16 2.16 2.18 2.17 2.15 2.14 2.10 2.08 2.04 2.01 2.00 1.97 1.95 1.94 1.94 1.96 1.99 2.01 2.04 2.06 2.08 2.08
2.35 2.34 2.33 2.34 2.37 2.41 2.45 2.49 2.54 2.58 2.61 2.65 2.68 2.71 2.75 2.78 2.81 2.87 2.90 2.96 3.00 3.05 3.09 3.14 3.19 3.23 3.28 3.27 3.26 3.21 3.13 3.05 2.96 2.89 2.82 2.76 2.72 2.70 2.69 2.70 2.73 2.77 2.82 2.87 2.92 2.95 2.97 2.94 2.89 2.80 2.71 2.61 2.55 2.46 2.40 2.33 2.29 2.24 2.21 2.18 2.15 2.14 2.14 2.15 2.15 2.14 2.15 2.14 2.12 2.10 2.05 2.03 2.01 1.99 1.97 1.96 1.97 1.97 1.99 2.01 2.03 2.05 2.06 2.06
2.32 2.30 2.30 2.31 2.33 2.38 2.42 2.47 2.52 2.57 2.61 2.64 2.66 2.70 2.72 2.76 2.81 2.85 2.89 2.93 2.98 3.03 3.09 3.13 3.19 3.25 3.30 3.34 3.32 3.26 3.16 3.06 2.97 2.89 2.82 2.76 2.72 2.69 2.69 2.70 2.72 2.76 2.80 2.85 2.91 2.96 2.99 2.98 2.90 2.80 2.69 2.59 2.52 2.44 2.37 2.31 2.27 2.22 2.19 2.15 2.13 2.12 2.13 2.13 2.13 2.14 2.13 2.13 2.12 2.11 2.07 2.05 2.02 2.01 2.01 1.99 1.98 1.99 1.99 2.01 2.02 2.04 2.05 2.05
2.28 2.27 2.26 2.27 2.29 2.32 2.36 2.44 2.50 2.55 2.59 2.61 2.64 2.68 2.71 2.74 2.78 2.82 2.86 2.90 2.95 3.01 3.06 3.10 3.17 3.23 3.30 3.37 3.38 3.29 3.16 3.06 2.96 2.86 2.80 2.74 2.70 2.67 2.66 2.67 2.69 2.72 2.77 2.82 2.89 2.95 3.02 3.00 2.89 2.78 2.67 2.55 2.49 2.40 2.34 2.28 2.24 2.20 2.16 2.12 2.11 2.12 2.12 2.12 2.12 2.12 2.13 2.13 2.13 2.14 2.12 2.11 2.08 2.04 2.03 2.01 2.00 1.99 2.00 2.00 2.01 2.03 2.04 2.05
2.24 2.23 2.22 2.23 2.25 2.28 2.33 2.38 2.44 2.49 2.55 2.59 2.61 2.64 2.67 2.70 2.74 2.78 2.82 2.87 2.91 2.97 3.02 3.06 3.13 3.19 3.26 3.33 3.35 3.26 3.15 3.02 2.92 2.83 2.77 2.70 2.66 2.63 2.62 2.63 2.64 2.68 2.72 2.77 2.83 2.90 2.96 2.94 2.83 2.72 2.61 2.54 2.44 2.36 2.29 2.25 2.21 2.16 2.13 2.12 2.11 2.09 2.11 2.11 2.11 2.12 2.13 2.14 2.16 2.16 2.15 2.14 2.12 2.09 2.08 2.05 2.04 2.03 2.03 2.03 2.03 2.03 2.04 2.04
2.20 2.18 2.17 2.18 2.20 2.23 2.27 2.32 2.37 2.42 2.46 2.51 2.53 2.60 2.63 2.66 2.70 2.74 2.78 2.82 2.87 2.92 2.97 3.01 3.06 3.12 3.17 3.21 3.21 3.16 3.07 2.95 2.85 2.77 2.71 2.65 2.60 2.57 2.56 2.57 2.58 2.61 2.65 2.70 2.75 2.80 2.82 2.80 2.73 2.63 2.54 2.47 2.39 2.33 2.26 2.20 2.17 2.13 2.11 2.09 2.08 2.08 2.09 2.10 2.12 2.13 2.15 2.17 2.19 2.20 2.19 2.17 2.15 2.14 2.11 2.09 2.05 2.04 2.03 2.02 2.02 2.01 2.01 2.00
2.15 2.12 2.12 2.12 2.14 2.17 2.21 2.26 2.30 2.34 2.38 2.45 2.48 2.51 2.54 2.61 2.65 2.69 2.73 2.77 2.81 2.86 2.89 2.94 2.98 3.02 3.06 3.08 3.08 2.97 2.90 2.84 2.80 2.69 2.63 2.57 2.53 2.50 2.49 2.49 2.51 2.53 2.56 2.60 2.64 2.67 2.69 2.66 2.61 2.54 2.47 2.40 2.32 2.26 2.20 2.15 2.12 2.09 2.07 2.06 2.06 2.07 2.08 2.10 2.12 2.15 2.18 2.21 2.22 2.24 2.23 2.22 2.21 2.18 2.14 2.11 2.08 2.04 2.02 2.01 2.00 1.99 1.98 1.96
2.10 2.07 2.06 2.06 2.08 2.11 2.15 2.19 2.23 2.28 2.31 2.35 2.38 2.45 2.48 2.51 2.56 2.59 2.67 2.71 2.75 2.75 2.79 2.86 2.89 2.86 2.88 2.89 2.95 2.82 2.76 2.69 2.65 2.58 2.50 2.46 2.40 2.37 2.36 2.34 2.35 2.39 2.47 2.44 2.47 2.51 2.56 2.53 2.49 2.43 2.37 2.30 2.26 2.20 2.15 2.09 2.06 2.04 2.03 2.03 2.03 2.05 2.07 2.10 2.13 2.17 2.21 2.25 2.28 2.29 2.29 2.28 2.25 2.21 2.16 2.13 2.09 2.06 2.02 2.00 1.98 1.96 1.95 1.92
2.04 2.01 2.00 2.00 2.02 2.05 2.09 2.13 2.17 2.21 2.25 2.28 2.31 2.35 2.43 2.47 2.50 2.53 2.57 2.61 2.65 2.68 2.68 2.75 2.73 2.75 2.75 2.75 2.73 2.68 2.62 2.55 2.49 2.43 2.37 2.33 2.30 2.27 2.26 2.23 2.24 2.26 2.29 2.32 2.34 2.36 2.38 2.36 2.37 2.32 2.27 2.22 2.18 2.12 2.07 2.01 2.00 1.98 1.98 1.99 2.00 2.03 2.08 2.11 2.16 2.19 2.26 2.31 2.34 2.36 2.34 2.34 2.29 2.24 2.18 2.13 2.09 2.06 2.03 1.99 1.96 1.94 1.92 1.89
1.98 1.95 1.93 1.94 1.96 1.99 2.02 2.07 2.11 2.15 2.18 2.22 2.25 2.29 2.35 2.40 2.44 2.45 2.49 2.52 2.55 2.58 2.60 2.61 2.62 2.62 2.63 2.63 2.60 2.56 2.48 2.42 2.38 2.31 2.25 2.20 2.16 2.16 2.14 2.14 2.15 2.17 2.20 2.22 2.24 2.25 2.27 2.24 2.22 2.20 2.15 2.12 2.07 2.02 1.97 1.95 1.92 1.91 1.92 1.94 1.95 1.98 2.05 2.10 2.16 2.19 2.29 2.35 2.41 2.42 2.42 2.40 2.34 2.24 2.17 2.10 2.06 2.04 2.00 1.97 1.95 1.92 1.88 1.85
1.92 1.88 1.88 1.89 1.91 1.94 1.97 2.00 2.04 2.08 2.11 2.15 2.19 2.22 2.26 2.34 2.37 2.41 2.44 2.46 2.49 2.50 2.52 2.54 2.54 2.52 2.53 2.51 2.46 2.42 2.37 2.29 2.23 2.18 2.13 2.08 2.04 2.00 1.99 2.02 2.03 2.05 2.07 2.10 2.12 2.13 2.15 2.15 2.11 2.10 2.05 2.03 1.99 1.94 1.89 1.85 1.84 1.82 1.84 1.89 1.91 1.95 2.00 2.06 2.15 2.20 2.29 2.38 2.46 2.51 2.51 2.45 2.36 2.26 2.16 2.08 2.03 2.01 1.97 1.96 1.93 1.90 1.85 1.82
1.86 1.83 1.83 1.85 1.87 1.90 1.93 1.95 2.00 2.03 2.06 2.10 2.13 2.17 2.21 2.25 2.28 2.36 2.38 2.41 2.43 2.44 2.45 2.46 2.45 2.42 2.39 2.39 2.34 2.30 2.23 2.17 2.12 2.06 2.00 1.95 1.91 1.88 1.87 1.88 1.92 1.94 1.96 1.98 2.01 2.02 2.04 2.04 2.00 1.99 1.96 1.95 1.90 1.86 1.80 1.76 1.74 1.75 1.78 1.82 1.87 1.92 1.98 2.04 2.11 2.19 2.29 2.42 2.52 2.61 2.61 2.53 2.39 2.25 2.13 2.04 2.00 1.97 1.96 1.94 1.91 1.87 1.83 1.78
1.80 1.78 1.81 1.83 1.85 1.87 1.90 1.92 1.94 1.98 2.02 2.05 2.09 2.13 2.16 2.20 2.24 2.28 2.34 2.36 2.37 2.38 2.38 2.38 2.36 2.32 2.29 2.26 2.23 2.17 2.11 2.04 1.98 1.94 1.88 1.83 1.78 1.75 1.75 1.77 1.79 1.84 1.86 1.88 1.90 1.92 1.92 1.94 1.92 1.91 1.88 1.85 1.81 1.77 1.73 1.68 1.66 1.68 1.73 1.78 1.83 1.87 1.93 1.99 2.07 2.16 2.28 2.43 2.58 2.71 2.74 2.60 2.41 2.22 2.07 1.98 1.95 1.94 1.94 1.94 1.90 1.85 1.80 1.76
1.80 1.80 1.82 1.84 1.86 1.87 1.88 1.90 1.92 1.94 1.97 2.01 2.05 2.09 2.13 2.17 2.21 2.25 2.27 2.31 2.33 2.33 2.33 2.31 2.29 2.26 2.22 2.18 2.12 2.07 1.99 1.93 1.88 1.83 1.78 1.73 1.68 1.64 1.64 1.67 1.69 1.72 1.76 1.78 1.80 1.83 1.84 1.85 1.84 1.81 1.82 1.79 1.76 1.73 1.69 1.64 1.60 1.65 1.71 1.74 1.79 1.84 1.90 1.96 2.04 2.12 2.25 2.40 2.56 2.73 2.79 2.60 2.39 2.19 2.01 1.93 1.92 1.92 1.92 1.92 1.87 1.81 1.76 1.72
1.94 1.90 1.89 1.89 1.89 1.89 1.89 1.89 1.90 1.92 1.95 1.98 2.01 2.05 2.10 2.14 2.19 2.22 2.24 2.26 2.30 2.30 2.29 2.26 2.23 2.19 2.15 2.08 2.03 1.97 1.91 1.85 1.77 1.72 1.68 1.64 1.60 1.57 1.57 1.59 1.61 1.64 1.66 1.70 1.72 1.74 1.76 1.78 1.78 1.76 1.77 1.75 1.73 1.68 1.68 1.65 1.64 1.66 1.70 1.73 1.77 1.82 1.87 1.93 2.00 2.08 2.20 2.33 2.46 2.58 2.60 2.49 2.33 2.16 2.01 1.93 1.89 1.88 1.87 1.85 1.82 1.77 1.73 1.70
2.11 2.04 2.00 1.97 1.95 1.92 1.91 1.90 1.90 1.91 1.92 1.95 1.99 2.03 2.08 2.12 2.17 2.20 2.22 2.24 2.24 2.28 2.26 2.23 2.19 2.12 2.07 2.01 1.94 1.88 1.82 1.75 1.69 1.64 1.61 1.57 1.54 1.52 1.52 1.53 1.55 1.57 1.59 1.64 1.66 1.67 1.69 1.71 1.72 1.71 1.72 1.73 1.70 1.69 1.68 1.69 1.68 1.67 1.70 1.73 1.77 1.81 1.84 1.89 1.96 2.03 2.13 2.23 2.32 2.39 2.41 2.34 2.24 2.12 2.01 1.93 1.88 1.85 1.82 1.80 1.76 1.73 1.69 1.67
2.28 2.19 2.13 2.07 2.03 1.99 1.95 1.92 1.90 1.90 1.91 1.93 1.97 2.02 2.07 2.12 2.15 2.20 2.23 2.24 2.24 2.27 2.24 2.22 2.15 2.09 2.02 1.94 1.87 1.82 1.74 1.68 1.62 1.58 1.54 1.51 1.48 1.47 1.47 1.49 1.51 1.52 1.55 1.57 1.61 1.63 1.64 1.67 1.69 1.69 1.70 1.70 1.71 1.71 1.71 1.71 1.74 1.71 1.73 1.75 1.78 1.81 1.82 1.85 1.91 1.97 2.04 2.12 2.18 2.23 2.24 2.20 2.14 2.06 1.98 1.90 1.84 1.80 1.77 1.73 1.70 1.67 1.66 1.66
2.45 2.36 2.27 2.20 2.13 2.06 2.00 1.95 1.91 1.89 1.90 1.93 1.97 2.02 2.08 2.12 2.17 2.21 2.25 2.27 2.27 2.30 2.26 2.20 2.14 2.07 1.99 1.91 1.83 1.75 1.69 1.63 1.58 1.53 1.49 1.46 1.43 1.44 1.44 1.45 1.47 1.50 1.52 1.54 1.56 1.60 1.61 1.65 1.67 1.68 1.70 1.71 1.74 1.75 1.76 1.77 1.80 1.76 1.77 1.78 1.80 1.80 1.81 1.84 1.87 1.90 1.96 2.01 2.05 2.09 2.10 2.10 2.07 2.02 1.96 1.89 1.84 1.79 1.74 1.70 1.67 1.64 1.65 1.65
2.64 2.54 2.44 2.34 2.25 2.15 2.07 1.99 1.93 1.89 1.89 1.92 1.98 2.04 2.11 2.16 2.21 2.26 2.30 2.32 2.37 2.34 2.29 2.24 2.16 2.08 1.99 1.89 1.80 1.73 1.65 1.60 1.54 1.50 1.46 1.43 1.41 1.40 1.42 1.44 1.47 1.49 1.51 1.54 1.56 1.58 1.60 1.62 1.65 1.68 1.70 1.73 1.79 1.77 1.77 1.82 1.84 1.85 1.81 1.81 1.84 1.84 1.82 1.82 1.83 1.85 1.88 1.91 1.94 1.97 2.00 2.01 2.02 1.97 1.94 1.89 1.83 1.79 1.74 1.69 1.65 1.63 1.64 1.66
2.84 2.73 2.62 2.50 2.39 2.27 2.15 2.04 1.95 1.90 1.89 1.93 2.00 2.08 2.16 2.24 2.28 2.33 2.37 2.39 2.39 2.41 2.36 2.30 2.22 2.11 2.00 1.89 1.80 1.72 1.66 1.60 1.54 1.50 1.46 1.43 1.41 1.40 1.42 1.45 1.48 1.52 1.54 1.56 1.58 1.60 1.61 1.63 1.67 1.71 1.75 1.79 1.82 1.85 1.85 1.86 1.88 1.89 1.89 1.88 1.90 1.88 1.85 1.82 1.80 1.79 1.81 1.84 1.87 1.90 1.93 1.97 1.97 1.98 1.97 1.93 1.88 1.83 1.76 1.70 1.66 1.64 1.64 1.66
3.06 2.94 2.82 2.69 2.55 2.41 2.26 2.12 1.99 1.91 1.90 1.96 2.05 2.15 2.23 2.31 2.38 2.44 2.47 2.49 2.50 2.52 2.47 2.39 2.29 2.19 2.05 1.92 1.81 1.73 1.68 1.63 1.58 1.53 1.50 1.46 1.43 1.43 1.45 1.49 1.54 1.58 1.61 1.63 1.63 1.63 1.63 1.65 1.71 1.73 1.83 1.87 1.91 1.89 1.95 1.96 1.99 1.99 1.98 2.01 1.99 1.96 1.91 1.86 1.80 1.77 1.78 1.81 1.83 1.85 1.90 1.94 2.01 2.05 2.06 2.03 1.97 1.89 1.80 1.74 1.70 1.68 1.68 1.71
3.29 3.17 3.04 2.90 2.75 2.58 2.41 2.23 2.05 1.92 1.92 2.02 2.13 2.24 2.35 2.44 2.51 2.57 2.61 2.63 2.65 2.66 2.60 2.53 2.43 2.30 2.15 1.98 1.85 1.79 1.76 1.72 1.66 1.62 1.59 1.55 1.51 1.48 1.51 1.58 1.65 1.69 1.72 1.73 1.72 1.70 1.68 1.70 1.75 1.82 1.90 1.96 2.02 2.01 2.03 2.08 2.11 2.14 2.10 2.09 2.11 2.07 2.01 1.93 1.85 1.78 1.80 1.84 1.86 1.86 1.89 2.00 2.11 2.18 2.21 2.18 2.12 2.02 1.90 1.80 1.77 1.78 1.78 1.79
3.55 3.42 3.29 3.14 2.97 2.80 2.61 2.40 2.19 1.98 2.00 2.14 2.28 2.40 2.51 2.60 2.68 2.73 2.78 2.80 2.82 2.80 2.78 2.71 2.62 2.48 2.32 2.12 1.94 1.94 1.93 1.88 1.82 1.76 1.74 1.71 1.65 1.58 1.64 1.74 1.80 1.86 1.88 1.89 1.87 1.83 1.78 1.79 1.88 1.95 2.04 2.09 2.14 2.14 2.17 2.21 2.28 2.26 2.25 2.24 2.27 2.21 2.16 2.08 1.97 1.86 1.91 1.98 2.00 1.98 1.99 2.16 2.29 2.39 2.43 2.41 2.34 2.22 2.08 1.93 1.94 1.98 1.98 1.95
3.82 3.70 3.56 3.40 3.24 3.05 2.86 2.65 2.45 2.29 2.28 2.38 2.49 2.61 2.71 2.80 2.87 2.93 2.98 3.00 3.00 3.00 2.96 2.90 2.83 2.71 2.58 2.41 2.27 2.22 2.18 2.14 2.07 2.03 1.99 1.95 1.90 1.86 1.90 1.97 2.03 2.07 2.09 2.09 2.07 2.03 2.01 2.01 2.07 2.13 2.18 2.25 2.26 2.27 2.30 2.33 2.36 2.40 2.41 2.41 2.45 2.42 2.37 2.30 2.23 2.17 2.20 2.26 2.28 2.29 2.33 2.45 2.58 2.66 2.70 2.69 2.60 2.50 2.37 2.28 2.27 2.31 2.32 2.33
4.11 3.99 3.85 3.70 3.53 3.35 3.16 2.97 2.80 2.69 2.65 2.69 2.77 2.86 2.94 3.02 3.10 3.17 3.21 3.23 3.23 3.24 3.22 3.17 3.11 3.02 2.91 2.78 2.68 2.61 2.54 2.48 2.41 2.36 2.31 2.27 2.23 2.21 2.23 2.27 2.31 2.34 2.36 2.35 2.33 2.31 2.29 2.29 2.30 2.35 2.39 2.45 2.44 2.47 2.47 2.51 2.55 2.53 2.61 2.62 2.67 2.67 2.64 2.61 2.59 2.57 2.61 2.65 2.69 2.71 2.77 2.86 2.95 3.01 3.03 3.04 2.98 2.87 2.78 2.74 2.72 2.74 2.76 2.80
4.41 4.30 4.17 4.02 3.85 3.67 3.49 3.32 3.18 3.08 3.04 3.05 3.09 3.15 3.22 3.28 3.36 3.42 3.46 3.50 3.49 3.50 3.49 3.46 3.42 3.39 3.30 3.20 3.11 3.03 2.95 2.87 2.79 2.72 2.67 2.63 2.60 2.58 2.59 2.61 2.64 2.66 2.66 2.65 2.63 2.61 2.60 2.57 2.58 2.59 2.63 2.67 2.65 2.66 2.68 2.69 2.74 2.73 2.76 2.85 2.88 2.93 2.95 2.96 2.98 3.01 3.06 3.11 3.14 3.20 3.25 3.32 3.38 3.42 3.43 3.44 3.39 3.33 3.25 3.21 3.19 3.22 3.25 3.30
4.74 4.63 4.50 4.35 4.19 4.01 3.84 3.69 3.56 3.46 3.41 3.40 3.42 3.46 3.51 3.56 3.62 3.67 3.73 3.77 3.77 3.79 3.79 3.79 3.77 3.73 3.71 3.64 3.56 3.48 3.38 3.28 3.18 3.11 3.05 3.01 2.98 2.97 2.97 2.99 3.00 3.00 3.00 2.99 2.96 2.94 2.91 2.88 2.86 2.86 2.86 2.90 2.86 2.87 2.89 2.91 2.91 2.95 2.99 3.05 3.16 3.24 3.29 3.34 3.40 3.47 3.53 3.59 3.65 3.71 3.77 3.82 3.86 3.87 3.87 3.88 3.83 3.76 3.72 3.69 3.68 3.71 3.76 3.81
5.07 4.98 4.85 4.70 4.53 4.36 4.19 4.04 3.92 3.82 3.76 3.73 3.74 3.77 3.80 3.85 3.90 3.94 3.98 4.01 4.04 4.07 4.11 4.13 4.14 4.13 4.13 4.09 4.04 3.94 3.81 3.69 3.58 3.49 3.43 3.39 3.37 3.36 3.36 3.37 3.38 3.37 3.36 3.34 3.31 3.27 3.24 3.19 3.16 3.14 3.12 3.11 3.09 3.09 3.10 3.11 3.13 3.17 3.23 3.31 3.39 3.55 3.64 3.73 3.83 3.92 4.01 4.10 4.17 4.24 4.29 4.33 4.36 4.38 4.36 4.33 4.28 4.22 4.18 4.16 4.17 4.20 4.27 4.33
5.43 5.33 5.20 5.04 4.87 4.70 4.54 4.39 4.27 4.17 4.10 4.06 4.05 4.07 4.10 4.14 4.17 4.22 4.27 4.29 4.33 4.37 4.43 4.47 4.50 4.53 4.57 4.55 4.51 4.39 4.25 4.10 3.97 3.87 3.81 3.77 3.76 3.76 3.76 3.77 3.77 3.76 3.74 3.71 3.67 3.62 3.57 3.50 3.46 3.42 3.38 3.32 3.31 3.31 3.31 3.32 3.32 3.40 3.47 3.57 3.68 3.82 3.99 4.12 4.25 4.38 4.50 4.60 4.69 4.77 4.83 4.86 4.87 4.87 4.84 4.79 4.73 4.66 4.62 4.61 4.63 4.68 4.76 4.83
5.79 5.69 5.55 5.38 5.20 5.03 4.86 4.72 4.60 4.50 4.43 4.38 4.36 4.37 4.39 4.41 4.45 4.50 4.52 4.57 4.62 4.66 4.73 4.79 4.86 4.92 4.99 5.02 4.99 4.86 4.68 4.49 4.33 4.22 4.16 4.14 4.14 4.15 4.16 4.16 4.16 4.15 4.12 4.08 4.02 3.96 3.90 3.85 3.77 3.70 3.65 3.58 3.55 3.52 3.52 3.52 3.53 3.62 3.72 3.84 3.97 4.12 4.30 4.50 4.67 4.83 4.97 5.09 5.21 5.31 5.37 5.39 5.39 5.36 5.32 5.24 5.15 5.09 5.03 5.02 5.05 5.12 5.23 5.33
6.16 6.05 5.88 5.69 5.50 5.33 5.17 5.03 4.91 4.81 4.74 4.68 4.67 4.66 4.67 4.68 4.72 4.76 4.80 4.85 4.89 4.93 5.01 5.09 5.17 5.28 5.38 5.48 5.48 5.31 5.07 4.84 4.64 4.52 4.48 4.48 4.51 4.54 4.55 4.56 4.55 4.55 4.51 4.45 4.38 4.30 4.22 4.14 4.07 3.99 3.93 3.84 3.80 3.76 3.72 3.71 3.73 3.83 3.95 4.10 4.25 4.42 4.63 4.84 5.05 5.26 5.41 5.55 5.68 5.80 5.87 5.87 5.84 5.81 5.77 5.67 5.56 5.46 5.38 5.36 5.41 5.51 5.66 5.80
6.52 6.37 6.16 5.96 5.77 5.60 5.44 5.31 5.19 5.09 5.02 4.96 4.94 4.93 4.93 4.95 4.97 4.99 5.06 5.11 5.14 5.18 5.26 5.34 5.44 5.57 5.71 5.88 5.96 5.70 5.40 5.13 4.90 4.77 4.77 4.81 4.86 4.92 4.93 4.92 4.92 4.92 4.90 4.81 4.71 4.62 4.53 4.44 4.36 4.29 4.20 4.11 4.05 4.00 3.97 3.90 3.92 4.05 4.19 4.36 4.53 4.72 4.93 5.16 5.40 5.65 5.79 5.92 6.07 6.23 6.34 6.27 6.21 6.18 6.17 6.06 5.90 5.76 5.67 5.63 5.69 5.82 6.00 6.21
6.68 6.55 6.36 6.17 6.00 5.83 5.69 5.56 5.45 5.35 5.28 5.21 5.17 5.15 5.14 5.14 5.17 5.21 5.27 5.31 5.34 5.38 5.46 5.54 5.64 5.77 5.92 6.07 6.13 5.91 5.63 5.37 5.16 5.06 5.06 5.10 5.17 5.24 5.25 5.25 5.25 5.24 5.21 5.12 5.02 4.93 4.82 4.73 4.65 4.57 4.49 4.38 4.31 4.25 4.19 4.16 4.18 4.29 4.44 4.61 4.78 4.97 5.19 5.42 5.66 5.90 6.04 6.17 6.32 6.48 6.57 6.52 6.46 6.42 6.39 6.29 6.12 5.99 5.89 5.85 5.91 6.03 6.19 6.38
