data/EU espacial/F15032017.grd
DSAA
94	94
0.0000	100.0000
0.0000	100.0000
1.4031	9.2761
[rows 0 to 37 of 94, columns 0 to 83 of 94]
8.66 8.67 8.66 8.64 8.62 8.58 8.54 8.46 8.37 8.27 8.16 8.02 7.88 7.73 7.57 7.42 7.27 7.13 7.00 6.82 6.59 6.37 6.14 5.92 5.70 5.48 5.27 5.07 4.89 4.71 4.55 4.40 4.26 4.13 4.02 3.90 3.79 3.71 3.81 3.99 4.17 4.34 4.51 4.67 4.82 4.96 5.10 5.22 5.35 5.47 5.59 5.69 5.82 5.94 6.07 6.20 6.32 6.45 6.57 6.69 6.79 6.89 6.97 7.05 7.13 7.20 7.26 7.31 7.39 7.44 7.49 7.54 7.59 7.64 7.69 7.64 7.52 7.40 7.28 7.17 7.06 6.96 6.87 6.78
8.62 8.67 8.68 8.68 8.67 8.64 8.61 8.55 8.47 8.35 8.22 8.08 7.91 7.75 7.57 7.41 7.25 7.09 6.93 6.75 6.54 6.31 6.09 5.86 5.64 5.42 5.20 4.98 4.79 4.63 4.47 4.32 4.19 4.07 3.97 3.87 3.81 3.78 3.86 4.02 4.19 4.37 4.54 4.70 4.85 4.99 5.10 5.23 5.37 5.49 5.60 5.72 5.84 5.97 6.11 6.24 6.37 6.50 6.62 6.74 6.84 6.93 7.02 7.10 7.16 7.23 7.30 7.35 7.39 7.44 7.47 7.51 7.55 7.58 7.60 7.55 7.45 7.34 7.22 7.11 7.01 6.91 6.82 6.73
8.56 8.63 8.67 8.69 8.70 8.69 8.67 8.62 8.54 8.43 8.29 8.12 7.94 7.75 7.55 7.37 7.19 7.02 6.84 6.66 6.46 6.24 6.02 5.80 5.57 5.35 5.12 4.91 4.71 4.53 4.39 4.24 4.12 4.02 3.94 3.90 3.86 3.88 3.96 4.09 4.25 4.42 4.59 4.75 4.90 5.04 5.16 5.28 5.39 5.51 5.62 5.73 5.86 6.00 6.14 6.28 6.42 6.55 6.67 6.79 6.89 6.98 7.06 7.13 7.20 7.25 7.31 7.34 7.38 7.40 7.43 7.46 7.48 7.48 7.47 7.43 7.35 7.25 7.14 7.04 6.94 6.84 6.75 6.66
8.49 8.58 8.64 8.69 8.72 8.73 8.73 8.69 8.62 8.51 8.35 8.17 7.95 7.73 7.51 7.30 7.10 6.92 6.73 6.55 6.36 6.16 5.95 5.73 5.50 5.27 5.04 4.82 4.62 4.45 4.30 4.18 4.06 3.99 3.95 3.93 3.93 3.97 4.06 4.18 4.34 4.49 4.65 4.81 4.96 5.10 5.22 5.33 5.43 5.53 5.63 5.74 5.87 6.01 6.16 6.32 6.46 6.60 6.73 6.84 6.93 7.02 7.10 7.16 7.22 7.27 7.30 7.33 7.35 7.36 7.38 7.38 7.38 7.37 7.34 7.30 7.23 7.14 7.04 6.95 6.85 6.76 6.67 6.59
8.41 8.51 8.60 8.67 8.72 8.76 8.78 8.76 8.70 8.59 8.42 8.20 7.96 7.70 7.44 7.20 6.99 6.80 6.61 6.44 6.26 6.08 5.88 5.67 5.44 5.19 4.95 4.71 4.51 4.34 4.20 4.10 4.02 3.98 3.97 3.96 3.99 4.05 4.15 4.28 4.43 4.59 4.74 4.89 5.05 5.18 5.30 5.39 5.48 5.55 5.63 5.73 5.86 6.01 6.18 6.35 6.51 6.65 6.78 6.88 6.97 7.06 7.13 7.19 7.24 7.27 7.29 7.31 7.31 7.30 7.30 7.29 7.27 7.25 7.22 7.16 7.10 7.02 6.93 6.84 6.75 6.67 6.58 6.50
8.32 8.43 8.53 8.63 8.71 8.78 8.83 8.83 8.79 8.68 8.49 8.24 7.94 7.63 7.34 7.08 6.85 6.65 6.48 6.30 6.15 6.00 5.82 5.62 5.38 5.12 4.85 4.60 4.38 4.22 4.10 4.02 3.98 3.95 3.97 4.00 4.05 4.13 4.24 4.37 4.52 4.68 4.84 5.00 5.15 5.28 5.38 5.46 5.52 5.56 5.61 5.70 5.83 6.00 6.20 6.39 6.56 6.71 6.83 6.92 7.01 7.08 7.14 7.19 7.23 7.26 7.28 7.27 7.25 7.23 7.20 7.18 7.16 7.12 7.07 7.02 6.96 6.88 6.80 6.72 6.64 6.56 6.49 6.41
8.21 8.33 8.45 8.57 8.68 8.78 8.86 8.91 8.90 8.79 8.58 8.27 7.91 7.54 7.20 6.91 6.67 6.48 6.32 6.16 6.04 5.92 5.78 5.59 5.34 5.05 4.74 4.46 4.23 4.07 3.98 3.93 3.92 3.94 3.97 4.02 4.10 4.20 4.32 4.46 4.61 4.78 4.94 5.11 5.26 5.39 5.49 5.55 5.56 5.56 5.57 5.64 5.77 5.97 6.20 6.43 6.62 6.77 6.87 6.95 7.02 7.07 7.13 7.18 7.23 7.25 7.25 7.22 7.18 7.14 7.09 7.05 7.02 6.98 6.93 6.87 6.81 6.74 6.67 6.60 6.52 6.46 6.38 6.30
8.06 8.21 8.35 8.48 8.61 8.75 8.87 8.97 9.01 8.93 8.69 8.31 7.86 7.40 7.01 6.70 6.47 6.28 6.13 6.02 5.92 5.85 5.75 5.59 5.33 4.99 4.63 4.30 4.05 3.91 3.85 3.84 3.89 3.91 3.97 4.05 4.15 4.28 4.40 4.54 4.70 4.88 5.04 5.21 5.37 5.52 5.62 5.65 5.61 5.54 5.49 5.53 5.67 5.92 6.20 6.48 6.69 6.83 6.91 6.96 6.99 7.04 7.10 7.15 7.20 7.23 7.21 7.16 7.09 7.03 6.96 6.91 6.87 6.82 6.77 6.71 6.65 6.59 6.53 6.46 6.41 6.34 6.26 6.20
7.91 8.07 8.21 8.35 8.51 8.67 8.83 8.98 9.11 9.11 8.83 8.33 7.76 7.21 6.75 6.45 6.24 6.07 5.92 5.84 5.79 5.77 5.74 5.62 5.34 4.94 4.50 4.10 3.82 3.72 3.71 3.75 3.84 3.92 3.98 4.08 4.19 4.34 4.46 4.62 4.78 4.97 5.13 5.31 5.49 5.65 5.79 5.78 5.66 5.51 5.38 5.35 5.52 5.84 6.20 6.54 6.79 6.89 6.92 6.94 6.94 6.98 7.03 7.09 7.16 7.19 7.15 7.06 6.97 6.89 6.81 6.77 6.71 6.65 6.60 6.55 6.49 6.44 6.38 6.34 6.28 6.21 6.14 6.08
7.73 7.88 8.04 8.19 8.35 8.53 8.71 8.91 9.11 9.28 8.91 8.27 7.62 6.98 6.44 6.20 6.03 5.87 5.72 5.64 5.65 5.67 5.69 5.69 5.35 4.87 4.38 3.91 3.56 3.55 3.61 3.69 3.81 3.91 3.99 4.11 4.24 4.40 4.54 4.69 4.88 5.04 5.21 5.39 5.57 5.75 5.94 5.92 5.71 5.49 5.28 5.12 5.37 5.77 6.18 6.59 6.89 6.88 6.85 6.84 6.84 6.87 6.91 6.97 7.06 7.13 7.04 6.92 6.81 6.71 6.64 6.58 6.53 6.47 6.42 6.38 6.33 6.28 6.25 6.20 6.14 6.08 6.02 5.96
7.53 7.67 7.82 7.98 8.14 8.31 8.49 8.68 8.86 8.95 8.64 8.05 7.43 6.83 6.33 6.06 5.88 5.72 5.58 5.49 5.49 5.51 5.53 5.48 5.19 4.74 4.28 3.85 3.55 3.51 3.58 3.67 3.80 3.92 4.01 4.15 4.31 4.45 4.62 4.78 4.94 5.12 5.28 5.45 5.61 5.77 5.93 5.90 5.71 5.50 5.30 5.19 5.39 5.74 6.12 6.49 6.72 6.74 6.72 6.69 6.68 6.70 6.73 6.78 6.84 6.89 6.81 6.69 6.59 6.50 6.43 6.39 6.33 6.28 6.24 6.20 6.16 6.11 6.10 6.05 6.00 5.95 5.89 5.83
7.31 7.44 7.58 7.73 7.87 8.03 8.18 8.32 8.42 8.39 8.14 7.71 7.20 6.70 6.28 5.98 5.77 5.61 5.48 5.39 5.33 5.30 5.26 5.16 4.92 4.58 4.20 3.87 3.65 3.57 3.59 3.71 3.81 3.94 4.08 4.19 4.34 4.51 4.68 4.84 5.00 5.17 5.32 5.47 5.60 5.77 5.83 5.81 5.69 5.54 5.41 5.37 5.50 5.74 6.02 6.27 6.45 6.50 6.51 6.49 6.48 6.47 6.49 6.51 6.53 6.53 6.48 6.40 6.32 6.25 6.19 6.17 6.12 6.08 6.05 6.01 5.98 5.98 5.94 5.90 5.85 5.81 5.76 5.71
7.06 7.18 7.30 7.44 7.57 7.69 7.81 7.90 7.93 7.86 7.66 7.33 6.93 6.53 6.18 5.90 5.67 5.49 5.35 5.25 5.15 5.09 5.01 4.87 4.68 4.41 4.12 3.86 3.69 3.62 3.63 3.73 3.83 3.97 4.11 4.24 4.42 4.58 4.75 4.90 5.06 5.20 5.34 5.48 5.58 5.72 5.76 5.74 5.67 5.58 5.50 5.49 5.57 5.73 5.92 6.07 6.20 6.26 6.26 6.25 6.23 6.21 6.20 6.19 6.18 6.16 6.12 6.07 6.02 5.98 5.94 5.93 5.90 5.87 5.85 5.83 5.84 5.81 5.78 5.75 5.72 5.68 5.63 5.58
6.80 6.90 7.00 7.11 7.22 7.32 7.41 7.46 7.45 7.37 7.20 6.94 6.64 6.33 6.03 5.76 5.54 5.36 5.21 5.10 4.97 4.88 4.78 4.64 4.45 4.25 4.03 3.83 3.70 3.64 3.65 3.76 3.86 4.00 4.16 4.29 4.48 4.65 4.81 4.96 5.10 5.23 5.36 5.47 5.55 5.67 5.70 5.70 5.65 5.60 5.55 5.55 5.60 5.69 5.78 5.89 5.97 6.01 6.00 5.99 5.95 5.92 5.88 5.85 5.82 5.79 5.75 5.72 5.70 5.68 5.69 5.68 5.67 5.67 5.66 5.67 5.65 5.64 5.62 5.59 5.58 5.54 5.50 5.45
6.52 6.60 6.69 6.78 6.86 6.93 6.98 7.00 6.99 6.91 6.77 6.57 6.33 6.09 5.84 5.60 5.39 5.21 5.05 4.93 4.82 4.68 4.57 4.44 4.27 4.09 3.92 3.76 3.69 3.66 3.68 3.76 3.88 4.05 4.21 4.42 4.55 4.71 4.88 5.02 5.16 5.28 5.37 5.47 5.58 5.64 5.66 5.67 5.65 5.61 5.58 5.58 5.60 5.64 5.67 5.72 5.76 5.77 5.76 5.72 5.67 5.61 5.55 5.49 5.44 5.40 5.37 5.36 5.38 5.39 5.40 5.43 5.44 5.45 5.48 5.48 5.48 5.47 5.46 5.46 5.44 5.41 5.37 5.33
6.22 6.29 6.36 6.44 6.50 6.55 6.58 6.58 6.54 6.46 6.34 6.20 6.03 5.83 5.63 5.42 5.22 5.04 4.88 4.75 4.64 4.50 4.39 4.26 4.12 3.96 3.81 3.70 3.62 3.62 3.66 3.76 3.92 4.09 4.27 4.47 4.65 4.82 4.94 5.07 5.20 5.31 5.40 5.49 5.57 5.63 5.65 5.64 5.64 5.60 5.59 5.58 5.57 5.55 5.55 5.56 5.56 5.55 5.52 5.46 5.39 5.31 5.22 5.13 5.06 5.00 4.99 5.01 5.05 5.09 5.15 5.18 5.22 5.27 5.29 5.29 5.30 5.31 5.33 5.32 5.31 5.28 5.25 5.21
5.92 5.97 6.03 6.09 6.14 6.18 6.19 6.17 6.12 6.05 5.96 5.86 5.73 5.58 5.41 5.23 5.04 4.86 4.70 4.56 4.46 4.33 4.24 4.12 3.99 3.84 3.70 3.58 3.53 3.55 3.63 3.75 3.92 4.12 4.31 4.52 4.71 4.89 5.01 5.12 5.23 5.32 5.40 5.48 5.55 5.60 5.62 5.62 5.62 5.59 5.58 5.56 5.52 5.48 5.44 5.40 5.36 5.33 5.28 5.23 5.13 5.03 4.91 4.78 4.67 4.60 4.60 4.66 4.73 4.81 4.89 4.96 5.02 5.07 5.10 5.12 5.14 5.15 5.19 5.19 5.18 5.16 5.14 5.10
5.61 5.65 5.71 5.76 5.80 5.82 5.81 5.79 5.73 5.66 5.59 5.53 5.45 5.35 5.21 5.06 4.87 4.67 4.50 4.37 4.29 4.21 4.13 4.03 3.89 3.74 3.59 3.47 3.42 3.49 3.60 3.75 3.92 4.13 4.34 4.57 4.78 4.96 5.08 5.18 5.26 5.34 5.40 5.48 5.52 5.57 5.59 5.59 5.59 5.57 5.57 5.54 5.48 5.41 5.32 5.24 5.17 5.12 5.07 5.00 4.91 4.79 4.62 4.45 4.29 4.20 4.22 4.32 4.44 4.55 4.65 4.75 4.82 4.88 4.93 4.96 4.99 5.04 5.05 5.06 5.06 5.05 5.03 5.00
5.30 5.35 5.40 5.44 5.47 5.48 5.47 5.43 5.37 5.28 5.24 5.22 5.19 5.13 5.04 4.88 4.69 4.50 4.32 4.18 4.12 4.07 4.02 3.95 3.82 3.67 3.51 3.35 3.29 3.40 3.55 3.73 3.92 4.12 4.36 4.60 4.82 5.04 5.16 5.19 5.26 5.35 5.41 5.46 5.52 5.56 5.56 5.55 5.54 5.55 5.55 5.53 5.44 5.32 5.20 5.08 4.98 4.93 4.87 4.81 4.72 4.58 4.40 4.19 3.96 3.79 3.88 4.04 4.20 4.33 4.45 4.56 4.64 4.71 4.77 4.82 4.85 4.90 4.93 4.95 4.95 4.95 4.93 4.91
5.05 5.08 5.13 5.16 5.18 5.18 5.16 5.11 5.05 4.98 4.96 4.96 4.94 4.90 4.83 4.69 4.52 4.34 4.17 4.04 4.00 3.97 3.93 3.87 3.75 3.61 3.46 3.34 3.26 3.37 3.54 3.72 3.91 4.11 4.34 4.58 4.81 5.03 5.14 5.21 5.26 5.32 5.37 5.42 5.47 5.52 5.53 5.52 5.52 5.50 5.49 5.46 5.35 5.22 5.08 4.94 4.83 4.77 4.70 4.63 4.54 4.40 4.22 4.01 3.78 3.60 3.68 3.86 4.03 4.17 4.29 4.39 4.48 4.55 4.62 4.67 4.74 4.78 4.82 4.84 4.85 4.86 4.86 4.83
4.86 4.86 4.88 4.90 4.91 4.90 4.87 4.84 4.80 4.75 4.73 4.72 4.70 4.67 4.60 4.50 4.36 4.22 4.10 4.00 3.92 3.89 3.84 3.78 3.72 3.61 3.49 3.39 3.36 3.42 3.55 3.71 3.90 4.09 4.30 4.53 4.74 4.92 5.05 5.11 5.17 5.26 5.32 5.37 5.41 5.46 5.50 5.49 5.46 5.43 5.38 5.33 5.23 5.10 4.96 4.83 4.72 4.64 4.56 4.48 4.38 4.25 4.10 3.94 3.77 3.67 3.70 3.82 3.93 4.06 4.17 4.26 4.35 4.42 4.49 4.57 4.63 4.67 4.71 4.74 4.76 4.78 4.78 4.76
4.67 4.66 4.66 4.66 4.66 4.64 4.62 4.60 4.57 4.54 4.52 4.51 4.49 4.46 4.41 4.33 4.23 4.13 4.03 3.96 3.91 3.88 3.83 3.77 3.70 3.61 3.52 3.46 3.44 3.49 3.60 3.72 3.88 4.06 4.24 4.45 4.64 4.80 4.93 5.00 5.08 5.19 5.25 5.31 5.39 5.43 5.44 5.43 5.41 5.34 5.29 5.21 5.09 4.97 4.84 4.72 4.61 4.52 4.43 4.35 4.26 4.17 4.05 3.92 3.81 3.75 3.76 3.83 3.92 4.01 4.09 4.17 4.24 4.32 4.38 4.46 4.52 4.57 4.62 4.66 4.69 4.71 4.71 4.69
4.50 4.48 4.46 4.45 4.43 4.41 4.40 4.38 4.35 4.33 4.32 4.31 4.30 4.28 4.24 4.18 4.11 4.04 3.97 3.91 3.87 3.85 3.81 3.75 3.69 3.62 3.56 3.51 3.50 3.55 3.63 3.73 3.86 4.02 4.18 4.37 4.53 4.68 4.82 4.93 5.02 5.10 5.18 5.28 5.32 5.36 5.38 5.36 5.33 5.25 5.18 5.09 4.99 4.84 4.72 4.60 4.49 4.40 4.32 4.27 4.19 4.10 4.02 3.93 3.87 3.83 3.83 3.86 3.92 3.99 4.03 4.12 4.16 4.22 4.28 4.37 4.42 4.48 4.53 4.58 4.61 4.64 4.65 4.64
4.32 4.30 4.27 4.25 4.22 4.21 4.19 4.16 4.15 4.14 4.14 4.14 4.13 4.12 4.09 4.05 4.00 3.96 3.90 3.86 3.83 3.82 3.79 3.75 3.70 3.65 3.61 3.57 3.56 3.59 3.65 3.74 3.85 3.97 4.11 4.28 4.43 4.57 4.74 4.82 4.92 5.04 5.07 5.18 5.26 5.30 5.31 5.29 5.26 5.17 5.08 4.98 4.86 4.74 4.59 4.48 4.37 4.29 4.21 4.18 4.12 4.06 4.00 3.96 3.92 3.90 3.89 3.91 3.94 3.97 4.02 4.06 4.11 4.16 4.20 4.29 4.34 4.39 4.44 4.50 4.54 4.58 4.59 4.59
4.16 4.12 4.09 4.06 4.04 4.01 3.99 3.96 3.95 3.94 3.95 3.97 3.99 3.98 3.97 3.95 3.91 3.87 3.84 3.81 3.82 3.81 3.79 3.77 3.73 3.70 3.65 3.60 3.60 3.61 3.66 3.73 3.83 3.93 4.05 4.20 4.33 4.46 4.62 4.74 4.86 4.96 5.03 5.09 5.16 5.22 5.24 5.23 5.18 5.10 4.98 4.86 4.74 4.61 4.46 4.35 4.25 4.17 4.14 4.09 4.05 4.02 4.00 3.99 3.98 3.97 3.96 3.96 3.94 3.96 3.98 4.01 4.04 4.08 4.15 4.20 4.26 4.32 4.37 4.43 4.48 4.52 4.55 4.56
4.00 3.96 3.92 3.89 3.86 3.82 3.79 3.77 3.75 3.75 3.77 3.80 3.85 3.88 3.87 3.86 3.83 3.79 3.77 3.76 3.78 3.79 3.80 3.79 3.79 3.73 3.67 3.62 3.60 3.61 3.64 3.70 3.78 3.87 3.97 4.10 4.22 4.34 4.50 4.64 4.74 4.85 4.93 5.00 5.09 5.16 5.18 5.17 5.11 5.01 4.89 4.75 4.61 4.48 4.35 4.21 4.12 4.05 4.03 4.00 3.99 3.99 4.00 4.02 4.03 4.04 4.02 3.99 3.96 3.95 3.94 3.94 3.97 4.01 4.08 4.13 4.18 4.24 4.27 4.34 4.41 4.47 4.51 4.53
3.85 3.80 3.75 3.72 3.68 3.65 3.61 3.58 3.55 3.55 3.58 3.64 3.72 3.78 3.81 3.79 3.75 3.72 3.70 3.70 3.74 3.78 3.82 3.85 3.82 3.76 3.68 3.62 3.59 3.59 3.60 3.65 3.72 3.80 3.88 4.00 4.11 4.26 4.38 4.51 4.61 4.70 4.81 4.93 5.01 5.09 5.14 5.12 5.04 4.92 4.78 4.63 4.49 4.34 4.20 4.06 3.97 3.94 3.91 3.90 3.92 3.95 3.98 4.03 4.08 4.10 4.08 4.02 3.97 3.92 3.89 3.87 3.90 3.94 3.98 4.02 4.07 4.12 4.19 4.27 4.32 4.40 4.47 4.51
3.70 3.63 3.60 3.56 3.53 3.49 3.45 3.41 3.37 3.35 3.39 3.50 3.60 3.70 3.76 3.74 3.70 3.64 3.60 3.63 3.68 3.76 3.85 3.90 3.86 3.77 3.68 3.60 3.55 3.55 3.56 3.60 3.65 3.72 3.80 3.94 4.02 4.13 4.24 4.35 4.44 4.56 4.69 4.80 4.92 5.03 5.11 5.07 4.96 4.81 4.65 4.50 4.35 4.20 4.06 3.92 3.82 3.80 3.80 3.81 3.83 3.88 3.94 4.02 4.11 4.17 4.13 4.03 3.94 3.87 3.82 3.81 3.80 3.82 3.86 3.89 3.94 4.00 4.07 4.15 4.23 4.33 4.41 4.49
3.50 3.49 3.46 3.42 3.38 3.34 3.30 3.26 3.22 3.18 3.24 3.37 3.49 3.61 3.71 3.68 3.64 3.58 3.54 3.54 3.62 3.72 3.82 3.91 3.87 3.76 3.66 3.57 3.51 3.50 3.51 3.54 3.58 3.63 3.70 3.82 3.91 4.00 4.07 4.18 4.29 4.41 4.54 4.66 4.78 4.90 5.02 5.00 4.84 4.67 4.51 4.35 4.19 4.05 3.91 3.78 3.69 3.67 3.67 3.69 3.73 3.78 3.86 3.96 4.08 4.19 4.10 3.97 3.86 3.78 3.74 3.70 3.68 3.70 3.72 3.75 3.80 3.85 3.93 4.01 4.10 4.20 4.30 4.41
3.37 3.34 3.32 3.29 3.25 3.22 3.18 3.15 3.12 3.11 3.17 3.27 3.38 3.48 3.56 3.57 3.54 3.51 3.50 3.52 3.57 3.66 3.74 3.79 3.77 3.70 3.61 3.53 3.48 3.46 3.46 3.47 3.50 3.56 3.62 3.70 3.78 3.84 3.94 4.02 4.11 4.23 4.35 4.48 4.60 4.70 4.77 4.75 4.64 4.49 4.34 4.18 4.04 3.89 3.77 3.66 3.59 3.55 3.55 3.57 3.61 3.67 3.74 3.83 3.93 3.98 3.94 3.84 3.74 3.68 3.61 3.57 3.56 3.55 3.57 3.60 3.64 3.69 3.76 3.84 3.93 4.03 4.12 4.19
3.25 3.22 3.19 3.17 3.14 3.11 3.08 3.06 3.05 3.07 3.11 3.19 3.28 3.36 3.42 3.44 3.45 3.44 3.45 3.48 3.52 3.58 3.64 3.66 3.66 3.61 3.55 3.48 3.44 3.41 3.42 3.42 3.44 3.47 3.51 3.55 3.62 3.69 3.78 3.86 3.96 4.05 4.17 4.27 4.37 4.46 4.50 4.48 4.40 4.29 4.15 4.01 3.88 3.75 3.63 3.54 3.47 3.43 3.43 3.44 3.48 3.53 3.59 3.66 3.73 3.75 3.73 3.68 3.60 3.53 3.46 3.44 3.41 3.40 3.40 3.42 3.46 3.51 3.58 3.66 3.74 3.82 3.89 3.96
3.13 3.10 3.08 3.06 3.04 3.02 3.00 2.99 2.99 3.01 3.06 3.12 3.18 3.26 3.31 3.34 3.35 3.37 3.39 3.42 3.45 3.49 3.53 3.55 3.55 3.50 3.47 3.43 3.38 3.37 3.35 3.34 3.34 3.36 3.38 3.41 3.47 3.53 3.61 3.69 3.78 3.86 3.97 4.07 4.15 4.21 4.25 4.23 4.17 4.07 3.96 3.84 3.71 3.59 3.48 3.39 3.33 3.29 3.29 3.30 3.33 3.38 3.43 3.48 3.52 3.53 3.52 3.48 3.42 3.35 3.29 3.27 3.23 3.22 3.21 3.23 3.26 3.32 3.43 3.49 3.57 3.63 3.68 3.71
3.01 2.99 2.97 2.95 2.94 2.93 2.93 2.93 2.93 2.96 2.99 3.04 3.11 3.17 3.21 3.24 3.27 3.29 3.32 3.34 3.38 3.41 3.45 3.45 3.45 3.43 3.40 3.36 3.33 3.30 3.27 3.26 3.25 3.25 3.25 3.28 3.31 3.36 3.43 3.51 3.59 3.69 3.78 3.86 3.93 3.98 4.00 3.99 3.95 3.88 3.78 3.65 3.55 3.44 3.32 3.24 3.18 3.15 3.14 3.16 3.17 3.21 3.25 3.29 3.32 3.32 3.32 3.28 3.22 3.16 3.13 3.07 3.03 3.06 3.06 3.08 3.10 3.15 3.21 3.28 3.34 3.40 3.45 3.46
2.90 2.88 2.87 2.86 2.86 2.86 2.86 2.87 2.88 2.89 2.93 2.97 3.05 3.10 3.13 3.17 3.19 3.22 3.25 3.28 3.30 3.33 3.36 3.38 3.36 3.35 3.33 3.30 3.27 3.24 3.21 3.18 3.15 3.15 3.14 3.13 3.15 3.21 3.26 3.32 3.42 3.50 3.61 3.66 3.73 3.77 3.79 3.79 3.74 3.69 3.59 3.49 3.38 3.27 3.17 3.09 3.03 3.01 3.00 3.02 3.05 3.06 3.10 3.13 3.15 3.15 3.15 3.11 3.05 3.00 2.98 2.93 2.88 2.84 2.84 2.86 2.89 2.95 3.02 3.09 3.13 3.17 3.22 3.24
2.79 2.78 2.77 2.77 2.77 2.78 2.79 2.85 2.87 2.89 2.92 2.95 2.99 3.02 3.06 3.09 3.13 3.15 3.18 3.21 3.24 3.27 3.28 3.30 3.30 3.28 3.26 3.25 3.21 3.18 3.14 3.13 3.09 3.06 3.03 3.01 3.00 3.02 3.07 3.15 3.25 3.34 3.43 3.49 3.54 3.58 3.62 3.60 3.57 3.50 3.42 3.32 3.21 3.10 3.00 2.92 2.87 2.84 2.84 2.86 2.88 2.91 2.93 2.96 2.97 2.96 2.96 2.93 2.88 2.85 2.78 2.73 2.67 2.63 2.62 2.62 2.66 2.73 2.81 2.88 2.94 2.98 3.01 3.03
2.69 2.68 2.68 2.69 2.70 2.75 2.77 2.79 2.81 2.84 2.87 2.90 2.93 2.96 2.99 3.02 3.06 3.08 3.10 3.13 3.16 3.20 3.23 3.23 3.24 3.23 3.22 3.20 3.16 3.13 3.11 3.06 3.01 2.96 2.91 2.87 2.83 2.83 2.88 2.97 3.07 3.17 3.26 3.32 3.38 3.42 3.44 3.43 3.38 3.34 3.26 3.17 3.06 2.94 2.83 2.74 2.68 2.67 2.69 2.72 2.73 2.76 2.79 2.80 2.81 2.80 2.79 2.76 2.73 2.67 2.60 2.55 2.48 2.41 2.37 2.38 2.44 2.52 2.60 2.68 2.76 2.81 2.82 2.83
2.59 2.58 2.60 2.64 2.66 2.69 2.71 2.74 2.77 2.79 2.82 2.85 2.88 2.91 2.93 2.97 2.99 3.01 3.02 3.05 3.10 3.14 3.17 3.18 3.19 3.18 3.17 3.16 3.15 3.11 3.06 3.00 2.95 2.88 2.81 2.74 2.67 2.64 2.69 2.80 2.91 3.02 3.12 3.18 3.24 3.29 3.30 3.28 3.26 3.20 3.11 3.03 2.92 2.80 2.68 2.56 2.49 2.50 2.53 2.58 2.59 2.62 2.65 2.65 2.66 2.65 2.64 2.62 2.57 2.51 2.44 2.36 2.29 2.20 2.14 2.15 2.23 2.33 2.42 2.51 2.58 2.64 2.67 2.68
2.49 2.51 2.54 2.57 2.60 2.63 2.66 2.69 2.72 2.75 2.78 2.81 2.84 2.86 2.88 2.92 2.94 2.95 2.96 2.98 3.04 3.09 3.13 3.16 3.17 3.18 3.17 3.15 3.11 3.07 3.02 2.96 2.89 2.82 2.74 2.65 2.55 2.46 2.54 2.67 2.79 2.91 3.01 3.09 3.12 3.17 3.18 3.16 3.13 3.08 3.00 2.91 2.81 2.68 2.55 2.41 2.31 2.36 2.41 2.43 2.47 2.50 2.52 2.54 2.54 2.52 2.52 2.49 2.44 2.38 2.30 2.21 2.14 2.03 1.91 1.93 2.05 2.17 2.27 2.36 2.43 2.48 2.52 2.53
