data/EU espacial/F17022017.grd
DSAA
94	94
0.0000	100.0000
0.0000	100.0000
3.7177	12.1405
[rows 0 to 36 of 94, columns 0 to 83 of 94]
7.26 7.20 7.11 7.08 6.95 6.80 6.64 6.47 6.31 6.15 6.00 5.87 5.75 5.66 5.60 5.56 5.68 5.69 5.72 5.81 5.87 5.95 6.05 6.17 6.29 6.51 6.78 6.93 7.10 7.23 7.45 7.57 7.69 7.72 7.82 7.89 7.96 8.10 8.13 8.14 8.15 8.15 8.14 8.06 8.05 8.06 8.05 8.10 8.39 8.48 8.41 8.55 8.71 8.90 9.16 9.30 9.53 9.76 10.08 10.33 10.55 10.75 10.93 11.07 11.21 11.33 11.37 11.43 11.47 11.35 11.34 11.20 11.14 11.05 10.93 10.74 10.56 10.37 10.14 9.89 9.62 9.35 9.08 8.81
7.27 7.21 7.12 7.01 6.88 6.81 6.66 6.50 6.34 6.19 6.05 5.93 5.83 5.75 5.70 5.68 5.79 5.81 5.85 5.94 6.02 6.08 6.18 6.29 6.40 6.52 6.66 6.87 6.99 7.24 7.31 7.54 7.64 7.68 7.76 7.84 7.90 8.03 8.06 8.08 8.09 8.09 8.09 8.02 8.02 8.03 8.02 8.08 8.36 8.30 8.42 8.58 8.76 8.96 9.17 9.41 9.65 9.90 10.15 10.49 10.71 10.92 11.10 11.24 11.37 11.46 11.51 11.56 11.58 11.45 11.41 11.27 11.19 11.08 10.91 10.77 10.57 10.35 10.11 9.84 9.57 9.29 9.02 8.74
7.27 7.21 7.13 7.02 6.89 6.75 6.61 6.52 6.37 6.24 6.11 6.00 5.92 5.86 5.83 5.82 5.83 5.96 6.00 6.10 6.17 6.24 6.33 6.42 6.52 6.62 6.73 6.92 7.03 7.13 7.30 7.50 7.59 7.62 7.70 7.77 7.83 7.95 7.98 8.01 8.02 8.03 8.03 7.97 7.98 7.96 8.00 8.07 8.14 8.30 8.44 8.61 8.81 9.01 9.25 9.51 9.77 10.03 10.34 10.63 10.86 11.06 11.24 11.38 11.49 11.58 11.63 11.64 11.51 11.49 11.44 11.29 11.19 11.06 10.91 10.73 10.52 10.29 10.03 9.76 9.49 9.20 8.92 8.65
7.27 7.21 7.13 7.02 6.90 6.77 6.63 6.49 6.36 6.29 6.18 6.09 6.03 5.99 5.97 5.98 6.01 6.13 6.18 6.27 6.34 6.38 6.49 6.56 6.65 6.73 6.89 6.97 7.06 7.14 7.26 7.36 7.52 7.56 7.63 7.69 7.75 7.80 7.91 7.94 7.96 7.97 7.94 7.94 7.92 7.95 7.99 8.06 8.09 8.22 8.47 8.65 8.86 9.07 9.33 9.60 9.87 10.18 10.44 10.69 10.97 11.17 11.34 11.46 11.57 11.64 11.67 11.68 11.53 11.48 11.40 11.25 11.13 10.99 10.82 10.63 10.41 10.17 9.91 9.64 9.36 9.08 8.80 8.52
7.32 7.20 7.12 7.02 6.91 6.78 6.66 6.53 6.41 6.31 6.22 6.20 6.15 6.13 6.13 6.15 6.19 6.28 6.37 6.46 6.50 6.56 6.63 6.71 6.78 6.80 6.86 7.02 7.08 7.14 7.24 7.28 7.41 7.48 7.55 7.61 7.67 7.73 7.83 7.87 7.90 7.92 7.90 7.89 7.91 7.95 8.00 7.96 8.11 8.26 8.43 8.69 8.88 9.13 9.39 9.66 9.95 10.25 10.52 10.76 10.98 11.23 11.37 11.50 11.59 11.64 11.66 11.64 11.48 11.41 11.31 11.18 11.02 10.87 10.69 10.49 10.25 10.01 9.75 9.48 9.20 8.92 8.64 8.38
7.30 7.19 7.11 7.02 6.91 6.80 6.68 6.57 6.47 6.38 6.31 6.27 6.25 6.27 6.29 6.33 6.38 6.48 6.55 6.64 6.69 6.74 6.79 6.83 6.87 6.90 6.93 7.06 7.10 7.16 7.21 7.27 7.30 7.40 7.46 7.53 7.59 7.65 7.77 7.82 7.85 7.89 7.86 7.89 7.92 7.97 8.03 8.04 8.16 8.30 8.48 8.67 8.93 9.18 9.45 9.72 10.00 10.29 10.55 10.79 11.00 11.22 11.36 11.48 11.55 11.58 11.58 11.54 11.47 11.27 11.16 11.01 10.87 10.69 10.50 10.28 10.06 9.81 9.55 9.29 9.01 8.74 8.47 8.20
7.28 7.23 7.10 7.02 6.92 6.82 6.71 6.62 6.53 6.46 6.41 6.38 6.38 6.40 6.45 6.51 6.58 6.67 6.75 6.81 6.86 6.90 6.94 6.96 6.98 6.99 7.00 7.08 7.09 7.14 7.17 7.21 7.25 7.31 7.38 7.44 7.51 7.59 7.71 7.77 7.83 7.86 7.87 7.92 7.96 8.01 8.05 8.10 8.21 8.36 8.54 8.73 8.96 9.22 9.48 9.74 10.03 10.30 10.55 10.77 10.97 11.13 11.29 11.38 11.44 11.45 11.43 11.37 11.29 11.07 10.94 10.79 10.64 10.46 10.26 10.04 9.82 9.57 9.32 9.06 8.79 8.53 8.27 8.01
7.26 7.21 7.10 7.02 6.93 6.84 6.74 6.66 6.59 6.54 6.50 6.50 6.51 6.55 6.61 6.68 6.77 6.85 6.93 6.98 7.02 7.05 7.07 7.07 7.07 7.06 7.04 7.03 7.08 7.10 7.11 7.14 7.18 7.25 7.30 7.37 7.44 7.53 7.65 7.75 7.82 7.89 7.91 7.98 8.03 8.07 8.13 8.17 8.29 8.43 8.59 8.79 9.01 9.25 9.50 9.75 9.99 10.25 10.49 10.69 10.87 11.02 11.12 11.22 11.26 11.25 11.21 11.14 10.90 10.77 10.67 10.53 10.35 10.17 9.98 9.77 9.54 9.31 9.06 8.81 8.55 8.30 8.05 7.77
7.25 7.20 7.09 7.02 6.94 6.86 6.78 6.71 6.65 6.61 6.60 6.61 6.64 6.69 6.76 6.84 6.93 7.02 7.09 7.13 7.17 7.18 7.18 7.16 7.13 7.10 7.07 7.03 7.04 7.04 7.04 7.07 7.11 7.18 7.23 7.32 7.42 7.49 7.64 7.76 7.86 7.90 7.98 8.04 8.12 8.18 8.23 8.27 8.38 8.51 8.67 8.85 9.06 9.28 9.51 9.74 9.93 10.17 10.37 10.56 10.72 10.84 10.92 10.99 11.00 10.98 10.92 10.71 10.59 10.45 10.35 10.21 10.03 9.85 9.66 9.45 9.24 9.01 8.78 8.54 8.30 8.06 7.79 7.56
7.23 7.19 7.13 7.02 6.95 6.88 6.81 6.75 6.71 6.68 6.68 6.70 6.75 6.81 6.89 6.98 7.08 7.17 7.24 7.25 7.28 7.28 7.26 7.22 7.17 7.12 7.06 7.01 6.98 6.95 6.96 6.98 7.02 7.10 7.20 7.27 7.42 7.51 7.65 7.80 7.91 8.00 8.08 8.15 8.23 8.30 8.36 8.38 8.48 8.60 8.74 8.91 9.09 9.28 9.47 9.67 9.84 10.03 10.21 10.37 10.50 10.59 10.66 10.68 10.68 10.64 10.48 10.36 10.23 10.08 9.98 9.84 9.66 9.49 9.31 9.11 8.91 8.70 8.48 8.26 8.00 7.78 7.56 7.34
7.22 7.18 7.12 7.02 6.96 6.89 6.84 6.79 6.76 6.74 6.75 6.79 6.84 6.92 7.00 7.10 7.19 7.28 7.36 7.39 7.36 7.34 7.31 7.25 7.18 7.10 7.03 6.96 6.90 6.86 6.87 6.89 6.94 7.03 7.14 7.23 7.41 7.54 7.70 7.86 7.98 8.10 8.20 8.29 8.37 8.45 8.49 8.53 8.60 8.70 8.82 8.95 9.10 9.26 9.43 9.59 9.74 9.90 10.00 10.11 10.21 10.28 10.32 10.33 10.30 10.19 10.08 9.96 9.82 9.67 9.55 9.39 9.28 9.11 8.94 8.76 8.57 8.38 8.17 7.94 7.74 7.53 7.32 7.16
7.29 7.25 7.11 7.05 6.96 6.91 6.86 6.82 6.80 6.79 6.81 6.85 6.91 6.99 7.08 7.18 7.27 7.35 7.43 7.45 7.44 7.37 7.31 7.24 7.15 7.05 6.97 6.89 6.81 6.76 6.75 6.79 6.84 6.95 7.08 7.29 7.41 7.57 7.76 7.94 8.08 8.22 8.35 8.45 8.53 8.59 8.61 8.66 8.72 8.80 8.88 8.98 9.09 9.21 9.33 9.45 9.56 9.68 9.78 9.86 9.87 9.91 9.93 9.91 9.87 9.75 9.64 9.51 9.37 9.26 9.12 8.96 8.86 8.71 8.55 8.39 8.22 8.05 7.84 7.66 7.47 7.28 7.13 6.94
7.28 7.24 7.19 7.13 6.96 6.91 6.87 6.84 6.82 6.82 6.85 6.90 6.96 7.04 7.13 7.23 7.30 7.40 7.47 7.47 7.45 7.40 7.28 7.19 7.08 6.98 6.88 6.80 6.69 6.65 6.64 6.67 6.75 6.88 7.07 7.26 7.40 7.61 7.82 8.03 8.22 8.36 8.50 8.61 8.70 8.75 8.79 8.80 8.84 8.88 8.94 8.99 9.06 9.13 9.20 9.27 9.34 9.41 9.48 9.52 9.54 9.50 9.49 9.45 9.40 9.28 9.16 9.03 8.90 8.80 8.66 8.52 8.43 8.30 8.16 8.02 7.87 7.70 7.54 7.38 7.22 7.08 6.90 6.73
7.26 7.22 7.17 7.11 7.06 6.91 6.87 6.84 6.83 6.83 6.86 6.91 6.98 7.06 7.15 7.21 7.31 7.40 7.46 7.44 7.41 7.35 7.26 7.11 6.99 6.88 6.77 6.68 6.56 6.52 6.52 6.57 6.65 6.81 7.02 7.24 7.41 7.65 7.89 8.13 8.34 8.50 8.65 8.79 8.86 8.91 8.94 8.92 8.94 8.95 8.97 8.98 9.00 9.02 9.04 9.06 9.08 9.11 9.13 9.14 9.13 9.09 9.01 8.96 8.89 8.78 8.66 8.54 8.45 8.33 8.20 8.08 8.00 7.89 7.77 7.65 7.51 7.39 7.26 7.12 7.01 6.85 6.69 6.53
7.20 7.16 7.11 7.05 6.99 6.89 6.85 6.82 6.81 6.82 6.85 6.90 6.96 7.04 7.09 7.19 7.29 7.36 7.40 7.38 7.33 7.26 7.16 7.04 6.87 6.75 6.64 6.55 6.42 6.39 6.40 6.46 6.56 6.72 6.94 7.19 7.46 7.69 7.96 8.22 8.45 8.67 8.79 8.94 9.01 9.05 9.07 9.03 9.02 9.00 8.97 8.94 8.91 8.88 8.85 8.82 8.79 8.77 8.75 8.72 8.68 8.63 8.56 8.45 8.37 8.28 8.19 8.09 7.96 7.85 7.75 7.65 7.55 7.47 7.34 7.25 7.15 7.05 6.94 6.83 6.77 6.63 6.49 6.34
7.17 7.12 7.07 7.01 6.95 6.90 6.81 6.79 6.77 6.78 6.81 6.85 6.91 6.95 7.04 7.14 7.22 7.28 7.31 7.27 7.22 7.14 7.03 6.90 6.76 6.60 6.49 6.40 6.29 6.25 6.27 6.34 6.46 6.65 6.89 7.16 7.45 7.77 8.01 8.29 8.54 8.77 8.98 9.07 9.14 9.17 9.17 9.10 9.06 9.01 8.94 8.87 8.79 8.71 8.62 8.55 8.48 8.42 8.35 8.29 8.22 8.15 8.07 7.97 7.85 7.77 7.66 7.56 7.49 7.40 7.31 7.23 7.16 7.07 7.01 6.93 6.86 6.78 6.70 6.66 6.55 6.43 6.30 6.17
7.13 7.08 7.02 6.96 6.90 6.84 6.79 6.72 6.71 6.71 6.74 6.78 6.80 6.88 6.96 7.05 7.12 7.17 7.19 7.14 7.07 6.98 6.87 6.74 6.61 6.47 6.33 6.25 6.13 6.11 6.14 6.22 6.37 6.60 6.84 7.13 7.44 7.78 8.04 8.34 8.61 8.85 9.06 9.20 9.24 9.26 9.24 9.13 9.08 8.99 8.88 8.77 8.64 8.52 8.38 8.26 8.15 8.05 7.95 7.85 7.76 7.67 7.58 7.48 7.38 7.28 7.19 7.10 7.04 6.97 6.91 6.83 6.78 6.74 6.69 6.65 6.59 6.54 6.47 6.45 6.36 6.25 6.14 6.03
7.13 7.07 6.96 6.89 6.82 6.76 6.70 6.66 6.62 6.62 6.64 6.64 6.70 6.77 6.85 6.92 6.98 7.02 7.04 6.97 6.91 6.81 6.69 6.57 6.43 6.31 6.20 6.04 5.92 5.92 5.98 6.12 6.30 6.53 6.80 7.09 7.41 7.76 8.06 8.37 8.65 8.90 9.10 9.25 9.31 9.30 9.26 9.19 9.04 8.92 8.78 8.63 8.48 8.32 8.15 7.96 7.81 7.68 7.58 7.46 7.35 7.21 7.11 7.02 6.92 6.82 6.76 6.70 6.63 6.57 6.52 6.48 6.45 6.43 6.42 6.39 6.35 6.32 6.28 6.26 6.18 6.10 6.01 5.91
7.07 7.01 6.94 6.86 6.73 6.66 6.60 6.55 6.51 6.50 6.48 6.52 6.58 6.64 6.70 6.77 6.82 6.85 6.86 6.79 6.72 6.62 6.51 6.38 6.26 6.14 6.04 5.88 5.79 5.81 5.89 6.02 6.22 6.46 6.74 7.03 7.36 7.73 8.04 8.35 8.66 8.91 9.10 9.26 9.30 9.29 9.23 9.15 8.97 8.83 8.66 8.47 8.28 8.08 7.88 7.69 7.48 7.35 7.20 7.06 6.93 6.81 6.70 6.60 6.51 6.41 6.37 6.32 6.28 6.23 6.20 6.18 6.17 6.17 6.17 6.17 6.15 6.14 6.12 6.09 6.04 5.97 5.89 5.76
7.01 6.94 6.86 6.77 6.65 6.57 6.49 6.43 6.38 6.33 6.34 6.37 6.41 6.47 6.52 6.57 6.62 6.64 6.64 6.57 6.50 6.41 6.30 6.18 6.06 5.95 5.87 5.70 5.69 5.71 5.79 5.91 6.12 6.36 6.66 6.95 7.29 7.61 7.98 8.30 8.58 8.85 9.02 9.18 9.24 9.23 9.16 9.05 8.85 8.68 8.48 8.27 8.05 7.82 7.60 7.38 7.22 7.00 6.83 6.68 6.55 6.43 6.32 6.22 6.18 6.14 6.08 6.00 5.95 5.94 5.93 5.93 5.94 5.95 5.97 5.99 6.00 5.96 5.95 5.92 5.88 5.83 5.76 5.69
6.94 6.86 6.75 6.65 6.55 6.46 6.37 6.30 6.22 6.20 6.19 6.22 6.26 6.30 6.35 6.40 6.44 6.46 6.47 6.40 6.33 6.24 6.13 6.02 5.91 5.82 5.74 5.69 5.58 5.60 5.68 5.83 6.03 6.28 6.56 6.87 7.20 7.53 7.87 8.21 8.49 8.73 8.92 9.06 9.12 9.10 9.02 8.93 8.72 8.55 8.35 8.05 7.81 7.56 7.32 7.14 6.92 6.73 6.51 6.35 6.22 6.14 6.04 5.96 5.89 5.87 5.80 5.74 5.70 5.71 5.71 5.73 5.75 5.78 5.81 5.84 5.82 5.83 5.82 5.81 5.79 5.75 5.70 5.65
6.90 6.81 6.67 6.55 6.44 6.34 6.24 6.14 6.08 6.04 6.03 6.03 6.08 6.12 6.17 6.21 6.25 6.28 6.28 6.22 6.15 6.07 5.97 5.87 5.77 5.69 5.62 5.58 5.51 5.50 5.62 5.75 5.95 6.19 6.47 6.78 7.10 7.41 7.76 8.08 8.36 8.59 8.76 8.89 8.94 8.92 8.87 8.69 8.52 8.33 8.12 7.89 7.65 7.40 7.11 6.87 6.65 6.45 6.28 6.12 5.99 5.88 5.79 5.72 5.67 5.65 5.61 5.56 5.54 5.52 5.55 5.57 5.60 5.64 5.68 5.73 5.70 5.72 5.73 5.73 5.72 5.69 5.67 5.64
6.84 6.74 6.63 6.45 6.33 6.22 6.08 6.00 5.93 5.88 5.86 5.85 5.87 5.93 5.97 6.02 6.06 6.08 6.09 6.04 5.98 5.91 5.82 5.73 5.64 5.57 5.51 5.48 5.43 5.46 5.55 5.68 5.85 6.10 6.37 6.67 6.97 7.27 7.61 7.91 8.18 8.40 8.57 8.68 8.73 8.71 8.63 8.46 8.29 8.09 7.87 7.63 7.39 7.14 6.85 6.62 6.40 6.21 6.03 5.89 5.78 5.68 5.61 5.55 5.53 5.50 5.46 5.42 5.40 5.40 5.41 5.43 5.46 5.54 5.59 5.58 5.61 5.64 5.63 5.64 5.65 5.66 5.66 5.64
6.79 6.68 6.56 6.42 6.29 6.06 5.95 5.85 5.77 5.71 5.68 5.67 5.68 5.70 5.77 5.82 5.86 5.89 5.91 5.86 5.81 5.75 5.68 5.60 5.53 5.46 5.41 5.40 5.34 5.39 5.48 5.61 5.78 6.01 6.27 6.55 6.84 7.13 7.43 7.71 7.98 8.17 8.32 8.45 8.47 8.44 8.35 8.21 8.06 7.83 7.60 7.37 7.13 6.89 6.65 6.38 6.18 6.00 5.84 5.72 5.62 5.54 5.48 5.44 5.42 5.40 5.39 5.33 5.32 5.32 5.33 5.36 5.39 5.44 5.52 5.51 5.54 5.57 5.59 5.61 5.63 5.64 5.67 5.67
6.75 6.63 6.49 6.34 6.14 6.00 5.82 5.71 5.62 5.55 5.51 5.49 5.49 5.51 5.54 5.62 5.66 5.70 5.72 5.69 5.65 5.60 5.54 5.48 5.42 5.36 5.33 5.33 5.35 5.34 5.42 5.55 5.72 5.93 6.17 6.42 6.71 6.99 7.26 7.51 7.72 7.91 8.08 8.17 8.18 8.14 8.05 7.91 7.75 7.58 7.33 7.10 6.87 6.64 6.42 6.17 5.99 5.82 5.69 5.59 5.51 5.45 5.42 5.39 5.36 5.34 5.31 5.29 5.28 5.28 5.30 5.32 5.36 5.41 5.39 5.46 5.50 5.53 5.57 5.60 5.63 5.65 5.68 5.70
6.62 6.49 6.35 6.19 5.97 5.82 5.68 5.56 5.45 5.40 5.34 5.31 5.31 5.32 5.35 5.39 5.47 5.52 5.55 5.53 5.50 5.47 5.42 5.37 5.32 5.28 5.27 5.27 5.29 5.29 5.38 5.49 5.65 5.84 6.06 6.29 6.56 6.80 7.04 7.28 7.47 7.64 7.79 7.85 7.87 7.82 7.73 7.59 7.44 7.27 7.08 6.83 6.61 6.40 6.20 5.98 5.82 5.68 5.57 5.49 5.44 5.41 5.38 5.36 5.35 5.32 5.29 5.28 5.27 5.27 5.28 5.30 5.35 5.39 5.36 5.39 5.43 5.47 5.51 5.60 5.64 5.68 5.72 5.76
6.61 6.46 6.31 6.07 5.90 5.73 5.58 5.44 5.32 5.23 5.17 5.14 5.14 5.15 5.18 5.22 5.26 5.35 5.39 5.38 5.37 5.34 5.31 5.27 5.24 5.22 5.21 5.22 5.25 5.26 5.34 5.45 5.59 5.76 5.94 6.17 6.39 6.61 6.83 7.04 7.21 7.36 7.49 7.53 7.56 7.50 7.38 7.26 7.13 6.96 6.78 6.60 6.42 6.18 6.00 5.85 5.68 5.57 5.49 5.44 5.42 5.39 5.38 5.37 5.37 5.33 5.31 5.29 5.29 5.30 5.30 5.33 5.36 5.38 5.35 5.38 5.41 5.48 5.52 5.56 5.61 5.66 5.70 5.75
6.60 6.45 6.28 6.03 5.85 5.67 5.50 5.35 5.21 5.11 5.03 4.99 4.98 4.99 5.02 5.06 5.10 5.15 5.24 5.24 5.24 5.23 5.21 5.19 5.18 5.17 5.17 5.16 5.19 5.21 5.29 5.40 5.54 5.68 5.85 6.05 6.24 6.43 6.62 6.81 6.95 7.08 7.19 7.22 7.21 7.16 7.05 6.94 6.82 6.66 6.50 6.34 6.18 6.03 5.83 5.70 5.56 5.49 5.44 5.42 5.40 5.40 5.39 5.40 5.40 5.33 5.32 5.32 5.31 5.32 5.32 5.34 5.36 5.39 5.33 5.35 5.38 5.42 5.47 5.52 5.58 5.71 5.78 5.86
6.65 6.49 6.19 6.01 5.82 5.62 5.44 5.27 5.13 5.01 4.92 4.87 4.84 4.85 4.88 4.92 4.98 5.02 5.07 5.12 5.13 5.13 5.12 5.10 5.10 5.09 5.10 5.11 5.15 5.21 5.26 5.36 5.47 5.60 5.75 5.94 6.12 6.31 6.44 6.59 6.70 6.81 6.89 6.91 6.90 6.84 6.74 6.63 6.51 6.37 6.23 6.10 5.94 5.82 5.68 5.58 5.55 5.47 5.44 5.42 5.41 5.39 5.39 5.40 5.37 5.36 5.35 5.34 5.34 5.34 5.38 5.39 5.38 5.31 5.33 5.35 5.39 5.43 5.48 5.54 5.62 5.70 5.80 5.92
6.67 6.50 6.31 6.10 5.80 5.60 5.40 5.22 5.06 4.93 4.83 4.77 4.73 4.73 4.75 4.80 4.86 4.92 5.04 5.09 5.05 5.05 5.05 5.04 5.04 5.04 5.05 5.07 5.11 5.14 5.20 5.31 5.41 5.52 5.66 5.84 6.00 6.16 6.30 6.43 6.47 6.55 6.62 6.62 6.59 6.53 6.45 6.35 6.22 6.10 5.97 5.86 5.74 5.64 5.56 5.54 5.48 5.43 5.40 5.40 5.40 5.40 5.41 5.43 5.39 5.38 5.37 5.36 5.36 5.36 5.39 5.40 5.36 5.31 5.33 5.35 5.39 5.43 5.49 5.57 5.66 5.76 5.89 6.01
6.71 6.53 6.33 6.11 5.89 5.60 5.39 5.19 5.02 4.88 4.76 4.69 4.64 4.63 4.65 4.72 4.78 4.85 4.92 4.98 5.00 5.01 5.01 4.99 4.98 4.98 4.98 5.02 5.06 5.09 5.15 5.25 5.35 5.46 5.59 5.74 5.88 6.02 6.14 6.25 6.33 6.39 6.36 6.35 6.32 6.25 6.18 6.09 5.95 5.85 5.74 5.64 5.56 5.53 5.47 5.43 5.41 5.39 5.38 5.39 5.38 5.41 5.42 5.42 5.43 5.38 5.37 5.37 5.36 5.39 5.40 5.34 5.36 5.31 5.32 5.34 5.38 5.43 5.50 5.59 5.69 5.82 5.95 6.06
6.75 6.56 6.36 6.13 5.90 5.67 5.39 5.18 5.00 4.84 4.72 4.63 4.58 4.57 4.59 4.63 4.68 4.74 4.83 4.89 4.89 4.94 4.95 4.96 4.96 4.93 4.91 4.94 5.01 5.05 5.10 5.22 5.32 5.39 5.51 5.64 5.77 5.89 6.00 6.09 6.15 6.19 6.20 6.19 6.07 6.01 5.92 5.81 5.72 5.64 5.59 5.51 5.44 5.38 5.33 5.30 5.32 5.28 5.28 5.37 5.38 5.40 5.40 5.40 5.41 5.36 5.36 5.35 5.33 5.32 5.32 5.31 5.31 5.28 5.30 5.32 5.36 5.42 5.49 5.58 5.68 5.82 5.96 6.19
6.80 6.61 6.39 6.16 5.92 5.68 5.35 5.13 4.96 4.80 4.68 4.59 4.54 4.51 4.52 4.55 4.60 4.65 4.71 4.77 4.80 4.83 4.85 4.90 4.90 4.84 4.86 4.86 4.95 4.99 5.05 5.16 5.26 5.32 5.43 5.55 5.66 5.77 5.86 5.94 5.99 6.02 6.03 5.99 5.87 5.80 5.71 5.61 5.56 5.48 5.41 5.36 5.31 5.23 5.20 5.19 5.24 5.18 5.19 5.20 5.35 5.37 5.25 5.27 5.28 5.36 5.29 5.28 5.28 5.27 5.28 5.23 5.22 5.20 5.25 5.27 5.31 5.37 5.45 5.55 5.68 5.82 6.05 6.21
6.85 6.65 6.43 6.18 5.93 5.67 5.40 5.18 4.99 4.80 4.67 4.57 4.50 4.47 4.46 4.49 4.53 4.57 4.62 4.67 4.71 4.74 4.76 4.75 4.76 4.76 4.78 4.80 4.84 4.95 4.96 5.05 5.19 5.25 5.35 5.46 5.57 5.66 5.75 5.81 5.85 5.86 5.87 5.83 5.76 5.72 5.60 5.48 5.41 5.34 5.27 5.21 5.16 5.12 5.10 5.09 5.09 5.09 5.10 5.11 5.13 5.13 5.16 5.17 5.18 5.04 5.06 5.07 5.09 5.10 5.08 5.11 5.11 5.11 5.12 5.15 5.20 5.31 5.39 5.50 5.65 5.78 5.98 6.16
6.89 6.69 6.45 6.20 5.94 5.67 5.43 5.20 4.99 4.82 4.65 4.54 4.46 4.42 4.41 4.42 4.46 4.50 4.54 4.58 4.62 4.65 4.65 4.66 4.66 4.68 4.70 4.72 4.76 4.81 4.88 4.98 5.10 5.20 5.30 5.40 5.47 5.56 5.64 5.72 5.74 5.75 5.72 5.68 5.62 5.58 5.51 5.43 5.29 5.22 5.15 5.10 5.07 5.03 5.01 5.00 5.00 5.01 5.02 5.02 5.03 5.02 5.02 4.92 4.91 4.91 4.92 4.91 4.91 4.94 4.95 5.00 5.00 5.01 5.04 5.06 5.12 5.22 5.28 5.39 5.56 5.75 5.93 6.14
6.92 6.71 6.43 6.19 5.93 5.68 5.43 5.19 4.98 4.80 4.65 4.53 4.43 4.38 4.36 4.37 4.39 4.42 4.46 4.49 4.53 4.56 4.58 4.56 4.56 4.57 4.58 4.61 4.67 4.69 4.74 4.91 5.01 5.11 5.21 5.31 5.40 5.49 5.57 5.61 5.62 5.62 5.60 5.55 5.51 5.45 5.41 5.34 5.21 5.15 5.06 5.02 4.99 4.96 4.94 4.93 4.93 4.93 4.93 4.91 4.91 4.82 4.80 4.80 4.77 4.77 4.75 4.76 4.79 4.80 4.81 4.86 4.88 4.90 4.93 4.96 5.01 5.09 5.19 5.31 5.48 5.65 5.86 6.08
6.87 6.67 6.44 6.19 5.93 5.67 5.42 5.18 4.96 4.77 4.61 4.49 4.41 4.34 4.32 4.32 4.33 4.35 4.37 4.40 4.43 4.46 4.48 4.46 4.46 4.47 4.48 4.50 4.51 4.56 4.63 4.72 4.92 5.02 5.12 5.22 5.32 5.40 5.46 5.50 5.52 5.51 5.49 5.44 5.41 5.32 5.29 5.23 5.13 5.08 4.99 4.95 4.92 4.89 4.88 4.87 4.86 4.85 4.84 4.81 4.80 4.71 4.69 4.66 4.61 4.60 4.60 4.62 4.63 4.65 4.66 4.69 4.75 4.77 4.82 4.86 4.92 4.99 5.13 5.26 5.37 5.54 5.80 6.03
