data/EU espacial/F17022017.grd
DSAA
94	94
0.0000	100.0000
0.0000	100.0000
3.7177	12.1405
[rows 37 to 73 of 94, columns 0 to 83 of 94]
6.92 6.67 6.44 6.18 5.92 5.65 5.39 5.15 4.93 4.73 4.57 4.45 4.36 4.30 4.27 4.26 4.26 4.28 4.30 4.32 4.34 4.36 4.37 4.38 4.31 4.31 4.31 4.30 4.39 4.40 4.48 4.60 4.72 4.93 5.04 5.13 5.23 5.31 5.37 5.41 5.43 5.43 5.40 5.38 5.32 5.24 5.17 5.08 5.03 4.98 4.94 4.90 4.87 4.85 4.83 4.81 4.80 4.75 4.70 4.67 4.63 4.59 4.55 4.50 4.47 4.45 4.47 4.47 4.47 4.49 4.52 4.55 4.61 4.66 4.69 4.73 4.79 4.88 5.01 5.15 5.28 5.47 5.68 5.93
6.90 6.69 6.45 6.19 5.89 5.62 5.36 5.11 4.88 4.69 4.52 4.40 4.31 4.25 4.21 4.20 4.20 4.21 4.22 4.24 4.25 4.26 4.27 4.22 4.20 4.19 4.17 4.19 4.23 4.30 4.38 4.48 4.61 4.73 4.95 5.05 5.15 5.24 5.29 5.33 5.36 5.37 5.34 5.31 5.24 5.19 5.13 5.06 4.99 4.93 4.90 4.89 4.88 4.85 4.81 4.77 4.72 4.66 4.61 4.57 4.52 4.47 4.41 4.36 4.33 4.32 4.30 4.30 4.32 4.34 4.37 4.47 4.49 4.52 4.55 4.61 4.67 4.76 4.84 4.95 5.17 5.33 5.55 5.81
6.87 6.65 6.41 6.14 5.87 5.60 5.33 5.06 4.83 4.63 4.47 4.34 4.25 4.19 4.15 4.13 4.13 4.15 4.16 4.17 4.17 4.13 4.12 4.11 4.07 4.06 4.05 4.05 4.11 4.17 4.27 4.37 4.49 4.63 4.77 4.97 5.08 5.17 5.22 5.27 5.31 5.31 5.29 5.25 5.21 5.14 5.08 5.02 4.97 4.94 4.89 4.86 4.83 4.83 4.79 4.74 4.69 4.62 4.55 4.49 4.41 4.34 4.28 4.23 4.20 4.18 4.15 4.14 4.18 4.21 4.26 4.32 4.35 4.38 4.43 4.48 4.55 4.61 4.70 4.81 5.02 5.22 5.61 5.88
6.82 6.60 6.35 6.09 5.81 5.53 5.27 5.02 4.79 4.59 4.43 4.29 4.20 4.13 4.10 4.08 4.08 4.08 4.10 4.10 4.06 4.04 4.02 4.00 3.96 3.95 3.92 3.94 4.00 4.06 4.15 4.27 4.39 4.54 4.68 4.80 4.99 5.09 5.15 5.19 5.26 5.27 5.25 5.21 5.17 5.11 5.06 5.00 4.96 4.92 4.87 4.85 4.81 4.78 4.79 4.72 4.66 4.58 4.50 4.40 4.32 4.25 4.18 4.12 4.07 4.04 4.03 4.03 4.06 4.08 4.12 4.16 4.22 4.26 4.31 4.37 4.41 4.48 4.56 4.72 4.88 5.09 5.45 5.68
6.76 6.54 6.29 6.03 5.75 5.47 5.20 4.95 4.73 4.54 4.38 4.25 4.17 4.09 4.05 4.03 4.03 4.04 4.04 4.01 3.99 3.97 3.94 3.88 3.86 3.84 3.85 3.85 3.90 3.97 4.09 4.19 4.32 4.47 4.61 4.76 4.87 5.00 5.14 5.19 5.24 5.25 5.22 5.19 5.16 5.10 5.05 5.02 4.96 4.91 4.87 4.84 4.81 4.78 4.73 4.72 4.64 4.55 4.45 4.35 4.26 4.17 4.06 4.02 3.97 3.94 3.91 3.91 3.92 3.96 4.00 4.05 4.10 4.15 4.22 4.24 4.29 4.39 4.48 4.60 4.83 5.02 5.26 5.54
6.71 6.48 6.23 5.97 5.69 5.41 5.15 4.90 4.68 4.49 4.33 4.21 4.11 4.05 4.02 4.00 4.00 4.01 3.99 3.97 3.96 3.90 3.86 3.83 3.79 3.77 3.80 3.82 3.85 3.92 4.00 4.11 4.24 4.39 4.56 4.72 4.86 4.96 5.08 5.16 5.25 5.28 5.26 5.22 5.18 5.15 5.13 5.05 5.02 4.98 4.93 4.88 4.83 4.79 4.74 4.69 4.61 4.54 4.44 4.33 4.20 4.10 4.02 3.94 3.88 3.87 3.83 3.83 3.84 3.86 3.92 3.96 4.01 4.04 4.11 4.13 4.20 4.27 4.36 4.54 4.70 4.90 5.14 5.42
6.69 6.43 6.18 5.92 5.64 5.37 5.11 4.86 4.65 4.46 4.31 4.19 4.09 4.04 4.00 3.99 3.98 3.97 3.94 3.92 3.90 3.88 3.88 3.83 3.80 3.76 3.76 3.75 3.78 3.86 3.96 4.07 4.22 4.37 4.53 4.68 4.82 4.93 5.03 5.17 5.22 5.26 5.25 5.25 5.21 5.20 5.14 5.07 5.04 4.96 4.91 4.85 4.82 4.82 4.76 4.69 4.61 4.52 4.43 4.31 4.19 4.08 3.99 3.91 3.86 3.80 3.79 3.78 3.78 3.80 3.81 3.86 3.95 3.99 4.06 4.05 4.11 4.18 4.30 4.42 4.58 4.78 5.02 5.31
6.65 6.43 6.18 5.88 5.61 5.35 5.09 4.85 4.64 4.46 4.31 4.20 4.11 4.06 4.02 4.01 3.99 3.95 3.94 3.94 3.92 3.90 3.85 3.82 3.76 3.75 3.72 3.75 3.79 3.89 3.98 4.09 4.22 4.36 4.54 4.69 4.84 4.96 5.11 5.18 5.23 5.27 5.25 5.26 5.25 5.22 5.17 5.10 5.04 4.99 4.94 4.88 4.85 4.80 4.79 4.71 4.65 4.56 4.46 4.34 4.25 4.10 4.00 3.92 3.85 3.79 3.77 3.75 3.75 3.74 3.77 3.83 3.88 3.95 4.02 3.99 4.05 4.13 4.22 4.34 4.50 4.69 4.94 5.23
6.63 6.41 6.14 5.89 5.62 5.35 5.10 4.87 4.69 4.52 4.35 4.25 4.16 4.12 4.08 4.06 4.03 4.02 4.00 3.98 3.96 3.93 3.90 3.85 3.79 3.79 3.81 3.82 3.87 3.93 4.02 4.13 4.31 4.41 4.62 4.79 4.93 5.01 5.14 5.23 5.27 5.31 5.30 5.32 5.32 5.28 5.25 5.21 5.11 5.04 5.00 4.94 4.92 4.86 4.83 4.77 4.73 4.64 4.49 4.44 4.31 4.19 4.06 3.96 3.88 3.83 3.78 3.76 3.73 3.74 3.78 3.83 3.90 3.98 4.02 3.98 4.02 4.08 4.17 4.29 4.44 4.64 4.89 5.19
6.63 6.39 6.16 5.91 5.65 5.40 5.16 4.96 4.76 4.58 4.44 4.33 4.27 4.20 4.16 4.13 4.12 4.10 4.08 4.06 4.04 4.01 3.98 3.90 3.87 3.87 3.90 3.91 3.96 4.03 4.12 4.28 4.40 4.53 4.70 4.87 5.01 5.14 5.23 5.31 5.38 5.39 5.39 5.42 5.41 5.39 5.36 5.31 5.22 5.16 5.09 5.05 5.03 4.97 4.94 4.87 4.84 4.68 4.59 4.54 4.41 4.27 4.15 4.04 3.97 3.89 3.84 3.77 3.76 3.79 3.82 3.88 3.95 4.02 4.06 3.96 4.01 4.07 4.15 4.27 4.43 4.63 4.89 5.19
6.63 6.50 6.27 6.02 5.77 5.53 5.26 5.05 4.85 4.69 4.58 4.47 4.39 4.33 4.29 4.27 4.25 4.23 4.21 4.19 4.17 4.13 4.08 4.03 4.00 4.00 4.03 4.07 4.17 4.22 4.30 4.41 4.52 4.65 4.85 4.99 5.13 5.26 5.35 5.44 5.51 5.52 5.53 5.55 5.55 5.54 5.51 5.46 5.38 5.32 5.25 5.22 5.18 5.11 5.04 4.99 4.90 4.79 4.70 4.57 4.45 4.45 4.31 4.18 4.07 3.97 3.90 3.86 3.86 3.87 3.91 3.97 4.03 4.08 4.00 3.98 4.02 4.07 4.16 4.28 4.44 4.65 4.91 5.23
6.68 6.51 6.30 6.07 5.84 5.61 5.36 5.16 4.98 4.84 4.71 4.62 4.55 4.51 4.47 4.45 4.43 4.41 4.39 4.37 4.34 4.29 4.25 4.22 4.21 4.20 4.21 4.24 4.35 4.40 4.48 4.58 4.70 4.84 5.01 5.16 5.30 5.42 5.52 5.61 5.68 5.69 5.71 5.73 5.73 5.72 5.70 5.64 5.60 5.53 5.46 5.42 5.35 5.33 5.23 5.14 5.09 4.97 4.85 4.71 4.59 4.60 4.45 4.32 4.20 4.10 4.03 3.98 3.98 3.99 4.06 4.09 4.13 4.07 4.09 4.04 4.11 4.16 4.25 4.37 4.54 4.75 5.02 5.35
6.79 6.61 6.41 6.20 5.99 5.77 5.54 5.37 5.20 5.05 4.94 4.85 4.78 4.72 4.69 4.67 4.65 4.63 4.61 4.59 4.54 4.51 4.47 4.44 4.43 4.42 4.43 4.46 4.57 4.64 4.72 4.78 4.91 5.05 5.22 5.36 5.50 5.62 5.72 5.81 5.88 5.91 5.96 5.96 5.96 5.96 5.93 5.88 5.84 5.79 5.72 5.67 5.60 5.56 5.46 5.37 5.26 5.13 5.02 4.94 4.80 4.67 4.63 4.49 4.37 4.26 4.19 4.14 4.12 4.19 4.20 4.23 4.20 4.21 4.22 4.18 4.22 4.30 4.39 4.51 4.69 4.91 5.19 5.52
6.90 6.74 6.56 6.37 6.17 6.00 5.78 5.60 5.45 5.34 5.23 5.14 5.07 5.00 4.96 4.93 4.92 4.90 4.88 4.83 4.80 4.77 4.74 4.71 4.69 4.69 4.70 4.73 4.83 4.90 4.98 5.07 5.17 5.28 5.43 5.55 5.70 5.82 5.93 6.02 6.10 6.14 6.23 6.24 6.25 6.25 6.21 6.18 6.13 6.08 6.02 5.94 5.91 5.83 5.72 5.62 5.49 5.35 5.22 5.14 4.99 4.86 4.70 4.69 4.56 4.46 4.39 4.34 4.38 4.38 4.38 4.38 4.38 4.38 4.40 4.37 4.41 4.48 4.58 4.71 4.89 5.12 5.41 5.75
7.03 6.89 6.74 6.60 6.42 6.20 6.07 5.91 5.77 5.64 5.54 5.45 5.38 5.33 5.27 5.26 5.23 5.20 5.15 5.13 5.10 5.07 5.04 5.02 4.99 4.98 4.99 5.04 5.13 5.21 5.28 5.35 5.45 5.58 5.71 5.80 5.94 6.06 6.18 6.28 6.38 6.47 6.52 6.57 6.60 6.61 6.59 6.54 6.47 6.42 6.35 6.31 6.26 6.14 6.02 5.86 5.82 5.65 5.50 5.33 5.18 5.02 4.91 4.80 4.72 4.68 4.70 4.63 4.59 4.57 4.58 4.59 4.59 4.59 4.61 4.59 4.64 4.71 4.82 4.97 5.15 5.39 5.69 6.04
7.28 7.16 7.03 6.88 6.72 6.56 6.36 6.22 6.09 5.97 5.87 5.79 5.73 5.68 5.66 5.56 5.53 5.53 5.50 5.47 5.44 5.42 5.38 5.34 5.31 5.31 5.32 5.41 5.44 5.52 5.59 5.67 5.77 5.87 5.99 6.12 6.25 6.37 6.45 6.58 6.69 6.79 6.91 6.94 6.98 7.00 6.98 6.93 6.89 6.83 6.75 6.71 6.62 6.48 6.32 6.21 6.02 5.89 5.72 5.56 5.41 5.26 5.14 5.03 4.94 4.93 4.93 4.87 4.82 4.81 4.82 4.82 4.82 4.78 4.80 4.85 4.91 5.00 5.12 5.27 5.47 5.72 5.99 6.35
7.45 7.36 7.25 7.12 6.99 6.85 6.67 6.55 6.45 6.34 6.26 6.18 6.12 6.06 6.02 5.94 5.90 5.88 5.85 5.79 5.79 5.75 5.72 5.68 5.67 5.66 5.74 5.76 5.81 5.86 5.93 5.99 6.08 6.19 6.32 6.44 6.57 6.66 6.80 6.93 7.05 7.16 7.25 7.33 7.38 7.41 7.41 7.39 7.32 7.26 7.18 7.12 7.03 6.87 6.69 6.54 6.34 6.18 5.99 5.83 5.66 5.51 5.39 5.28 5.17 5.17 5.11 5.12 5.08 5.06 5.07 5.08 5.05 5.06 5.10 5.15 5.22 5.35 5.47 5.61 5.82 6.08 6.38 6.75
7.65 7.57 7.48 7.38 7.28 7.17 7.06 6.95 6.80 6.71 6.63 6.56 6.50 6.41 6.37 6.32 6.28 6.22 6.18 6.19 6.15 6.11 6.07 6.04 6.03 6.02 6.04 6.11 6.16 6.21 6.29 6.33 6.41 6.52 6.64 6.70 6.85 7.00 7.15 7.30 7.43 7.55 7.64 7.73 7.81 7.85 7.86 7.84 7.78 7.71 7.63 7.56 7.43 7.28 7.12 6.90 6.69 6.48 6.28 6.09 5.89 5.75 5.61 5.52 5.43 5.42 5.36 5.36 5.32 5.31 5.32 5.36 5.42 5.37 5.42 5.48 5.57 5.68 5.82 6.00 6.25 6.52 6.81 7.21
7.82 7.77 7.71 7.64 7.55 7.47 7.38 7.29 7.21 7.15 7.01 6.92 6.85 6.79 6.72 6.67 6.62 6.63 6.58 6.54 6.49 6.45 6.42 6.40 6.39 6.37 6.40 6.44 6.51 6.58 6.63 6.65 6.74 6.84 6.88 7.03 7.18 7.34 7.50 7.66 7.81 7.93 8.04 8.14 8.21 8.28 8.31 8.29 8.22 8.16 8.08 7.99 7.84 7.69 7.48 7.25 7.02 6.78 6.56 6.35 6.15 5.98 5.84 5.73 5.65 5.67 5.65 5.60 5.58 5.58 5.61 5.66 5.72 5.81 5.75 5.83 5.93 6.05 6.21 6.40 6.66 6.95 7.29 7.66
7.98 7.96 7.93 7.88 7.83 7.76 7.70 7.65 7.58 7.51 7.44 7.34 7.28 7.22 7.16 7.03 7.03 6.98 6.93 6.87 6.83 6.79 6.76 6.74 6.73 6.79 6.78 6.79 6.82 6.84 6.90 6.97 7.06 7.07 7.20 7.34 7.50 7.66 7.83 8.00 8.17 8.32 8.41 8.53 8.62 8.72 8.74 8.72 8.69 8.61 8.55 8.42 8.26 8.09 7.87 7.61 7.34 7.08 6.83 6.61 6.40 6.22 6.08 5.96 5.88 5.81 5.88 5.84 5.84 5.85 5.89 5.95 6.03 6.13 6.24 6.19 6.30 6.44 6.61 6.85 7.10 7.40 7.74 8.12
8.13 8.13 8.13 8.11 8.08 8.04 8.02 7.97 7.91 7.81 7.76 7.69 7.63 7.56 7.50 7.44 7.37 7.31 7.24 7.19 7.14 7.10 7.07 7.05 7.12 7.11 7.10 7.12 7.14 7.09 7.16 7.24 7.26 7.37 7.49 7.64 7.79 7.96 8.14 8.32 8.50 8.67 8.82 8.92 9.02 9.09 9.16 9.15 9.12 9.05 8.97 8.83 8.66 8.46 8.23 7.95 7.64 7.36 7.09 6.84 6.63 6.44 6.30 6.19 6.08 6.04 6.09 6.08 6.08 6.11 6.17 6.24 6.34 6.44 6.56 6.55 6.68 6.86 7.05 7.28 7.55 7.86 8.20 8.58
8.28 8.29 8.31 8.29 8.28 8.27 8.24 8.22 8.19 8.14 8.08 8.02 7.95 7.88 7.81 7.74 7.68 7.59 7.53 7.47 7.42 7.38 7.48 7.45 7.43 7.37 7.36 7.36 7.40 7.38 7.44 7.45 7.53 7.64 7.75 7.89 8.05 8.23 8.41 8.60 8.80 8.98 9.16 9.27 9.39 9.47 9.52 9.51 9.51 9.45 9.36 9.21 9.02 8.81 8.55 8.25 7.94 7.62 7.32 7.06 6.83 6.65 6.49 6.39 6.29 6.26 6.30 6.29 6.32 6.36 6.43 6.52 6.63 6.74 6.88 6.89 7.04 7.25 7.46 7.71 7.99 8.30 8.64 9.02
8.39 8.44 8.48 8.46 8.48 8.50 8.49 8.50 8.46 8.42 8.36 8.30 8.23 8.15 8.08 8.00 7.92 7.85 7.78 7.72 7.67 7.63 7.59 7.71 7.64 7.63 7.62 7.63 7.65 7.63 7.60 7.68 7.77 7.86 7.97 8.11 8.27 8.45 8.64 8.84 9.05 9.25 9.44 9.61 9.71 9.80 9.86 9.86 9.84 9.81 9.70 9.54 9.34 9.10 8.83 8.52 8.17 7.83 7.53 7.24 7.00 6.82 6.66 6.56 6.48 6.46 6.48 6.49 6.50 6.55 6.62 6.71 6.83 7.04 7.19 7.41 7.59 7.55 7.79 8.06 8.36 8.70 9.07 9.44
8.47 8.54 8.57 8.62 8.66 8.68 8.72 8.71 8.69 8.65 8.60 8.53 8.46 8.38 8.30 8.20 8.12 8.04 7.98 7.92 7.87 7.83 7.81 7.79 7.86 7.85 7.83 7.83 7.86 7.76 7.81 7.88 7.96 8.04 8.15 8.28 8.43 8.61 8.81 9.02 9.24 9.46 9.66 9.84 10.00 10.07 10.13 10.15 10.13 10.09 9.97 9.80 9.59 9.34 9.05 8.73 8.35 8.00 7.69 7.39 7.14 6.94 6.80 6.68 6.64 6.63 6.63 6.66 6.68 6.74 6.83 6.93 7.06 7.30 7.47 7.71 7.92 7.89 8.15 8.44 8.75 9.09 9.46 9.82
8.47 8.57 8.65 8.77 8.82 8.86 8.86 8.88 8.87 8.83 8.78 8.72 8.64 8.56 8.45 8.36 8.27 8.19 8.14 8.08 8.03 7.99 7.96 7.95 8.04 8.03 8.02 8.01 7.87 7.89 7.98 8.03 8.12 8.20 8.28 8.40 8.55 8.74 8.92 9.14 9.37 9.69 9.91 10.01 10.18 10.26 10.34 10.34 10.31 10.22 10.12 9.94 9.77 9.51 9.20 8.83 8.48 8.13 7.79 7.51 7.22 7.01 6.88 6.81 6.82 6.78 6.76 6.80 6.84 6.91 7.01 7.13 7.28 7.51 7.71 7.87 8.11 8.21 8.49 8.78 9.11 9.45 9.80 10.14
8.55 8.66 8.75 8.84 8.91 8.96 8.97 8.99 8.98 8.95 8.92 8.85 8.76 8.66 8.56 8.46 8.38 8.30 8.22 8.20 8.15 8.10 8.08 8.19 8.18 8.17 8.09 8.09 8.10 8.04 8.06 8.12 8.21 8.28 8.37 8.47 8.61 8.78 8.97 9.20 9.48 9.72 9.94 10.15 10.28 10.37 10.42 10.45 10.44 10.34 10.23 10.04 9.80 9.59 9.28 8.96 8.55 8.17 7.85 7.57 7.29 7.09 6.96 6.89 6.86 6.87 6.84 6.89 6.97 7.05 7.16 7.30 7.53 7.72 7.93 8.12 8.37 8.49 8.78 9.09 9.41 9.75 10.09 10.40
8.54 8.66 8.77 8.87 8.96 9.02 9.07 9.06 9.06 9.04 8.99 8.92 8.83 8.73 8.64 8.54 8.44 8.35 8.27 8.22 8.21 8.20 8.15 8.17 8.17 8.19 8.19 8.19 8.19 8.13 8.15 8.18 8.22 8.27 8.38 8.48 8.61 8.76 8.95 9.18 9.42 9.59 9.83 10.06 10.26 10.39 10.46 10.49 10.47 10.37 10.21 10.06 9.81 9.54 9.29 8.96 8.55 8.17 7.82 7.54 7.32 7.14 7.01 6.93 6.91 6.94 6.90 6.97 7.06 7.16 7.29 7.34 7.53 7.89 8.12 8.32 8.59 8.61 8.90 9.33 9.66 10.00 10.30 10.58
8.51 8.64 8.76 8.87 8.97 9.04 9.10 9.13 9.10 9.08 9.03 8.95 8.88 8.77 8.66 8.55 8.45 8.36 8.28 8.22 8.19 8.22 8.20 8.20 8.24 8.25 8.25 8.24 8.24 8.23 8.18 8.20 8.22 8.25 8.31 8.40 8.51 8.68 8.85 9.02 9.24 9.48 9.72 9.95 10.15 10.32 10.40 10.44 10.41 10.31 10.17 9.97 9.74 9.47 9.15 8.76 8.48 8.11 7.78 7.52 7.30 7.14 7.02 6.93 6.93 6.97 6.94 7.02 7.01 7.13 7.29 7.47 7.67 7.90 8.26 8.48 8.54 8.82 9.11 9.41 9.76 10.16 10.43 10.68
8.45 8.59 8.72 8.84 8.95 9.03 9.09 9.12 9.12 9.10 9.04 8.96 8.87 8.76 8.64 8.53 8.42 8.32 8.24 8.18 8.16 8.15 8.19 8.18 8.25 8.26 8.26 8.25 8.24 8.22 8.17 8.17 8.18 8.19 8.23 8.29 8.34 8.47 8.63 8.83 9.06 9.29 9.53 9.76 9.96 10.12 10.21 10.26 10.24 10.15 10.01 9.81 9.56 9.31 9.01 8.59 8.32 7.93 7.69 7.44 7.25 7.11 7.02 6.90 6.91 6.97 6.95 7.04 7.06 7.20 7.38 7.57 7.78 8.02 8.27 8.42 8.69 8.96 9.25 9.55 9.89 10.15 10.48 10.70
8.37 8.51 8.65 8.78 8.89 8.98 9.05 9.08 9.06 9.03 8.97 8.92 8.83 8.71 8.59 8.47 8.35 8.25 8.17 8.11 8.06 8.01 8.01 8.03 8.10 8.13 8.23 8.22 8.20 8.16 8.15 8.13 8.11 8.11 8.11 8.10 8.15 8.24 8.41 8.60 8.84 9.07 9.30 9.51 9.71 9.86 9.93 9.98 9.95 9.89 9.75 9.57 9.32 9.09 8.79 8.43 8.13 7.82 7.52 7.30 7.12 7.00 6.91 6.88 6.83 6.90 6.90 7.01 7.12 7.28 7.48 7.68 7.90 8.14 8.39 8.63 8.98 9.26 9.54 9.79 9.96 10.20 10.41 10.58
8.29 8.44 8.58 8.71 8.82 8.92 8.99 8.99 9.00 8.97 8.92 8.83 8.76 8.64 8.51 8.39 8.27 8.14 8.05 7.99 7.97 7.92 7.93 7.95 8.04 8.06 8.17 8.16 8.14 8.07 8.05 8.02 7.99 7.97 7.91 7.91 7.94 8.02 8.17 8.34 8.54 8.77 8.98 9.18 9.35 9.50 9.58 9.61 9.59 9.52 9.39 9.22 9.02 8.76 8.54 8.18 7.92 7.62 7.37 7.18 7.03 6.93 6.86 6.84 6.80 6.88 6.90 7.02 7.15 7.35 7.53 7.71 7.93 8.17 8.42 8.66 8.93 9.29 9.55 9.80 10.00 10.16 10.33 10.47
8.20 8.35 8.50 8.63 8.75 8.85 8.91 8.95 8.96 8.97 8.91 8.81 8.69 8.55 8.41 8.29 8.16 8.04 7.95 7.89 7.82 7.80 7.79 7.82 7.86 8.06 8.07 8.05 8.03 7.97 7.94 7.90 7.85 7.76 7.72 7.70 7.71 7.78 7.88 8.05 8.22 8.40 8.59 8.79 8.94 9.07 9.16 9.17 9.15 9.07 8.96 8.80 8.62 8.42 8.18 7.98 7.66 7.40 7.21 7.03 6.91 6.82 6.78 6.78 6.82 6.84 6.88 7.01 7.18 7.35 7.53 7.73 7.93 8.16 8.41 8.63 8.90 9.17 9.51 9.73 9.92 10.05 10.19 10.30
8.27 8.41 8.55 8.67 8.79 8.76 8.83 8.94 8.94 8.90 8.84 8.74 8.61 8.48 8.33 8.18 8.04 7.92 7.82 7.79 7.72 7.70 7.69 7.71 7.75 7.79 7.95 7.93 7.90 7.84 7.80 7.75 7.64 7.57 7.51 7.48 7.48 7.52 7.60 7.74 7.87 8.03 8.19 8.35 8.50 8.60 8.68 8.68 8.66 8.59 8.48 8.33 8.20 8.00 7.80 7.60 7.34 7.16 7.00 6.88 6.78 6.70 6.68 6.70 6.76 6.78 6.84 6.97 7.15 7.32 7.50 7.70 7.91 8.11 8.35 8.56 8.82 9.16 9.40 9.61 9.78 9.90 9.97 10.05
8.19 8.33 8.47 8.60 8.71 8.79 8.85 8.89 8.89 8.85 8.78 8.68 8.54 8.40 8.24 8.09 7.95 7.82 7.71 7.64 7.59 7.58 7.58 7.59 7.62 7.65 7.76 7.73 7.74 7.71 7.63 7.55 7.46 7.38 7.31 7.25 7.25 7.27 7.32 7.42 7.53 7.65 7.78 7.90 8.02 8.11 8.17 8.17 8.14 8.07 7.98 7.84 7.72 7.56 7.39 7.23 6.98 6.89 6.77 6.68 6.63 6.56 6.56 6.60 6.67 6.76 6.79 6.92 7.09 7.26 7.44 7.63 7.83 8.01 8.23 8.51 8.75 9.02 9.24 9.43 9.58 9.68 9.72 9.77
8.12 8.26 8.40 8.53 8.63 8.72 8.79 8.83 8.83 8.80 8.72 8.62 8.49 8.33 8.17 8.01 7.87 7.74 7.63 7.53 7.47 7.47 7.46 7.47 7.49 7.51 7.60 7.59 7.57 7.56 7.46 7.38 7.28 7.19 7.10 7.04 7.02 7.02 7.04 7.10 7.19 7.28 7.38 7.47 7.55 7.61 7.66 7.65 7.61 7.55 7.47 7.38 7.23 7.10 6.97 6.85 6.72 6.57 6.53 6.47 6.45 6.42 6.43 6.49 6.56 6.61 6.73 6.86 7.02 7.18 7.35 7.53 7.72 7.89 8.10 8.36 8.58 8.84 9.04 9.21 9.34 9.42 9.44 9.46
8.07 8.21 8.35 8.46 8.58 8.68 8.75 8.79 8.79 8.75 8.68 8.57 8.44 8.31 8.15 7.97 7.81 7.67 7.54 7.45 7.38 7.34 7.34 7.34 7.36 7.38 7.44 7.43 7.42 7.38 7.30 7.21 7.11 7.01 6.92 6.87 6.82 6.80 6.80 6.82 6.89 6.94 7.00 7.05 7.10 7.13 7.16 7.15 7.09 7.04 6.96 6.87 6.75 6.64 6.55 6.46 6.38 6.29 6.26 6.26 6.25 6.26 6.31 6.36 6.45 6.53 6.65 6.78 6.92 7.07 7.22 7.39 7.56 7.80 7.99 8.23 8.44 8.61 8.79 8.95 9.07 9.13 9.13 9.12
8.04 8.18 8.30 8.44 8.56 8.66 8.74 8.77 8.77 8.74 8.66 8.55 8.44 8.29 8.12 7.93 7.77 7.62 7.48 7.37 7.30 7.25 7.24 7.23 7.23 7.26 7.24 7.26 7.27 7.23 7.15 7.06 6.95 6.89 6.80 6.73 6.65 6.61 6.58 6.61 6.62 6.63 6.65 6.68 6.69 6.69 6.69 6.66 6.61 6.55 6.48 6.39 6.29 6.21 6.14 6.09 6.05 6.01 6.02 6.03 6.06 6.10 6.16 6.24 6.33 6.44 6.60 6.69 6.82 6.96 7.11 7.26 7.42 7.64 7.81 8.03 8.22 8.39 8.55 8.69 8.79 8.84 8.85 8.78
