data/EU espacial/F17062017.grd
DSAA
94	94
0.0000	100.0000
0.0000	100.0000
2.6384	5.5748
[rows 38 to 75 of 94, columns 0 to 83 of 94]
3.18 3.15 3.13 3.11 3.04 3.02 2.99 2.97 2.95 2.93 2.91 2.89 2.87 2.85 2.82 2.81 2.74 2.73 2.72 2.72 2.71 2.70 2.70 2.73 2.75 2.76 2.70 2.71 2.78 2.82 2.84 2.91 2.93 2.95 2.94 2.96 2.99 3.02 3.08 3.11 3.12 3.19 3.21 3.23 3.24 3.25 3.26 3.26 3.31 3.43 3.42 3.46 3.51 3.51 3.52 3.52 3.51 3.52 3.53 3.51 3.51 3.52 3.59 3.61 3.64 3.54 3.54 3.55 3.62 3.64 3.66 3.84 3.88 3.92 3.96 3.99 4.00 4.01 4.01 4.02 4.00 4.01 4.03 4.05
3.17 3.15 3.13 3.11 3.08 3.06 3.03 2.96 2.94 2.92 2.89 2.87 2.86 2.84 2.81 2.80 2.79 2.72 2.71 2.70 2.70 2.72 2.72 2.72 2.67 2.67 2.68 2.75 2.76 2.78 2.82 2.84 2.90 2.93 2.95 3.00 2.96 2.99 3.05 3.07 3.13 3.15 3.17 3.18 3.19 3.21 3.22 3.22 3.24 3.32 3.44 3.44 3.44 3.50 3.50 3.51 3.47 3.48 3.49 3.50 3.55 3.57 3.59 3.61 3.53 3.54 3.50 3.63 3.62 3.64 3.71 3.85 3.89 3.93 3.96 3.98 4.00 4.01 4.02 4.03 4.01 4.02 4.06 4.08
3.17 3.15 3.13 3.10 3.08 3.05 3.03 3.01 2.98 2.96 2.94 2.87 2.85 2.82 2.81 2.79 2.78 2.77 2.70 2.69 2.71 2.71 2.71 2.71 2.65 2.65 2.72 2.73 2.74 2.76 2.78 2.81 2.84 2.90 2.93 2.94 2.99 3.01 3.02 3.04 3.10 3.12 3.14 3.14 3.16 3.17 3.18 3.19 3.28 3.29 3.30 3.42 3.48 3.49 3.45 3.45 3.46 3.47 3.48 3.53 3.55 3.57 3.59 3.51 3.53 3.55 3.55 3.57 3.69 3.72 3.70 3.86 3.90 3.93 3.96 3.98 3.99 4.00 4.02 4.01 4.01 4.00 4.06 4.07
3.18 3.15 3.13 3.10 3.08 3.05 3.03 3.00 2.98 2.95 2.93 2.91 2.86 2.87 2.80 2.79 2.78 2.77 2.76 2.77 2.71 2.70 2.70 2.64 2.64 2.72 2.72 2.71 2.80 2.74 2.85 2.79 2.82 3.13 3.15 3.16 2.99 3.04 3.04 3.06 3.11 3.10 3.06 3.11 3.17 3.14 3.15 3.20 3.25 3.26 3.28 3.46 3.46 3.44 3.44 3.44 3.45 3.50 3.51 3.53 3.55 3.57 3.55 3.55 3.57 3.59 3.55 3.62 3.65 3.72 3.71 3.87 3.90 3.93 3.96 3.97 3.99 3.98 3.99 4.00 4.04 4.05 4.05 4.06
3.18 3.16 3.13 3.11 3.08 3.05 3.03 3.00 2.97 2.95 2.93 2.91 2.88 2.87 2.86 2.84 2.83 2.81 2.78 2.77 2.76 2.79 2.79 2.79 2.73 2.72 2.88 2.88 2.96 2.99 2.99 3.01 3.04 3.12 3.17 3.16 3.19 3.02 3.21 3.23 3.15 3.17 3.15 3.19 3.20 3.24 3.25 3.28 3.34 3.35 3.37 3.35 3.41 3.42 3.43 3.44 3.48 3.49 3.51 3.53 3.58 3.53 3.54 3.55 3.57 3.58 3.59 3.62 3.65 3.68 3.92 3.95 3.98 3.96 3.99 3.98 4.01 4.02 4.03 4.07 4.06 4.07 4.08 4.10
3.42 3.16 3.14 3.11 3.08 3.06 3.03 3.00 2.97 2.95 2.93 2.91 2.88 2.87 2.86 2.85 2.85 2.84 2.89 2.88 2.88 2.84 2.98 2.90 2.90 2.89 2.89 2.87 2.95 2.97 2.99 3.02 3.04 3.14 3.16 3.18 3.20 3.20 3.21 3.28 3.29 3.30 3.30 3.30 3.19 3.20 3.22 3.26 3.29 3.26 3.28 3.29 3.46 3.52 3.54 3.55 3.47 3.48 3.50 3.54 3.57 3.52 3.53 3.55 3.57 3.60 3.61 3.64 3.69 3.76 3.80 3.82 3.99 4.03 4.05 3.99 4.00 4.02 4.07 4.08 4.13 4.13 4.14 4.15
3.44 3.40 3.37 3.12 3.09 3.06 3.03 3.00 2.97 2.95 2.93 2.96 2.89 2.94 2.94 2.92 2.92 2.92 2.91 3.03 3.03 3.03 2.95 2.94 2.90 2.89 2.88 2.94 2.95 2.97 3.00 3.03 3.06 3.10 3.17 3.19 3.23 3.24 3.30 3.29 3.30 3.31 3.29 3.31 3.31 3.20 3.21 3.25 3.26 3.26 3.27 3.29 3.46 3.47 3.55 3.56 3.46 3.48 3.50 3.54 3.63 3.52 3.53 3.56 3.58 3.60 3.64 3.68 3.72 3.80 3.81 3.83 4.00 4.03 4.06 3.99 4.07 4.06 4.12 4.12 4.12 4.12 4.13 4.13
3.46 3.43 3.38 3.34 3.30 3.07 3.04 3.01 3.04 3.01 2.98 2.97 2.97 2.95 2.95 2.95 3.06 3.06 3.06 3.07 3.07 3.07 3.06 2.97 2.94 2.93 2.89 2.88 2.96 2.98 3.01 3.04 3.14 3.12 3.24 3.27 3.29 3.26 3.34 3.36 3.35 3.35 3.35 3.32 3.35 3.37 3.36 3.37 3.26 3.26 3.28 3.29 3.47 3.48 3.48 3.57 3.46 3.48 3.60 3.62 3.64 3.66 3.55 3.57 3.58 3.62 3.65 3.69 3.79 3.81 3.82 3.84 3.86 3.86 4.05 4.06 4.11 4.12 4.12 4.12 4.12 4.12 4.11 4.11
3.49 3.44 3.41 3.37 3.33 3.29 3.24 3.08 3.05 3.02 2.99 2.99 2.98 3.08 3.09 3.09 3.10 3.10 3.11 3.11 3.11 3.11 3.11 2.99 2.98 2.97 2.92 2.91 2.96 3.00 3.04 3.13 3.17 3.21 3.28 3.30 3.32 3.34 3.37 3.38 3.39 3.38 3.37 3.37 3.36 3.38 3.37 3.37 3.24 3.27 3.29 3.30 3.41 3.41 3.49 3.50 3.47 3.60 3.69 3.63 3.65 3.55 3.56 3.58 3.57 3.62 3.66 3.71 3.75 3.82 3.84 3.86 3.88 3.88 4.06 4.11 4.12 4.13 4.13 4.13 4.13 4.12 4.11 4.10
3.50 3.52 3.48 3.45 3.41 3.37 3.32 3.25 3.21 3.18 3.01 3.11 3.11 3.12 3.13 3.14 3.14 3.15 3.15 3.15 3.16 3.16 3.13 3.04 3.03 3.01 2.99 2.97 2.99 3.02 3.06 3.17 3.21 3.25 3.32 3.34 3.36 3.37 3.40 3.41 3.42 3.41 3.40 3.45 3.44 3.40 3.39 3.39 3.25 3.28 3.31 3.42 3.42 3.43 3.43 3.52 3.54 3.61 3.71 3.69 3.71 3.63 3.56 3.57 3.59 3.65 3.68 3.72 3.81 3.83 3.86 3.88 3.95 3.97 4.02 4.16 4.17 4.17 4.18 4.17 4.17 4.16 4.15 4.13
3.54 3.53 3.49 3.46 3.42 3.38 3.30 3.27 3.23 3.28 3.17 3.13 3.13 3.17 3.18 3.19 3.19 3.20 3.20 3.21 3.21 3.18 3.18 3.12 3.08 3.07 3.05 3.04 3.07 3.09 3.12 3.23 3.26 3.29 3.36 3.38 3.40 3.42 3.44 3.45 3.46 3.45 3.49 3.48 3.47 3.46 3.44 3.42 3.43 3.30 3.33 3.43 3.44 3.52 3.53 3.54 3.64 3.65 3.66 3.72 3.73 3.64 3.58 3.60 3.66 3.68 3.71 3.74 3.82 3.85 3.92 3.94 3.97 4.03 4.04 4.25 4.18 4.19 4.19 4.19 4.19 4.18 4.17 4.17
3.60 3.57 3.53 3.50 3.46 3.43 3.35 3.39 3.37 3.35 3.34 3.18 3.18 3.19 3.20 3.24 3.24 3.25 3.26 3.26 3.24 3.24 3.19 3.18 3.14 3.13 3.13 3.12 3.18 3.19 3.21 3.22 3.25 3.35 3.42 3.43 3.45 3.46 3.48 3.49 3.50 3.49 3.54 3.53 3.52 3.51 3.51 3.47 3.47 3.33 3.35 3.46 3.46 3.54 3.55 3.58 3.66 3.68 3.73 3.72 3.74 3.76 3.61 3.66 3.69 3.70 3.73 3.76 3.79 3.91 3.94 3.96 4.02 4.04 4.06 4.25 4.27 4.21 4.21 4.21 4.21 4.21 4.21 4.21
3.64 3.61 3.58 3.54 3.51 3.53 3.48 3.45 3.43 3.41 3.39 3.39 3.38 3.24 3.25 3.26 3.28 3.29 3.31 3.30 3.30 3.28 3.28 3.25 3.21 3.23 3.22 3.22 3.27 3.27 3.29 3.31 3.32 3.34 3.39 3.42 3.50 3.51 3.52 3.54 3.58 3.55 3.58 3.57 3.56 3.54 3.56 3.52 3.52 3.53 3.38 3.40 3.56 3.59 3.60 3.61 3.69 3.71 3.73 3.75 3.77 3.79 3.75 3.68 3.70 3.73 3.76 3.78 3.86 3.93 3.96 4.02 4.04 4.07 4.09 4.27 4.28 4.30 4.24 4.24 4.24 4.24 4.25 4.25
3.68 3.65 3.62 3.66 3.63 3.56 3.53 3.51 3.49 3.47 3.46 3.45 3.45 3.44 3.30 3.32 3.33 3.34 3.33 3.34 3.35 3.34 3.37 3.35 3.31 3.30 3.30 3.30 3.36 3.35 3.37 3.37 3.39 3.46 3.47 3.46 3.50 3.51 3.51 3.62 3.59 3.59 3.59 3.58 3.58 3.57 3.58 3.52 3.57 3.57 3.58 3.60 3.61 3.62 3.64 3.60 3.71 3.75 3.77 3.79 3.81 3.77 3.83 3.84 3.85 3.76 3.82 3.85 3.88 3.92 4.03 4.04 4.07 4.09 4.12 4.28 4.30 4.32 4.33 4.35 4.28 4.28 4.28 4.29
3.76 3.73 3.73 3.70 3.68 3.66 3.60 3.57 3.55 3.54 3.53 3.52 3.51 3.51 3.38 3.35 3.36 3.39 3.40 3.42 3.42 3.43 3.44 3.40 3.37 3.37 3.36 3.43 3.44 3.46 3.44 3.46 3.49 3.55 3.56 3.56 3.56 3.57 3.57 3.57 3.57 3.56 3.59 3.55 3.55 3.55 3.53 3.49 3.49 3.48 3.48 3.66 3.58 3.59 3.61 3.65 3.69 3.77 3.79 3.81 3.83 3.84 3.86 3.87 3.88 3.80 3.85 3.88 3.91 4.02 4.05 4.06 4.09 4.14 4.17 4.19 4.20 4.34 4.37 4.38 4.39 4.39 4.40 4.41
3.82 3.81 3.79 3.76 3.74 3.72 3.67 3.65 3.62 3.61 3.60 3.59 3.58 3.58 3.58 3.42 3.43 3.45 3.46 3.48 3.49 3.50 3.51 3.47 3.47 3.45 3.50 3.51 3.53 3.55 3.56 3.54 3.56 3.63 3.63 3.63 3.63 3.64 3.63 3.63 3.62 3.62 3.65 3.61 3.60 3.60 3.59 3.59 3.54 3.52 3.63 3.70 3.61 3.62 3.64 3.66 3.72 3.73 3.75 3.83 3.85 3.86 3.93 3.95 3.91 3.82 3.85 3.97 4.02 4.04 4.06 4.12 4.15 4.17 4.20 4.22 4.24 4.26 4.27 4.41 4.42 4.43 4.43 4.44
3.89 3.87 3.85 3.83 3.81 3.79 3.77 3.75 3.69 3.68 3.66 3.66 3.65 3.63 3.63 3.63 3.63 3.52 3.53 3.54 3.55 3.57 3.58 3.54 3.55 3.53 3.53 3.60 3.62 3.63 3.61 3.63 3.70 3.71 3.71 3.71 3.71 3.70 3.69 3.68 3.68 3.67 3.70 3.70 3.66 3.66 3.64 3.64 3.59 3.68 3.66 3.74 3.73 3.66 3.67 3.68 3.72 3.76 3.77 3.79 3.79 3.88 3.89 3.97 3.99 3.85 3.98 3.99 4.05 4.06 4.10 4.14 4.18 4.20 4.24 4.26 4.28 4.31 4.31 4.32 4.33 4.32 4.46 4.49
3.95 3.93 3.91 3.89 3.87 3.85 3.83 3.82 3.80 3.78 3.73 3.71 3.70 3.70 3.70 3.69 3.69 3.71 3.59 3.60 3.62 3.63 3.64 3.66 3.67 3.60 3.62 3.63 3.71 3.68 3.70 3.76 3.77 3.79 3.80 3.79 3.77 3.76 3.75 3.75 3.74 3.73 3.76 3.76 3.75 3.71 3.71 3.64 3.74 3.72 3.70 3.79 3.78 3.69 3.70 3.71 3.75 3.73 3.80 3.82 3.82 3.86 3.88 3.90 3.98 3.97 4.05 4.05 4.06 4.07 4.11 4.15 4.20 4.25 4.27 4.30 4.33 4.34 4.35 4.36 4.37 4.36 4.36 4.52
4.01 3.99 3.97 3.95 3.93 3.92 3.90 3.87 3.86 3.85 3.84 3.82 3.82 3.82 3.81 3.76 3.77 3.77 3.77 3.66 3.68 3.69 3.71 3.73 3.74 3.78 3.81 3.83 3.79 3.86 3.84 3.85 3.85 3.88 3.87 3.86 3.85 3.83 3.82 3.81 3.80 3.79 3.78 3.78 3.77 3.77 3.74 3.85 3.80 3.77 3.83 3.82 3.81 3.72 3.73 3.74 3.75 3.76 3.83 3.87 3.89 3.89 3.91 3.92 3.98 4.11 4.00 4.01 4.01 4.02 4.04 4.17 4.22 4.27 4.32 4.35 4.35 4.36 4.38 4.33 4.33 4.32 4.32 4.32
4.07 4.05 4.03 4.02 4.00 3.98 3.96 3.94 3.93 3.92 3.91 3.90 3.89 3.88 3.88 3.87 3.83 3.84 3.85 3.85 3.74 3.76 3.78 3.80 3.83 3.85 3.88 3.83 3.88 3.97 3.97 3.98 3.94 3.94 3.95 3.94 3.92 3.90 3.89 3.87 3.86 3.85 3.81 3.83 3.82 3.81 3.79 3.89 3.87 3.80 3.87 3.86 3.84 3.69 3.75 3.76 3.77 3.78 3.80 3.90 3.92 3.92 3.93 3.98 4.12 4.13 4.06 4.04 4.05 4.06 4.09 4.13 4.17 4.24 4.28 4.31 4.32 4.33 4.34 4.35 4.35 4.35 4.35 4.36
4.03 4.11 4.10 4.07 4.06 4.04 4.03 4.01 4.00 3.99 3.97 3.96 3.95 3.95 3.94 3.94 3.94 3.91 3.91 3.92 3.92 3.82 3.87 3.89 3.92 3.92 3.95 3.97 3.94 4.05 4.06 4.03 4.03 4.02 4.03 4.02 4.00 3.98 3.96 3.94 3.92 3.88 3.87 3.88 3.87 3.84 3.83 3.92 3.87 3.84 3.90 3.89 3.87 3.72 3.78 3.78 3.79 3.82 3.85 3.89 3.92 3.93 3.96 3.98 4.13 4.14 4.08 4.10 4.09 4.11 4.13 4.16 4.20 4.26 4.29 4.32 4.33 4.34 4.35 4.36 4.36 4.36 4.37 4.37
4.09 4.08 4.07 4.14 4.12 4.11 4.09 4.08 4.07 4.05 4.04 4.03 4.02 4.01 4.01 4.01 4.01 3.97 3.97 3.98 3.99 3.88 3.89 3.96 3.95 3.99 4.02 4.00 4.02 4.13 4.11 4.12 4.11 4.11 4.09 4.10 4.07 4.05 4.03 4.00 3.98 3.94 3.92 3.93 3.90 3.89 3.88 3.96 3.93 3.95 3.93 3.91 3.90 3.88 3.80 3.81 3.81 3.85 3.86 3.91 3.94 3.95 3.98 4.00 4.15 4.16 4.09 4.12 4.21 4.23 4.27 4.30 4.34 4.27 4.30 4.34 4.36 4.41 4.42 4.42 4.42 4.42 4.38 4.37
4.14 4.13 4.13 4.12 4.11 4.17 4.16 4.14 4.13 4.11 4.10 4.09 4.08 4.08 4.07 4.08 4.08 4.08 4.03 4.04 4.05 3.94 3.96 3.98 4.02 4.05 4.12 4.15 4.11 4.19 4.20 4.21 4.20 4.19 4.17 4.15 4.12 4.12 4.09 4.03 4.00 3.98 3.97 3.98 3.97 3.93 3.92 3.99 3.96 3.98 3.96 3.94 3.92 3.90 3.82 3.83 3.83 3.87 3.88 3.92 3.96 3.99 4.00 4.15 4.16 4.17 4.11 4.14 4.23 4.26 4.29 4.32 4.35 4.29 4.31 4.35 4.36 4.41 4.41 4.42 4.42 4.42 4.38 4.38
4.20 4.20 4.19 4.19 4.18 4.17 4.23 4.21 4.19 4.18 4.16 4.15 4.14 4.14 4.15 4.14 4.14 4.14 4.09 4.10 3.96 3.99 4.03 4.06 4.11 4.14 4.18 4.22 4.32 4.35 4.28 4.29 4.34 4.33 4.26 4.23 4.19 4.18 4.12 4.08 4.05 4.06 4.04 3.98 3.96 4.11 4.09 4.06 4.03 4.09 4.02 4.00 3.94 3.79 3.82 3.79 3.88 3.89 3.90 3.92 4.01 4.10 4.07 4.15 4.17 4.18 4.13 4.16 4.26 4.29 4.32 4.35 4.37 4.41 4.43 4.39 4.40 4.41 4.41 4.41 4.42 4.42 4.38 4.38
4.27 4.26 4.26 4.25 4.24 4.23 4.29 4.27 4.26 4.24 4.22 4.21 4.22 4.21 4.21 4.20 4.22 4.22 4.22 4.18 4.19 4.05 4.08 4.12 4.16 4.20 4.39 4.43 4.46 4.42 4.44 4.50 4.43 4.42 4.39 4.30 4.26 4.24 4.17 4.13 4.13 4.11 4.08 4.07 4.16 4.14 4.09 4.06 4.06 4.11 4.04 4.01 3.99 3.81 3.84 3.84 3.84 3.90 3.91 3.93 4.01 4.06 4.07 4.16 4.17 4.18 4.13 4.17 4.29 4.32 4.35 4.37 4.41 4.42 4.43 4.39 4.39 4.40 4.40 4.41 4.41 4.42 4.39 4.39
4.33 4.32 4.31 4.30 4.30 4.28 4.27 4.33 4.32 4.30 4.29 4.29 4.28 4.27 4.27 4.27 4.27 4.27 4.27 4.28 4.24 4.17 4.12 4.20 4.24 4.41 4.45 4.49 4.53 4.48 4.51 4.59 4.60 4.59 4.48 4.37 4.32 4.29 4.24 4.18 4.17 4.28 4.22 4.19 4.17 4.11 4.11 4.08 4.08 4.01 4.10 4.03 4.00 3.89 3.85 3.85 3.86 3.91 4.03 4.01 4.02 4.03 4.07 4.16 4.17 4.19 4.14 4.19 4.23 4.35 4.38 4.46 4.46 4.43 4.43 4.40 4.39 4.47 4.47 4.40 4.41 4.38 4.39 4.40
4.38 4.38 4.37 4.36 4.35 4.34 4.33 4.32 4.38 4.36 4.35 4.34 4.34 4.33 4.33 4.32 4.32 4.32 4.32 4.33 4.20 4.21 4.21 4.25 4.42 4.46 4.50 4.54 4.58 4.62 4.63 4.66 4.68 4.67 4.62 4.56 4.50 4.38 4.31 4.38 4.33 4.29 4.23 4.21 4.19 4.18 4.14 4.10 4.06 4.02 4.08 4.05 4.01 3.90 3.90 3.89 3.87 4.01 4.03 4.03 4.02 4.03 4.07 4.17 4.18 4.19 4.15 4.20 4.32 4.37 4.47 4.47 4.47 4.47 4.43 4.40 4.46 4.45 4.45 4.45 4.45 4.38 4.39 4.41
4.45 4.43 4.43 4.42 4.41 4.40 4.38 4.37 4.36 4.35 4.42 4.41 4.39 4.38 4.38 4.37 4.37 4.37 4.37 4.38 4.24 4.32 4.26 4.30 4.46 4.50 4.54 4.58 4.63 4.67 4.67 4.71 4.75 4.74 4.67 4.60 4.70 4.52 4.60 4.55 4.34 4.30 4.23 4.21 4.20 4.19 4.16 4.13 4.06 4.02 4.07 4.05 4.03 3.91 3.90 3.99 4.00 4.06 4.02 4.03 4.02 4.05 4.06 4.17 4.18 4.19 4.15 4.21 4.33 4.39 4.49 4.49 4.48 4.47 4.46 4.45 4.45 4.44 4.43 4.43 4.43 4.46 4.40 4.42
4.51 4.51 4.50 4.50 4.48 4.47 4.46 4.44 4.44 4.42 4.48 4.52 4.51 4.43 4.42 4.42 4.41 4.41 4.41 4.42 4.61 4.45 4.47 4.50 4.45 4.49 4.57 4.61 4.66 4.83 4.86 4.88 4.90 4.88 4.82 4.82 4.74 4.68 4.59 4.54 4.41 4.37 4.34 4.32 4.31 4.30 4.15 4.11 4.07 4.16 4.12 4.19 4.15 3.96 3.95 3.97 3.98 4.01 4.07 4.08 4.07 4.08 4.12 4.14 4.24 4.25 4.21 4.26 4.32 4.37 4.44 4.44 4.44 4.44 4.47 4.49 4.44 4.43 4.42 4.42 4.42 4.49 4.51 4.53
4.57 4.57 4.56 4.55 4.54 4.53 4.51 4.51 4.49 4.47 4.46 4.52 4.56 4.55 4.54 4.54 4.54 4.63 4.64 4.62 4.65 4.48 4.51 4.53 4.48 4.52 4.74 4.77 4.81 4.82 4.84 4.86 4.86 4.84 4.86 4.80 4.74 4.68 4.59 4.54 4.49 4.36 4.33 4.30 4.28 4.27 4.22 4.19 4.15 4.13 4.09 4.17 4.06 4.06 3.97 3.95 3.96 3.98 4.06 4.07 4.06 4.07 4.12 4.14 4.24 4.26 4.22 4.26 4.31 4.37 4.40 4.43 4.44 4.48 4.48 4.50 4.50 4.43 4.43 4.47 4.48 4.50 4.51 4.53
4.63 4.62 4.62 4.61 4.59 4.58 4.62 4.61 4.59 4.65 4.64 4.71 4.70 4.69 4.68 4.58 4.66 4.66 4.67 4.77 4.81 4.82 4.68 4.70 4.72 4.71 4.74 4.77 4.80 4.81 4.82 4.83 4.82 4.88 4.83 4.78 4.73 4.67 4.62 4.53 4.48 4.43 4.39 4.28 4.25 4.23 4.21 4.14 4.11 4.07 4.06 4.14 4.04 4.07 4.06 3.95 3.94 3.96 3.97 4.06 4.08 4.10 4.11 4.13 4.15 4.26 4.21 4.26 4.32 4.36 4.39 4.40 4.48 4.48 4.48 4.51 4.51 4.52 4.48 4.48 4.50 4.51 4.52 4.53
4.77 4.77 4.76 4.76 4.74 4.69 4.67 4.72 4.70 4.69 4.68 4.67 4.74 4.73 4.72 4.71 4.71 4.71 4.78 4.79 4.82 4.83 4.68 4.70 4.73 4.75 4.74 4.76 4.79 4.79 4.80 4.80 4.87 4.84 4.80 4.76 4.72 4.66 4.60 4.52 4.46 4.42 4.38 4.34 4.22 4.19 4.17 4.10 4.07 4.04 4.01 4.10 4.04 4.04 4.04 4.04 3.93 3.94 3.95 3.97 3.99 4.09 4.11 4.13 4.15 4.26 4.21 4.25 4.32 4.35 4.38 4.39 4.41 4.48 4.48 4.52 4.53 4.49 4.49 4.50 4.51 4.52 4.55 4.55
4.83 4.82 4.82 4.81 4.79 4.81 4.79 4.77 4.75 4.73 4.72 4.71 4.78 4.76 4.75 4.74 4.73 4.83 4.83 4.84 4.84 4.86 4.69 4.71 4.73 4.75 4.72 4.70 4.76 4.77 4.86 4.85 4.84 4.81 4.78 4.74 4.70 4.64 4.59 4.50 4.45 4.40 4.36 4.32 4.28 4.16 4.13 4.07 4.04 4.01 3.98 4.14 4.01 4.01 4.02 4.02 3.96 3.92 3.93 3.95 3.98 4.08 4.10 4.12 4.15 4.17 4.20 4.24 4.31 4.34 4.37 4.39 4.40 4.49 4.50 4.52 4.53 4.50 4.51 4.51 4.52 4.53 4.55 4.56
4.88 4.88 4.87 4.86 4.87 4.85 4.83 4.80 4.79 4.77 4.75 4.74 4.73 4.80 4.78 4.77 4.85 4.84 4.83 4.87 4.87 4.87 4.70 4.72 4.74 4.75 4.72 4.75 4.75 4.75 4.84 4.83 4.81 4.79 4.76 4.72 4.68 4.62 4.57 4.52 4.43 4.38 4.34 4.29 4.25 4.22 4.16 4.03 4.00 3.97 4.01 3.92 3.99 3.99 3.99 4.00 4.01 4.02 3.92 3.94 3.96 3.98 4.09 4.11 4.14 4.09 4.20 4.24 4.30 4.34 4.36 4.38 4.40 4.50 4.51 4.53 4.54 4.51 4.52 4.53 4.54 4.54 4.56 4.56
4.94 4.93 4.92 4.93 4.91 4.88 4.86 4.84 4.82 4.80 4.78 4.77 4.76 4.82 4.81 4.88 4.86 4.85 4.87 4.86 4.86 4.87 4.73 4.75 4.74 4.76 4.73 4.75 4.74 4.83 4.82 4.81 4.79 4.77 4.74 4.71 4.66 4.60 4.55 4.51 4.42 4.37 4.32 4.27 4.23 4.19 4.13 4.09 4.07 4.00 3.97 3.90 3.97 3.97 3.96 3.97 3.99 4.00 4.02 3.92 3.97 4.00 4.00 4.11 4.13 4.09 4.20 4.24 4.31 4.35 4.38 4.40 4.42 4.45 4.47 4.49 4.49 4.56 4.57 4.57 4.58 4.56 4.57 4.57
4.99 4.98 4.99 4.97 4.94 4.92 4.89 4.87 4.85 4.83 4.81 4.80 4.85 4.84 4.82 4.90 4.88 4.85 4.87 4.86 4.86 4.87 4.73 4.75 4.77 4.82 4.83 4.75 4.74 4.82 4.81 4.80 4.78 4.76 4.72 4.69 4.64 4.59 4.54 4.49 4.44 4.38 4.33 4.25 4.21 4.16 4.11 4.09 4.04 3.97 3.95 3.88 3.95 3.95 3.95 3.94 3.96 3.98 4.00 3.96 3.96 3.99 3.99 4.02 4.11 4.08 4.15 4.27 4.32 4.35 4.38 4.41 4.43 4.45 4.47 4.49 4.50 4.56 4.57 4.58 4.58 4.59 4.59 4.57
5.04 5.06 5.03 5.00 4.97 4.94 4.92 4.90 4.88 4.86 4.84 4.82 4.87 4.85 4.83 4.82 4.89 4.90 4.87 4.86 4.86 4.87 4.74 4.76 4.78 4.82 4.84 4.75 4.75 4.82 4.82 4.80 4.77 4.74 4.71 4.67 4.63 4.58 4.53 4.48 4.42 4.37 4.31 4.27 4.22 4.18 4.12 4.06 4.06 4.04 3.93 3.87 3.91 3.94 3.98 3.98 3.99 4.01 4.04 4.00 4.05 4.08 3.98 4.01 4.11 4.07 4.14 4.28 4.32 4.36 4.39 4.41 4.40 4.42 4.48 4.50 4.52 4.53 4.58 4.59 4.59 4.60 4.60 4.60
5.08 5.07 5.04 5.01 4.99 4.96 4.94 4.92 4.90 4.88 4.86 4.92 4.90 4.88 4.86 4.86 4.84 4.82 4.89 4.87 4.88 4.88 4.78 4.80 4.82 4.87 4.88 4.90 4.83 4.79 4.81 4.79 4.77 4.74 4.71 4.67 4.63 4.62 4.53 4.48 4.42 4.36 4.31 4.26 4.22 4.17 4.11 4.13 4.12 4.03 3.97 3.93 3.93 3.90 3.99 3.98 3.99 4.01 4.04 4.06 4.05 4.08 4.09 4.09 4.04 4.10 4.11 4.22 4.26 4.30 4.36 4.38 4.40 4.42 4.44 4.45 4.52 4.53 4.53 4.54 4.55 4.55 4.55 4.56
