data/EU espacial/F17062017.grd
DSAA
94	94
0.0000	100.0000
0.0000	100.0000
2.6384	5.5748
[rows 0 to 37 of 94, columns 0 to 83 of 94]
4.12 4.18 4.25 4.31 4.38 4.43 4.49 4.65 4.70 4.74 4.78 4.81 4.83 4.85 4.87 4.88 4.89 4.91 4.91 4.90 4.87 4.87 4.84 4.81 4.79 4.82 4.80 4.97 4.95 4.89 4.88 4.87 5.00 5.00 4.88 4.91 4.94 5.13 5.11 5.12 5.14 5.16 5.19 5.15 5.17 5.19 5.06 5.09 5.06 5.08 5.12 5.13 5.14 5.15 5.11 5.16 5.15 5.17 5.16 5.17 5.16 5.15 5.12 5.09 5.06 5.01 4.96 4.91 4.87 4.82 4.77 4.69 4.64 4.58 4.53 4.47 4.44 4.42 4.39 4.37 4.34 4.32 4.30 4.29
4.16 4.21 4.28 4.34 4.40 4.46 4.52 4.57 4.61 4.76 4.80 4.83 4.85 4.86 4.88 4.89 4.89 4.90 4.90 4.88 4.84 4.85 4.81 4.78 4.76 4.73 4.77 4.91 4.90 4.89 4.83 4.82 4.95 4.96 4.85 4.88 4.91 5.09 5.07 5.09 5.11 5.13 5.17 5.13 5.15 5.18 5.06 5.09 5.08 5.12 5.14 5.16 5.17 5.18 5.21 5.20 5.20 5.21 5.22 5.22 5.21 5.19 5.16 5.13 5.09 4.97 4.98 4.93 4.88 4.83 4.77 4.69 4.64 4.58 4.51 4.47 4.44 4.41 4.38 4.34 4.32 4.30 4.28 4.26
4.20 4.25 4.31 4.37 4.44 4.50 4.55 4.60 4.65 4.68 4.82 4.85 4.86 4.88 4.89 4.89 4.89 4.88 4.87 4.85 4.81 4.77 4.78 4.75 4.72 4.69 4.82 4.86 4.84 4.83 4.78 4.77 4.77 4.78 4.80 4.83 4.86 5.04 5.03 5.05 5.08 5.10 5.14 5.11 5.14 5.06 5.06 5.09 5.17 5.14 5.16 5.18 5.20 5.28 5.29 5.25 5.26 5.27 5.29 5.27 5.26 5.23 5.20 5.17 5.05 5.00 4.95 4.95 4.90 4.84 4.78 4.70 4.64 4.58 4.51 4.47 4.43 4.39 4.35 4.32 4.30 4.27 4.26 4.24
4.24 4.29 4.35 4.41 4.47 4.53 4.59 4.64 4.68 4.72 4.75 4.76 4.88 4.89 4.89 4.88 4.87 4.86 4.84 4.81 4.77 4.73 4.69 4.70 4.67 4.79 4.76 4.78 4.78 4.76 4.76 4.72 4.72 4.73 4.76 4.79 4.82 4.84 4.98 5.01 5.04 5.07 5.06 5.09 5.02 5.06 5.06 5.09 5.20 5.23 5.18 5.20 5.23 5.31 5.33 5.31 5.32 5.34 5.34 5.34 5.31 5.28 5.25 5.14 5.09 5.03 4.97 4.91 4.91 4.85 4.78 4.70 4.64 4.56 4.51 4.46 4.42 4.36 4.33 4.30 4.27 4.25 4.23 4.21
4.28 4.33 4.38 4.44 4.50 4.57 4.63 4.68 4.72 4.76 4.78 4.79 4.79 4.89 4.89 4.88 4.86 4.83 4.81 4.78 4.73 4.69 4.65 4.66 4.76 4.72 4.69 4.67 4.71 4.69 4.69 4.70 4.76 4.68 4.71 4.74 4.77 4.80 4.93 4.97 5.00 5.03 5.03 4.96 5.00 5.04 5.09 5.12 5.20 5.23 5.27 5.23 5.32 5.35 5.37 5.39 5.37 5.40 5.40 5.40 5.38 5.34 5.23 5.18 5.13 5.06 5.00 4.93 4.92 4.85 4.79 4.72 4.64 4.56 4.50 4.45 4.39 4.35 4.31 4.28 4.25 4.23 4.20 4.19
4.31 4.36 4.41 4.47 4.54 4.60 4.66 4.72 4.76 4.80 4.82 4.82 4.82 4.80 4.78 4.87 4.84 4.81 4.77 4.74 4.69 4.64 4.60 4.69 4.69 4.65 4.62 4.59 4.58 4.62 4.62 4.63 4.64 4.63 4.66 4.69 4.72 4.71 4.88 4.92 4.96 5.00 4.87 4.94 4.98 5.03 5.08 5.16 5.19 5.23 5.28 5.39 5.34 5.37 5.41 5.44 5.42 5.45 5.46 5.45 5.44 5.32 5.28 5.23 5.16 5.09 5.02 4.94 4.87 4.85 4.78 4.72 4.61 4.54 4.49 4.42 4.37 4.33 4.29 4.25 4.22 4.20 4.17 4.15
4.33 4.38 4.44 4.50 4.56 4.63 4.69 4.75 4.80 4.84 4.86 4.85 4.84 4.81 4.78 4.74 4.82 4.78 4.74 4.70 4.65 4.59 4.68 4.62 4.56 4.57 4.54 4.51 4.50 4.54 4.55 4.55 4.47 4.50 4.61 4.64 4.67 4.66 4.83 4.87 4.92 4.88 4.84 4.91 4.96 5.01 5.07 5.14 5.19 5.23 5.28 5.39 5.43 5.40 5.44 5.47 5.48 5.50 5.51 5.51 5.43 5.40 5.33 5.26 5.19 5.11 5.03 4.95 4.87 4.85 4.77 4.71 4.60 4.53 4.45 4.40 4.35 4.30 4.26 4.23 4.20 4.17 4.14 4.12
4.33 4.40 4.46 4.52 4.58 4.65 4.72 4.78 4.84 4.88 4.89 4.88 4.85 4.81 4.77 4.73 4.68 4.75 4.70 4.64 4.60 4.67 4.60 4.54 4.48 4.49 4.46 4.43 4.42 4.41 4.47 4.48 4.41 4.44 4.60 4.59 4.63 4.62 4.66 4.83 4.80 4.85 4.81 4.89 4.94 5.00 5.05 5.13 5.17 5.22 5.34 5.38 5.43 5.48 5.46 5.50 5.55 5.54 5.55 5.49 5.48 5.44 5.39 5.29 5.21 5.12 5.04 4.95 4.86 4.77 4.76 4.66 4.59 4.49 4.43 4.37 4.32 4.28 4.24 4.20 4.17 4.14 4.11 4.12
4.34 4.41 4.47 4.53 4.59 4.66 4.73 4.81 4.87 4.92 4.93 4.90 4.85 4.81 4.76 4.71 4.66 4.61 4.65 4.59 4.67 4.60 4.53 4.46 4.40 4.36 4.37 4.34 4.33 4.33 4.34 4.28 4.31 4.38 4.53 4.58 4.52 4.57 4.62 4.71 4.76 4.72 4.78 4.84 4.91 4.98 5.03 5.10 5.15 5.27 5.32 5.36 5.42 5.47 5.51 5.57 5.57 5.50 5.52 5.53 5.53 5.49 5.41 5.31 5.22 5.12 5.03 4.93 4.84 4.75 4.65 4.63 4.56 4.46 4.40 4.34 4.29 4.25 4.20 4.17 4.13 4.10 4.11 4.09
4.34 4.39 4.47 4.53 4.59 4.66 4.73 4.81 4.88 4.96 4.95 4.89 4.84 4.78 4.73 4.68 4.62 4.57 4.52 4.68 4.60 4.53 4.45 4.38 4.32 4.28 4.24 4.26 4.25 4.25 4.26 4.21 4.24 4.31 4.35 4.52 4.56 4.51 4.58 4.67 4.72 4.70 4.75 4.81 4.86 4.95 5.00 5.08 5.13 5.24 5.29 5.34 5.39 5.45 5.49 5.56 5.49 5.50 5.52 5.53 5.55 5.51 5.41 5.31 5.20 5.11 5.00 4.90 4.81 4.72 4.62 4.60 4.53 4.42 4.36 4.31 4.26 4.21 4.17 4.13 4.14 4.11 4.08 4.06
4.33 4.38 4.44 4.52 4.58 4.64 4.71 4.78 4.85 4.91 4.90 4.85 4.79 4.74 4.68 4.63 4.57 4.64 4.57 4.51 4.43 4.46 4.38 4.31 4.25 4.21 4.17 4.19 4.17 4.19 4.20 4.16 4.18 4.26 4.29 4.46 4.51 4.44 4.41 4.46 4.61 4.67 4.72 4.77 4.83 4.91 4.97 5.05 5.16 5.20 5.25 5.30 5.35 5.41 5.40 5.47 5.54 5.49 5.47 5.48 5.49 5.45 5.36 5.26 5.17 5.05 4.96 4.86 4.77 4.68 4.57 4.49 4.40 4.38 4.32 4.27 4.22 4.17 4.13 4.14 4.11 4.08 4.05 4.19
4.32 4.37 4.42 4.49 4.55 4.61 4.66 4.72 4.78 4.81 4.81 4.77 4.73 4.68 4.62 4.57 4.64 4.56 4.49 4.41 4.36 4.27 4.19 4.24 4.19 4.14 4.10 4.07 4.12 4.13 4.02 4.10 4.13 4.20 4.24 4.28 4.46 4.39 4.44 4.42 4.57 4.63 4.68 4.73 4.79 4.84 4.96 5.01 5.12 5.16 5.20 5.24 5.30 5.27 5.33 5.39 5.44 5.40 5.42 5.43 5.37 5.33 5.26 5.18 5.09 4.98 4.89 4.80 4.71 4.60 4.52 4.44 4.36 4.33 4.28 4.22 4.18 4.13 4.14 4.11 4.08 4.05 4.19 4.17
4.30 4.34 4.39 4.44 4.51 4.56 4.61 4.65 4.69 4.71 4.71 4.68 4.64 4.60 4.69 4.62 4.55 4.48 4.40 4.33 4.28 4.20 4.13 4.06 4.13 4.08 4.05 4.02 4.06 3.95 3.97 3.99 4.07 4.15 4.19 4.23 4.31 4.34 4.40 4.42 4.36 4.59 4.64 4.69 4.74 4.80 4.85 5.03 5.06 5.10 5.14 5.18 5.15 5.20 5.25 5.31 5.34 5.29 5.30 5.30 5.29 5.20 5.14 5.07 4.99 4.89 4.81 4.72 4.64 4.53 4.46 4.38 4.31 4.24 4.23 4.18 4.13 4.14 4.11 4.07 4.05 4.18 4.16 4.15
4.28 4.32 4.36 4.41 4.46 4.50 4.54 4.57 4.60 4.61 4.60 4.58 4.55 4.66 4.59 4.53 4.46 4.40 4.32 4.24 4.21 4.13 4.06 4.00 3.94 4.02 3.99 3.96 4.01 3.90 3.92 3.94 4.02 4.10 4.14 4.18 4.26 4.30 4.33 4.38 4.32 4.55 4.60 4.64 4.69 4.75 4.80 4.98 5.01 5.04 4.99 5.03 5.08 5.12 5.16 5.20 5.23 5.24 5.17 5.17 5.15 5.12 5.02 4.95 4.89 4.79 4.72 4.64 4.54 4.46 4.39 4.32 4.25 4.19 4.17 4.13 4.14 4.10 4.07 4.04 4.17 4.15 4.14 4.13
4.25 4.28 4.32 4.36 4.39 4.45 4.47 4.50 4.51 4.51 4.50 4.49 4.60 4.55 4.49 4.43 4.37 4.31 4.23 4.16 4.09 4.06 4.00 3.93 3.88 3.83 3.92 3.90 3.84 3.85 3.86 3.88 3.91 3.99 4.03 4.04 4.09 4.26 4.24 4.29 4.31 4.36 4.60 4.60 4.65 4.70 4.75 4.92 4.95 4.89 4.93 4.96 5.00 5.03 5.06 5.09 5.11 5.12 5.04 5.03 5.01 4.97 4.93 4.83 4.77 4.71 4.61 4.54 4.45 4.38 4.32 4.26 4.20 4.11 4.11 4.16 4.13 4.09 4.06 4.03 4.14 4.13 4.12 4.11
4.21 4.24 4.27 4.30 4.33 4.36 4.40 4.41 4.42 4.42 4.41 4.54 4.49 4.44 4.39 4.33 4.28 4.20 4.14 4.08 4.01 3.99 3.93 3.87 3.82 3.77 3.73 3.71 3.74 3.80 3.81 3.83 3.84 3.93 3.97 4.01 4.06 4.03 4.16 4.22 4.26 4.31 4.34 4.55 4.60 4.64 4.69 4.83 4.79 4.83 4.86 4.89 4.92 4.94 4.97 4.98 4.98 4.99 4.90 4.89 4.86 4.83 4.80 4.75 4.64 4.59 4.51 4.45 4.36 4.30 4.24 4.19 4.15 4.17 4.12 4.11 4.07 4.04 4.02 4.13 4.12 4.11 4.10 4.09
4.17 4.20 4.22 4.24 4.26 4.28 4.30 4.33 4.33 4.33 4.31 4.42 4.38 4.34 4.29 4.24 4.18 4.11 4.05 3.99 3.93 3.91 3.86 3.80 3.75 3.71 3.68 3.65 3.67 3.74 3.76 3.77 3.81 3.86 3.93 3.98 4.02 3.99 4.12 4.18 4.22 4.27 4.30 4.50 4.55 4.59 4.67 4.76 4.73 4.76 4.79 4.82 4.83 4.85 4.87 4.86 4.86 4.86 4.85 4.75 4.72 4.69 4.66 4.62 4.58 4.48 4.41 4.36 4.28 4.22 4.17 4.24 4.15 4.10 4.06 4.02 4.02 3.99 3.97 4.10 4.09 4.09 4.08 4.08
4.13 4.15 4.17 4.18 4.20 4.21 4.22 4.24 4.24 4.23 4.35 4.31 4.27 4.23 4.18 4.07 4.02 4.02 3.97 3.91 3.86 3.76 3.71 3.66 3.69 3.65 3.62 3.59 3.56 3.62 3.64 3.74 3.79 3.83 3.90 3.94 3.98 3.96 4.08 4.14 4.17 4.22 4.25 4.44 4.49 4.57 4.64 4.55 4.67 4.70 4.72 4.74 4.80 4.80 4.79 4.75 4.74 4.73 4.72 4.69 4.66 4.56 4.53 4.49 4.46 4.36 4.34 4.27 4.23 4.26 4.22 4.17 4.09 4.04 4.00 3.96 3.97 3.95 3.93 4.07 4.07 4.07 4.06 4.06
4.08 4.10 4.11 4.12 4.13 4.14 4.08 4.08 4.07 4.14 4.24 4.21 4.11 4.06 4.02 3.98 3.93 3.88 3.84 3.83 3.75 3.69 3.64 3.60 3.56 3.52 3.50 3.52 3.51 3.49 3.56 3.70 3.75 3.80 3.87 3.91 3.89 3.93 3.94 4.10 4.13 4.17 4.21 4.39 4.34 4.50 4.57 4.49 4.61 4.67 4.69 4.71 4.71 4.70 4.68 4.67 4.62 4.61 4.59 4.56 4.53 4.50 4.48 4.45 4.34 4.25 4.23 4.18 4.14 4.19 4.15 4.11 4.03 3.98 3.94 3.91 3.92 3.91 3.90 4.05 4.05 4.05 4.05 3.93
3.97 3.98 3.99 4.00 4.00 4.00 4.01 4.00 3.99 4.10 4.08 4.05 4.01 3.97 3.93 3.89 3.85 3.80 3.76 3.73 3.68 3.63 3.58 3.54 3.50 3.48 3.45 3.37 3.37 3.45 3.53 3.52 3.62 3.66 3.78 3.71 3.86 3.79 3.91 3.84 3.98 4.13 4.08 4.11 4.29 4.33 4.39 4.47 4.59 4.60 4.62 4.62 4.62 4.60 4.58 4.56 4.56 4.50 4.47 4.44 4.41 4.38 4.36 4.34 4.30 4.33 4.26 4.21 4.19 4.11 4.08 4.05 3.98 3.94 3.89 3.87 3.86 3.98 3.97 3.97 3.98 3.98 3.91 3.92
3.92 3.93 3.93 3.94 3.94 3.94 3.93 4.06 4.03 4.01 3.99 3.96 3.93 3.89 3.85 3.81 3.77 3.73 3.67 3.63 3.61 3.57 3.53 3.49 3.33 3.31 3.30 3.29 3.35 3.42 3.44 3.50 3.60 3.64 3.66 3.69 3.74 3.78 3.82 3.82 3.96 4.01 4.05 4.08 4.12 4.31 4.38 4.42 4.50 4.51 4.52 4.54 4.53 4.51 4.49 4.49 4.46 4.44 4.37 4.34 4.31 4.28 4.25 4.23 4.21 4.25 4.19 4.14 4.12 4.05 4.03 4.00 3.94 3.90 3.87 3.85 3.97 3.97 3.97 3.96 3.97 3.98 3.90 3.90
3.87 3.87 3.88 3.88 3.87 3.87 3.86 3.97 3.95 3.92 3.89 3.87 3.84 3.80 3.77 3.73 3.69 3.63 3.59 3.55 3.51 3.35 3.33 3.31 3.29 3.28 3.27 3.26 3.31 3.40 3.38 3.48 3.58 3.62 3.64 3.67 3.72 3.76 3.75 3.80 3.93 3.98 4.02 4.05 4.08 4.26 4.34 4.41 4.44 4.45 4.44 4.44 4.42 4.41 4.43 4.40 4.38 4.35 4.34 4.24 4.21 4.19 4.17 4.15 4.13 4.18 4.12 4.11 4.05 4.03 3.98 3.96 3.90 3.87 3.85 3.83 3.96 3.96 3.96 3.96 3.97 3.88 3.89 3.89
3.77 3.82 3.82 3.81 3.81 3.80 3.92 3.89 3.86 3.83 3.80 3.79 3.75 3.72 3.68 3.65 3.61 3.56 3.52 3.49 3.45 3.30 3.28 3.27 3.25 3.24 3.23 3.25 3.28 3.34 3.36 3.38 3.49 3.58 3.62 3.66 3.70 3.75 3.74 3.78 3.90 3.95 3.99 4.02 4.08 4.10 4.13 4.36 4.39 4.38 4.38 4.36 4.35 4.33 4.35 4.32 4.29 4.27 4.19 4.16 4.13 4.11 4.09 4.07 4.12 4.12 4.06 4.05 3.99 3.98 3.97 3.95 3.90 3.85 3.83 3.96 3.96 3.96 3.82 3.82 3.82 3.87 3.88 3.89
3.72 3.72 3.71 3.71 3.75 3.87 3.84 3.81 3.78 3.75 3.72 3.69 3.67 3.64 3.60 3.57 3.54 3.49 3.45 3.42 3.39 3.26 3.24 3.23 3.22 3.21 3.19 3.19 3.30 3.32 3.34 3.36 3.39 3.53 3.57 3.64 3.63 3.68 3.74 3.78 3.88 3.83 3.87 4.02 4.04 4.07 4.09 4.19 4.18 4.33 4.31 4.29 4.27 4.25 4.23 4.24 4.22 4.19 4.11 4.08 4.05 4.03 4.01 4.00 4.08 4.08 3.99 4.00 3.95 3.94 3.93 3.92 3.88 3.85 3.79 3.96 3.96 3.81 3.81 3.81 3.81 3.82 3.87 3.88
3.66 3.66 3.65 3.65 3.77 3.75 3.77 3.74 3.70 3.67 3.64 3.61 3.58 3.56 3.53 3.49 3.46 3.44 3.39 3.36 3.22 3.21 3.20 3.19 3.18 3.16 3.16 3.16 3.25 3.29 3.32 3.35 3.33 3.42 3.53 3.57 3.60 3.62 3.68 3.72 3.77 3.81 3.85 3.98 4.01 4.03 4.05 4.15 4.14 4.12 4.25 4.23 4.21 4.18 4.16 4.17 4.14 4.12 4.03 4.01 3.98 3.96 4.03 4.02 4.02 3.97 3.97 3.96 3.91 3.90 3.90 3.89 3.79 3.79 3.93 3.90 3.80 3.80 3.81 3.81 3.81 3.81 3.86 3.87
3.61 3.60 3.60 3.72 3.70 3.67 3.64 3.61 3.63 3.59 3.56 3.53 3.50 3.47 3.45 3.42 3.40 3.37 3.32 3.30 3.18 3.17 3.16 3.15 3.14 3.13 3.13 3.13 3.22 3.27 3.30 3.33 3.32 3.41 3.51 3.56 3.58 3.61 3.65 3.71 3.75 3.79 3.83 3.86 3.98 4.00 4.02 4.12 4.10 4.08 4.06 4.17 4.15 4.12 4.09 4.10 4.07 3.99 3.96 3.94 3.92 3.98 3.97 3.97 3.97 3.92 3.92 3.92 3.87 3.87 3.87 3.87 3.78 3.77 3.93 3.82 3.82 3.82 3.80 3.81 3.81 3.81 3.82 3.86
3.56 3.55 3.68 3.66 3.63 3.60 3.57 3.54 3.51 3.52 3.49 3.45 3.42 3.39 3.37 3.36 3.33 3.31 3.27 3.24 3.14 3.13 3.12 3.11 3.11 3.10 3.10 3.11 3.20 3.25 3.28 3.28 3.31 3.40 3.44 3.54 3.54 3.60 3.64 3.65 3.73 3.77 3.80 3.83 3.95 3.97 4.02 4.02 4.07 4.04 4.01 3.98 3.95 4.06 4.03 4.00 4.01 3.93 3.90 3.88 3.93 3.93 3.92 3.93 3.93 3.88 3.88 3.82 3.83 3.84 3.75 3.76 3.76 3.70 3.88 3.81 3.82 3.79 3.80 3.80 3.80 3.81 3.70 3.75
3.51 3.64 3.62 3.59 3.57 3.54 3.50 3.47 3.43 3.40 3.37 3.39 3.36 3.33 3.30 3.28 3.26 3.25 3.23 3.10 3.10 3.10 3.08 3.08 3.08 3.08 3.08 3.02 3.04 3.09 3.12 3.15 3.30 3.27 3.31 3.34 3.53 3.58 3.59 3.57 3.61 3.64 3.71 3.81 3.78 3.81 3.85 3.85 4.04 4.01 3.98 3.94 3.91 3.87 3.97 3.94 3.95 3.87 3.85 3.90 3.89 3.88 3.88 3.89 3.89 3.74 3.75 3.76 3.80 3.81 3.74 3.74 3.74 3.69 3.63 3.64 3.65 3.66 3.67 3.68 3.69 3.81 3.81 3.71
3.68 3.59 3.56 3.53 3.50 3.47 3.44 3.41 3.37 3.33 3.28 3.25 3.23 3.20 3.07 3.07 3.06 3.09 3.08 3.09 3.09 2.98 2.97 2.97 2.92 2.92 2.92 3.00 3.01 3.04 3.10 3.13 3.16 3.25 3.29 3.31 3.35 3.35 3.51 3.54 3.58 3.61 3.64 3.67 3.75 3.77 3.82 3.82 3.85 3.82 3.79 3.76 3.78 3.75 3.89 3.86 3.89 3.89 3.82 3.80 3.78 3.74 3.75 3.75 3.71 3.71 3.72 3.73 3.75 3.76 3.66 3.66 3.61 3.67 3.64 3.65 3.66 3.68 3.69 3.70 3.70 3.71 3.72 3.82
3.63 3.61 3.51 3.48 3.45 3.42 3.38 3.35 3.31 3.26 3.23 3.20 3.18 3.15 3.04 3.03 3.02 3.02 2.91 2.90 2.94 2.94 2.94 2.93 2.89 2.89 2.89 2.98 2.99 3.04 3.07 3.11 3.14 3.22 3.27 3.24 3.28 3.30 3.33 3.37 3.55 3.58 3.61 3.64 3.67 3.70 3.77 3.77 3.81 3.78 3.75 3.72 3.73 3.70 3.67 3.63 3.78 3.81 3.79 3.77 3.76 3.72 3.73 3.73 3.70 3.70 3.71 3.72 3.74 3.75 3.64 3.64 3.82 3.68 3.65 3.67 3.68 3.69 3.70 3.71 3.72 3.79 3.84 3.85
3.59 3.54 3.51 3.43 3.40 3.37 3.33 3.30 3.25 3.22 3.19 3.16 3.13 3.11 3.01 2.90 2.89 2.88 2.88 2.87 2.88 2.85 2.85 2.90 2.87 2.87 2.95 2.96 2.98 3.02 3.05 3.09 3.12 3.08 3.19 3.21 3.25 3.27 3.31 3.34 3.37 3.40 3.58 3.60 3.63 3.65 3.72 3.72 3.68 3.74 3.71 3.68 3.69 3.59 3.60 3.65 3.64 3.60 3.59 3.63 3.74 3.71 3.72 3.58 3.58 3.69 3.70 3.71 3.73 3.62 3.62 3.69 3.81 3.66 3.67 3.68 3.69 3.70 3.72 3.79 3.80 3.85 3.87 3.86
3.52 3.50 3.47 3.43 3.40 3.37 3.29 3.24 3.21 3.18 3.15 3.12 3.10 2.90 2.88 2.87 2.85 2.84 2.84 2.84 2.82 2.81 2.82 2.82 2.82 2.93 2.93 2.94 2.96 3.00 3.04 3.02 3.05 3.12 3.15 3.18 3.20 3.23 3.27 3.31 3.33 3.37 3.43 3.43 3.54 3.61 3.62 3.64 3.63 3.62 3.63 3.61 3.58 3.56 3.57 3.56 3.61 3.51 3.50 3.61 3.61 3.61 3.65 3.58 3.58 3.69 3.70 3.71 3.51 3.52 3.52 3.70 3.72 3.68 3.69 3.70 3.71 3.72 3.79 3.80 3.81 3.87 3.89 3.90
3.48 3.46 3.43 3.39 3.36 3.33 3.30 3.27 3.17 3.14 3.03 3.00 2.88 2.86 2.85 2.83 2.82 2.81 2.81 2.79 2.79 2.79 2.79 2.79 2.79 2.87 2.88 2.92 2.95 2.99 3.02 2.99 3.02 3.09 3.12 3.14 3.16 3.20 3.24 3.27 3.29 3.33 3.35 3.38 3.51 3.52 3.57 3.59 3.54 3.53 3.52 3.57 3.55 3.57 3.55 3.54 3.59 3.50 3.49 3.49 3.59 3.60 3.47 3.47 3.47 3.59 3.51 3.51 3.52 3.52 3.68 3.65 3.67 3.71 3.74 3.78 3.80 3.81 3.82 3.84 3.89 3.90 3.92 3.94
3.45 3.42 3.39 3.36 3.33 3.30 3.27 3.24 3.13 3.02 2.99 2.97 2.89 2.87 2.86 2.81 2.80 2.79 2.81 2.80 2.76 2.76 2.76 2.81 2.83 2.84 2.86 2.88 2.83 2.90 2.91 2.94 2.99 3.05 3.05 3.10 3.13 3.17 3.20 3.23 3.25 3.28 3.35 3.34 3.35 3.38 3.39 3.50 3.50 3.49 3.48 3.54 3.56 3.55 3.53 3.55 3.54 3.49 3.48 3.48 3.51 3.53 3.46 3.47 3.47 3.53 3.51 3.51 3.44 3.45 3.53 3.68 3.71 3.74 3.79 3.77 3.79 3.87 3.89 3.90 3.93 3.91 3.92 3.94
3.41 3.38 3.38 3.35 3.32 3.29 3.26 3.03 3.00 2.98 2.90 2.88 2.87 2.85 2.83 2.82 2.80 2.79 2.79 2.78 2.78 2.78 2.79 2.79 2.80 2.82 2.83 2.79 2.80 2.86 2.88 2.92 3.00 3.03 3.06 3.07 3.10 3.13 3.17 3.24 3.26 3.29 3.32 3.34 3.31 3.33 3.34 3.35 3.46 3.45 3.53 3.51 3.50 3.55 3.54 3.53 3.53 3.52 3.52 3.51 3.51 3.53 3.54 3.52 3.53 3.56 3.52 3.46 3.47 3.53 3.55 3.70 3.73 3.80 3.83 3.87 3.82 3.91 3.88 3.89 3.92 3.93 3.95 3.97
3.41 3.38 3.35 3.32 3.29 3.05 3.03 3.01 2.99 2.97 2.95 2.92 2.85 2.83 2.82 2.80 2.78 2.78 2.77 2.76 2.76 2.76 2.75 2.77 2.77 2.85 2.86 2.88 2.77 2.87 2.90 2.94 2.97 3.00 3.02 3.04 3.07 3.10 3.18 3.21 3.23 3.25 3.28 3.30 3.32 3.34 3.29 3.30 3.46 3.46 3.49 3.48 3.47 3.53 3.52 3.52 3.51 3.51 3.51 3.56 3.57 3.55 3.55 3.51 3.53 3.57 3.47 3.47 3.54 3.55 3.57 3.74 3.80 3.83 3.86 3.90 3.92 3.89 3.91 3.92 3.93 3.95 3.97 3.99
3.38 3.35 3.32 3.08 3.06 3.04 3.02 3.00 2.97 2.95 2.93 2.91 2.89 2.81 2.80 2.77 2.77 2.76 2.75 2.75 2.74 2.74 2.73 2.75 2.75 2.83 2.84 2.86 2.79 2.81 2.87 2.90 2.94 2.97 2.99 3.02 3.05 3.08 3.15 3.17 3.19 3.21 3.24 3.26 3.28 3.34 3.30 3.31 3.43 3.43 3.46 3.45 3.51 3.51 3.50 3.50 3.50 3.50 3.50 3.56 3.57 3.53 3.55 3.51 3.46 3.48 3.47 3.54 3.55 3.56 3.63 3.65 3.82 3.86 3.92 3.95 3.96 3.97 3.95 3.96 3.95 3.97 4.00 4.02
3.31 3.11 3.09 3.07 3.05 3.03 3.00 2.98 2.96 2.94 2.92 2.90 2.88 2.86 2.78 2.76 2.75 2.74 2.74 2.73 2.73 2.72 2.72 2.71 2.77 2.77 2.78 2.87 2.76 2.87 2.89 2.93 2.95 2.93 2.97 2.99 3.02 3.05 3.12 3.14 3.15 3.18 3.20 3.27 3.29 3.30 3.32 3.42 3.41 3.46 3.45 3.42 3.49 3.49 3.49 3.49 3.49 3.53 3.54 3.51 3.52 3.53 3.54 3.49 3.51 3.48 3.53 3.55 3.60 3.62 3.64 3.66 3.84 3.91 3.96 3.98 3.98 3.99 3.97 3.98 3.98 4.00 4.02 4.04
