data/EU espacial/H_Al_EU.grd
DSAA
94	94
0.0000	100.0000
0.0000	100.0000
41.8618	86.3995
[rows 0 to 33 of 94, columns 0 to 76 of 94]
52.00 62.88 64.18 65.45 66.69 67.89 69.05 71.82 72.89 73.91 74.89 75.82 76.72 77.61 78.67 79.58 80.54 82.37 83.44 83.78 82.98 82.39 81.76 81.23 80.80 80.10 79.84 80.59 80.48 81.75 81.87 82.08 82.61 82.98 83.10 83.68 84.35 85.12 84.21 83.26 83.88 83.22 82.36 81.90 81.55 80.27 80.15 78.65 78.86 80.44 81.05 81.62 82.05 82.91 83.48 84.78 85.70 85.23 84.29 83.50 83.15 82.98 82.64 82.26 81.83 82.28 80.51 79.93 79.27 78.55 76.72 75.93 75.13 74.12 73.36 72.73 72.21
62.40 63.35 64.56 65.82 67.08 68.30 69.49 70.62 71.69 74.25 75.19 76.08 76.93 77.75 78.72 79.54 80.39 81.99 82.72 82.90 82.44 81.91 81.31 80.79 80.36 80.02 79.43 80.08 79.97 79.95 81.26 81.47 81.96 82.33 82.45 82.98 83.51 83.84 83.25 82.50 83.05 82.41 81.56 81.08 80.72 79.50 78.35 78.40 78.20 79.90 80.33 80.91 81.39 82.27 83.04 84.02 84.71 84.73 83.68 83.45 83.23 83.15 82.91 82.61 82.23 81.76 80.98 80.36 79.66 78.87 77.01 76.13 75.26 74.19 73.38 72.67 72.06
63.15 64.01 65.11 66.31 67.56 68.79 69.99 71.13 72.20 73.19 75.51 76.33 77.08 77.80 78.63 79.30 79.97 80.57 81.67 81.76 81.50 81.61 80.61 80.14 79.74 79.43 79.88 79.43 79.32 79.30 80.51 80.71 80.98 81.19 81.58 81.99 82.32 82.44 81.96 81.42 82.00 81.41 80.60 80.12 79.81 77.61 77.51 77.55 77.75 78.99 79.42 80.00 80.50 81.35 82.06 82.90 83.56 83.88 84.00 83.19 83.16 83.23 83.12 82.94 82.64 80.76 81.47 80.82 80.06 79.20 77.28 76.31 75.35 74.21 73.34 72.56 72.15
63.82 64.66 65.70 66.86 68.08 69.32 70.53 71.69 72.75 73.71 74.55 75.27 77.19 77.77 78.42 78.92 79.37 79.75 80.60 80.62 80.93 80.60 80.24 79.33 78.97 79.32 79.07 78.51 78.55 78.05 78.09 79.82 80.06 80.25 80.57 80.86 81.06 81.08 80.63 80.34 79.58 80.28 79.51 79.10 78.70 76.65 76.53 76.55 76.55 77.93 78.34 78.92 79.42 80.49 80.90 81.70 82.41 82.91 82.91 82.78 82.97 83.23 83.29 81.91 81.74 81.38 80.82 81.30 80.46 79.52 77.52 76.45 75.40 74.18 73.23 72.64 71.87
64.38 65.24 66.27 67.41 68.62 69.87 71.10 72.27 73.34 74.27 75.04 75.64 76.12 77.67 78.12 78.42 78.68 78.87 79.52 79.48 79.76 79.49 79.20 78.38 78.66 78.37 78.14 78.00 77.67 77.19 77.23 77.32 78.28 79.21 79.46 79.67 79.79 79.77 79.47 79.05 78.57 77.86 78.43 77.08 76.54 76.26 75.41 75.23 75.41 76.90 77.32 77.68 78.46 79.23 80.04 80.46 81.25 81.90 82.14 82.61 82.68 83.15 82.20 82.36 82.32 82.03 81.47 81.80 80.86 79.80 77.69 76.51 75.36 74.32 73.29 72.35 71.51
64.85 65.73 66.76 67.90 69.12 70.40 71.67 72.88 73.97 74.87 75.56 76.02 76.32 76.50 76.61 77.86 77.93 77.96 77.92 78.76 78.56 78.32 78.06 78.45 77.57 77.30 77.11 76.99 76.39 76.24 76.26 76.34 76.45 78.11 78.32 78.49 78.56 78.42 78.22 77.84 77.40 76.88 76.37 75.91 75.33 75.01 74.20 74.00 75.32 75.55 75.96 76.53 77.11 77.88 78.70 79.57 80.06 80.53 81.29 81.97 82.66 81.87 82.41 82.79 82.93 82.73 82.16 81.26 81.23 80.02 78.51 76.47 75.27 74.07 72.96 71.95 71.04
65.21 66.11 67.15 68.30 69.55 70.87 72.20 73.48 74.63 75.54 76.12 76.40 76.47 76.42 76.32 76.21 77.13 77.03 76.88 77.56 77.34 77.11 77.45 77.18 76.96 76.15 75.98 75.88 75.47 75.19 75.21 75.28 75.27 75.40 77.18 77.32 77.38 77.23 77.04 76.68 76.26 74.81 75.23 74.57 74.10 73.70 72.72 72.67 73.91 74.13 74.53 75.09 75.69 76.48 77.34 78.25 78.54 79.46 80.37 81.24 82.14 81.74 82.55 83.20 83.58 83.51 82.90 81.83 80.48 80.11 78.44 77.06 74.96 73.68 72.51 71.44 70.48
66.24 66.37 67.41 68.59 69.86 71.23 72.64 74.04 75.31 76.27 76.74 76.77 76.55 76.24 75.93 75.65 75.38 76.06 75.82 75.91 76.11 76.41 76.11 75.85 75.64 74.92 74.77 74.68 74.32 74.32 74.09 74.17 74.19 74.33 74.65 76.19 76.26 76.12 75.89 75.61 75.20 73.83 73.16 73.43 72.88 72.37 71.37 71.28 72.45 72.68 73.07 73.84 74.55 75.40 75.97 76.92 77.32 78.33 79.37 79.56 80.66 81.44 82.53 83.52 84.25 84.37 83.67 82.32 80.68 80.01 78.18 76.68 74.47 73.13 71.91 70.81 69.81
66.34 66.49 67.54 68.72 70.02 71.42 72.91 74.44 75.93 77.08 77.40 77.04 76.49 75.91 75.39 74.99 74.63 74.44 75.08 74.74 75.44 75.05 74.75 74.48 74.27 74.15 73.48 73.42 73.09 73.11 73.18 72.81 72.94 73.25 73.58 73.68 74.68 75.09 74.89 74.63 73.37 72.80 72.26 72.39 71.74 71.09 69.99 70.94 71.05 71.32 71.67 72.35 73.09 74.01 74.97 75.60 76.07 77.16 77.50 78.69 79.91 81.20 82.21 83.57 84.81 85.34 84.39 82.55 80.55 78.39 77.63 75.29 73.78 72.41 71.17 70.05 69.04
66.31 67.16 67.51 68.69 69.98 71.39 72.91 74.52 76.22 77.89 77.86 77.00 76.17 75.38 74.67 74.24 73.83 73.58 73.13 74.42 74.12 73.72 73.39 73.08 72.87 72.75 72.70 72.08 71.80 71.82 71.91 71.63 71.81 72.47 72.67 72.70 72.88 73.70 74.01 72.47 72.59 72.03 71.49 70.85 70.81 70.03 69.01 69.56 69.90 70.22 70.68 70.92 71.78 72.78 73.74 74.65 74.81 75.28 76.45 77.65 78.91 80.26 81.41 83.02 84.79 86.40 84.57 82.12 79.88 77.60 75.74 74.37 72.86 71.49 70.27 69.16 68.16
66.14 66.97 67.94 68.47 69.73 71.10 72.57 74.11 75.68 77.03 77.10 76.35 75.52 74.71 73.99 73.47 73.01 73.13 72.59 72.63 72.16 72.45 72.08 71.73 71.48 71.31 71.25 70.65 70.62 70.43 70.58 70.41 70.66 71.40 71.68 71.78 72.04 71.09 71.89 71.78 71.95 71.41 70.88 70.25 70.15 69.17 68.49 69.06 69.26 69.52 69.95 70.24 70.96 71.85 72.73 73.58 73.31 74.21 75.31 76.43 77.61 78.89 80.29 81.49 83.06 84.09 82.78 80.60 78.48 76.29 74.51 72.08 71.70 70.39 69.21 68.15 67.19
65.84 66.64 67.57 68.08 69.28 70.57 71.91 73.26 74.50 75.38 75.57 75.19 74.56 73.87 73.22 72.66 72.73 72.18 71.63 71.12 71.10 70.58 70.07 70.41 70.08 69.85 69.74 69.78 69.11 68.96 68.84 69.13 69.49 70.34 70.74 71.19 71.30 70.53 70.55 71.22 70.84 70.94 70.43 69.84 68.97 68.91 68.45 69.08 69.04 69.40 69.60 69.94 70.49 71.18 71.92 72.15 72.40 73.31 74.08 75.04 76.05 77.13 78.27 79.43 80.06 80.38 79.62 78.12 76.43 74.50 72.92 70.64 69.22 69.11 68.02 67.03 66.13
65.42 66.17 67.05 68.04 68.66 69.84 71.03 72.17 73.15 73.81 74.03 73.84 73.40 72.85 72.97 72.35 71.78 71.24 70.77 70.13 70.07 69.48 68.89 68.31 68.66 68.35 68.17 68.17 67.52 67.09 67.40 67.83 68.31 69.31 69.96 70.44 70.15 70.08 70.18 69.89 70.44 70.61 70.13 69.33 68.77 68.78 68.45 69.14 69.26 69.28 69.44 69.73 70.15 70.67 70.72 71.39 71.48 72.20 72.93 73.51 74.28 75.07 75.86 76.59 76.75 76.78 76.22 75.19 73.68 72.33 71.03 68.96 67.71 67.68 66.70 65.81 64.51
65.05 65.74 66.55 67.46 68.65 69.66 70.04 71.01 71.81 72.35 72.56 72.46 72.15 72.44 71.87 71.32 70.80 70.28 69.81 69.15 69.06 68.40 67.73 67.05 66.40 66.80 66.52 66.46 65.82 65.45 65.88 66.46 67.12 68.32 69.15 69.80 69.73 69.76 69.71 69.70 70.18 69.87 69.94 69.15 68.65 68.70 68.43 69.18 69.26 69.23 69.35 69.58 69.88 69.72 70.17 70.64 70.55 71.05 71.55 72.06 72.37 72.83 73.26 73.59 73.77 73.27 72.81 72.09 70.94 69.94 68.20 67.12 66.08 65.09 65.03 64.04 63.33
64.39 65.03 65.79 66.66 67.58 68.15 69.09 69.94 70.54 71.00 71.18 71.12 71.65 71.19 70.70 70.24 69.79 69.33 68.88 68.22 67.47 67.37 66.61 65.82 65.04 64.33 64.80 64.64 63.42 63.72 64.28 65.06 65.95 66.73 67.70 68.58 69.27 69.59 69.69 69.70 69.32 69.00 68.96 69.03 68.55 67.66 67.36 69.45 69.23 69.21 69.31 69.47 69.13 69.40 69.66 69.92 69.63 69.90 70.15 70.38 70.58 70.54 70.59 70.57 70.46 69.84 69.45 68.97 68.27 67.60 66.90 65.19 64.36 63.55 62.59 62.69 62.09
63.64 64.22 64.95 65.78 66.66 67.55 68.06 68.83 69.44 69.83 69.98 70.67 70.32 69.90 69.48 69.11 68.76 68.51 67.98 67.34 66.57 66.41 65.55 64.63 63.69 62.80 62.05 62.32 61.98 61.86 62.62 63.63 64.44 65.95 67.15 68.23 69.12 69.61 69.87 69.88 69.21 68.85 68.23 68.21 67.80 67.92 67.66 69.33 69.16 69.18 69.29 68.87 69.03 69.12 69.17 69.21 68.72 68.76 68.77 68.74 68.63 68.43 67.97 67.59 67.19 66.85 66.28 66.03 65.47 65.12 64.34 63.27 62.64 61.00 60.37 60.87 60.41
62.79 63.34 64.06 64.88 65.73 66.57 67.37 67.79 68.36 68.72 68.83 69.37 69.00 68.59 68.22 67.95 67.74 67.59 67.16 66.56 65.77 65.54 64.59 63.54 62.42 61.30 60.30 59.61 59.67 59.89 60.92 61.96 63.41 65.20 66.65 67.99 69.13 69.80 70.10 70.07 69.29 68.87 68.22 67.73 67.63 67.75 66.92 66.88 69.02 69.13 68.75 68.95 68.99 68.89 68.70 68.50 67.82 67.65 67.45 67.17 66.80 66.28 65.64 64.73 64.00 63.49 63.03 62.78 62.80 62.77 62.23 61.96 60.04 59.54 59.04 59.56 59.23
61.86 62.40 63.15 63.98 64.82 65.63 66.38 66.80 67.37 67.74 68.47 68.16 67.71 67.25 66.89 66.19 66.13 66.06 66.44 65.90 65.06 64.29 63.28 62.14 61.30 59.92 58.59 57.53 57.01 57.36 58.75 60.73 62.73 64.50 66.20 67.82 69.26 70.18 70.48 70.30 69.36 68.86 68.17 67.64 66.98 67.53 66.66 66.65 68.80 68.48 68.89 69.13 69.03 68.67 68.23 67.80 66.95 66.59 66.21 65.75 65.15 64.37 63.38 62.25 60.93 60.15 59.88 60.00 60.40 59.71 59.77 58.85 58.55 58.16 57.75 58.29 58.11
60.85 61.50 62.33 63.16 63.96 64.72 64.50 65.25 65.91 66.89 67.44 67.00 65.95 65.42 65.01 65.06 65.20 65.31 65.81 65.36 64.60 63.63 62.60 61.46 60.02 58.38 56.70 54.80 54.51 54.67 56.64 59.72 61.92 63.86 65.76 67.60 69.80 70.77 71.30 70.43 69.32 68.61 68.07 67.52 66.84 66.37 66.09 66.05 67.96 68.47 69.02 69.44 69.09 68.42 67.74 67.08 66.07 65.61 65.10 64.50 63.76 62.78 61.52 60.05 58.38 56.82 56.28 57.15 57.55 57.99 58.22 57.45 57.26 56.94 56.54 56.30 57.09
59.04 59.75 60.58 61.40 62.20 62.96 63.62 64.30 64.93 65.63 65.41 65.33 64.86 64.34 63.92 64.07 64.29 64.47 64.57 64.21 63.90 62.95 61.93 60.82 59.36 57.69 55.97 53.67 53.14 54.44 56.04 58.47 60.85 62.81 65.90 66.52 69.54 70.16 71.18 69.43 68.81 69.10 67.48 66.81 66.38 65.98 64.96 65.16 67.67 68.16 68.68 69.13 68.61 67.79 66.99 66.21 65.09 64.51 63.89 63.18 62.35 61.25 59.87 58.28 56.49 54.45 54.36 55.45 56.18 56.70 57.02 56.42 56.31 56.06 55.71 55.56 55.26
59.04 59.49 60.13 60.81 61.49 62.15 62.77 63.51 63.96 64.24 64.07 63.84 63.50 63.17 63.26 63.28 63.42 63.53 63.48 63.09 62.33 62.24 61.27 60.16 58.33 56.85 55.37 54.13 54.36 55.30 56.88 58.35 60.65 62.56 64.38 66.10 67.77 69.07 69.53 69.06 68.66 68.26 67.51 66.91 66.55 65.53 65.41 65.55 65.94 68.04 68.28 68.32 67.92 67.23 66.45 65.67 64.52 63.85 63.15 62.38 61.49 60.40 59.13 57.73 55.96 54.97 54.60 54.96 55.41 55.85 56.16 55.59 55.54 55.38 55.19 54.80 54.70
58.98 59.31 59.78 60.30 60.85 61.38 61.87 62.44 62.76 62.95 62.97 62.66 62.46 62.26 62.15 62.14 62.19 62.58 62.44 62.07 61.44 60.96 60.14 59.14 57.99 56.76 55.60 54.75 54.92 56.03 56.83 58.46 60.59 62.35 64.02 65.57 67.02 68.15 68.36 68.52 68.35 68.11 67.46 66.97 66.72 66.27 66.44 66.42 67.65 67.88 67.84 67.65 67.22 66.59 65.87 65.12 63.96 63.26 62.55 61.77 60.89 59.90 58.80 57.28 56.19 55.47 54.89 54.91 55.20 55.51 55.91 55.02 55.00 54.90 54.79 54.39 54.28
58.59 59.13 59.46 59.84 60.24 60.64 61.12 61.41 61.63 61.76 61.78 61.52 61.42 61.32 61.26 61.27 61.30 61.65 61.50 61.19 60.67 60.37 59.67 58.81 57.83 56.80 55.88 56.11 55.60 56.22 57.18 58.47 60.11 62.13 63.69 65.08 66.37 67.43 67.66 67.98 68.00 67.92 67.37 67.00 66.61 66.52 66.48 68.10 67.77 67.49 67.46 67.10 66.60 65.98 65.28 64.57 63.41 62.74 62.05 61.32 60.52 59.65 58.37 57.39 56.53 55.94 55.26 55.22 55.19 55.34 55.64 54.80 54.64 54.57 54.48 54.06 53.95
58.44 58.62 58.87 59.15 59.68 60.04 60.26 60.45 60.32 60.41 60.42 60.39 60.37 60.34 60.34 60.37 60.42 60.78 60.67 60.43 60.03 59.91 59.34 58.62 57.78 56.90 56.82 56.42 56.22 56.63 57.45 58.58 59.91 61.87 63.29 64.69 65.82 66.77 67.13 67.54 67.68 67.64 67.28 66.77 66.76 66.73 66.69 68.30 67.85 67.40 66.93 66.65 66.07 65.42 64.73 64.03 62.90 62.28 61.65 61.01 60.33 59.25 58.42 57.61 56.90 56.14 55.78 55.48 55.32 55.35 55.41 54.64 54.58 54.50 54.52 53.95 53.82
58.28 58.39 58.54 58.71 59.17 59.31 59.16 59.26 59.33 59.35 59.35 59.33 59.31 59.34 59.39 59.46 59.55 59.62 59.92 59.78 59.82 59.57 59.15 58.56 57.82 57.67 57.06 56.68 56.74 56.86 57.61 58.65 59.71 61.46 62.62 63.87 65.21 65.94 66.45 66.94 67.55 67.71 67.22 66.83 66.89 66.90 66.87 68.45 67.90 67.33 66.73 66.07 65.62 64.92 64.21 63.52 62.42 61.87 61.35 60.82 59.95 59.28 58.57 57.89 57.28 56.54 56.16 55.92 55.66 55.14 55.10 54.60 54.49 54.39 53.81 53.51 53.35
58.11 58.16 58.23 58.58 58.63 58.66 58.67 58.65 58.39 58.35 58.32 58.31 58.31 58.33 58.43 58.55 58.71 58.85 59.24 59.22 59.42 59.33 59.08 58.63 58.56 57.86 57.20 56.77 56.79 56.91 57.66 58.67 59.68 61.36 62.47 63.64 64.97 65.67 66.35 66.70 67.40 67.34 67.25 67.36 67.02 67.07 67.05 68.60 67.97 67.29 66.58 65.82 65.03 64.49 63.73 63.03 61.96 61.51 61.12 60.45 59.96 59.41 58.81 58.21 57.44 56.93 56.52 56.23 55.67 55.25 55.14 55.07 54.48 53.91 53.32 52.92 52.76
57.95 57.94 58.21 58.18 58.14 58.08 57.99 57.87 57.72 57.41 57.35 57.34 57.35 57.37 57.45 57.65 57.89 58.12 58.61 58.71 59.07 59.16 59.12 59.41 58.86 58.07 57.27 56.67 56.62 56.80 57.63 58.55 59.70 61.33 62.53 63.52 64.07 65.54 66.21 66.83 67.04 67.35 67.31 67.47 67.16 67.26 68.31 67.95 68.05 67.29 66.48 65.65 64.79 63.91 63.33 62.57 61.52 61.20 60.69 60.43 60.10 59.65 59.11 58.55 57.81 57.30 56.52 56.15 55.86 55.38 55.20 55.08 54.02 53.40 52.97 52.78 52.60
57.78 58.00 57.92 57.82 57.71 57.57 57.40 57.18 56.93 56.68 56.61 56.46 56.47 56.46 56.51 56.77 57.09 57.43 57.71 58.43 58.71 58.97 59.75 59.84 59.26 58.28 57.28 56.31 56.03 56.43 57.43 58.55 59.79 61.10 62.26 63.12 64.01 65.53 66.28 65.73 66.27 66.60 66.62 67.59 66.52 66.73 67.79 67.46 68.16 67.32 66.44 65.54 64.66 63.76 62.81 62.18 61.08 60.68 60.61 60.52 60.35 59.65 59.07 58.48 57.94 57.27 56.78 56.36 56.03 55.76 55.27 54.71 54.01 53.31 52.86 52.65 52.46
57.44 57.79 57.66 57.51 57.34 57.14 56.91 56.63 56.29 55.91 55.54 55.60 55.60 55.55 55.26 55.66 56.06 56.56 56.92 58.33 58.75 59.05 59.52 60.01 59.31 58.20 57.16 56.25 55.59 56.71 57.59 58.57 59.71 61.24 62.37 63.18 64.10 63.93 65.21 65.74 66.26 66.58 66.59 66.81 66.49 66.73 67.82 67.48 67.38 66.56 65.72 64.85 64.16 63.30 62.36 61.36 59.77 59.81 59.80 60.31 60.26 59.89 59.27 58.69 57.95 57.44 56.99 56.54 56.16 55.85 54.94 54.69 54.48 53.81 52.75 52.52 52.32
57.25 57.13 57.43 57.24 57.04 56.80 56.53 56.22 55.89 55.24 55.11 55.08 55.06 55.03 54.84 55.10 55.43 55.77 56.33 57.17 58.14 58.59 59.01 59.22 58.88 58.13 57.34 56.76 56.62 56.89 57.85 58.92 60.01 61.50 62.58 62.41 63.24 64.13 65.28 65.77 66.29 66.58 66.57 66.76 66.90 66.49 67.52 67.19 67.24 66.47 65.68 64.87 64.21 63.40 62.56 61.08 59.92 59.73 59.96 60.40 60.24 59.89 59.38 58.64 58.09 57.55 57.04 56.66 56.25 55.50 55.17 54.64 53.92 53.69 52.63 52.39 52.18
57.09 56.47 56.34 57.03 56.79 56.53 56.24 55.93 55.21 54.97 54.81 54.71 54.65 54.63 54.42 54.66 54.91 55.19 56.15 56.51 57.32 57.76 58.12 58.49 58.37 57.99 57.65 57.37 57.46 57.62 58.42 59.39 60.42 60.81 61.89 62.62 63.41 64.29 64.91 65.87 66.31 66.56 66.55 66.69 66.76 66.24 67.19 66.87 66.12 66.37 65.66 64.93 64.35 63.15 62.49 61.30 60.79 60.02 59.82 59.62 59.33 59.91 59.44 58.72 58.17 57.63 57.12 56.64 55.90 55.49 55.13 54.37 54.08 52.79 52.49 52.24 52.03
56.43 56.30 56.15 55.97 55.78 55.56 56.02 55.23 54.98 54.74 54.56 54.42 54.31 54.04 54.09 54.19 54.35 55.03 55.55 55.87 56.61 57.10 57.44 57.65 57.69 57.93 57.86 57.88 58.12 58.28 58.76 59.08 59.98 61.28 62.21 62.91 63.84 64.53 65.09 66.03 66.40 66.58 66.36 66.55 66.65 65.97 65.90 66.26 65.87 65.49 65.29 64.64 63.99 63.35 62.51 61.91 61.20 60.70 60.35 59.70 59.33 59.50 58.19 58.77 58.22 57.68 57.16 56.37 55.88 55.44 55.05 54.25 53.92 52.66 52.35 52.08 51.86
56.30 56.16 55.99 55.79 55.58 55.34 55.10 54.85 54.78 54.54 54.44 54.27 53.76 53.70 53.68 53.71 54.26 54.46 54.71 55.57 55.95 56.35 56.72 57.12 57.33 57.52 57.67 58.26 58.28 58.60 59.31 59.55 60.41 61.67 62.58 63.26 64.19 64.84 65.35 65.71 66.52 66.62 66.44 66.43 66.47 66.34 65.60 65.96 65.31 64.90 64.46 64.64 64.09 63.33 62.79 62.28 61.57 61.03 60.60 60.15 59.36 58.71 58.14 57.54 56.92 57.70 56.87 56.33 55.82 55.36 54.50 53.83 53.47 52.24 51.43 51.22 51.14
56.20 56.04 55.85 55.64 55.40 55.16 54.90 54.65 54.51 54.48 54.25 54.05 52.64 52.55 52.49 53.71 53.75 53.86 53.51 53.77 55.29 55.73 56.17 55.77 57.08 57.41 57.76 58.17 57.94 58.43 59.31 59.92 60.82 62.07 62.96 63.83 64.60 65.22 65.66 65.94 65.87 65.93 66.53 66.30 66.10 66.91 65.33 65.33 65.00 64.65 64.29 64.78 63.93 63.49 63.05 62.45 62.02 61.34 60.84 60.31 59.55 58.66 58.08 57.47 56.84 56.24 55.72 55.09 54.52 53.96 53.53 52.93 52.51 52.14 51.91 50.92 50.71
