data/EU espacial/H_Al_EU.grd
DSAA
94	94
0.0000	100.0000
0.0000	100.0000
41.8618	86.3995
[rows 34 to 67 of 94, columns 0 to 76 of 94]
56.12 55.94 54.91 54.68 54.43 54.17 53.91 53.15 52.96 52.78 52.59 52.42 52.26 52.12 51.99 51.87 52.61 52.63 52.74 52.97 53.30 53.70 54.77 55.26 55.73 57.32 57.82 57.61 58.16 58.91 59.64 60.27 61.42 62.33 63.24 64.16 65.06 65.67 66.04 66.19 66.22 66.64 66.48 66.29 65.88 66.62 65.48 65.19 64.67 64.38 65.12 64.74 64.40 63.36 63.09 62.78 62.38 61.89 61.32 60.20 59.61 58.61 57.98 57.38 56.75 56.47 55.62 54.80 54.21 53.95 53.45 52.84 52.40 52.06 51.59 51.45 50.64
55.17 55.01 54.79 54.53 54.25 53.38 53.16 52.94 52.72 52.52 52.32 52.13 51.91 51.71 51.51 51.32 52.01 51.92 51.94 52.15 52.54 53.03 53.54 54.81 55.39 56.08 56.69 57.33 58.31 59.38 60.13 60.86 61.74 62.67 63.78 64.62 65.47 66.09 66.48 66.49 66.36 66.65 66.38 66.11 66.71 66.05 65.09 64.81 64.92 64.67 64.93 64.65 64.41 63.45 63.30 63.09 62.74 62.19 61.54 60.18 59.51 58.91 58.25 57.24 56.59 56.36 55.29 54.67 54.40 53.86 53.35 52.58 52.15 51.74 51.42 51.28 51.17
55.14 54.94 54.66 53.70 53.45 53.20 52.96 52.72 52.49 52.26 52.04 51.82 51.60 51.33 51.08 51.70 51.47 51.25 51.12 51.30 51.82 52.44 53.06 54.43 55.10 55.88 56.58 57.30 58.66 59.41 60.33 61.18 61.97 62.91 64.08 64.99 65.98 66.72 66.97 66.73 66.41 66.06 66.20 65.86 66.37 65.78 64.83 64.62 64.56 64.36 64.68 64.47 63.49 63.44 63.43 63.38 63.10 62.45 61.67 60.18 59.44 58.75 58.05 57.05 56.19 55.57 55.12 54.84 54.29 53.76 53.32 52.84 52.04 51.59 51.00 50.81 50.76
55.31 54.11 53.82 53.54 53.27 53.01 52.75 52.50 52.26 52.01 51.77 51.53 51.28 51.03 50.71 51.33 51.04 50.73 50.40 50.51 51.27 52.00 52.69 53.34 54.96 55.71 56.45 57.54 58.74 58.52 59.38 60.34 61.29 63.18 64.20 65.15 66.26 67.37 67.27 66.74 66.27 65.83 65.92 66.50 66.12 65.37 65.11 64.49 64.26 64.99 64.77 64.19 63.26 63.29 63.37 63.52 63.45 62.48 61.57 60.08 59.30 58.56 57.85 56.99 56.34 55.34 55.26 54.70 54.24 53.74 53.25 52.78 51.98 51.31 50.85 50.69 50.73
54.32 54.13 53.86 53.58 53.04 52.78 52.52 52.27 52.02 51.77 51.52 51.26 51.00 50.73 51.30 51.04 50.78 50.50 50.27 50.43 51.04 51.74 52.44 53.31 54.79 55.57 55.81 56.55 57.52 58.54 59.39 60.26 61.19 62.35 64.11 64.99 65.97 66.74 66.81 66.37 65.90 66.37 65.93 66.03 64.78 64.42 64.07 63.10 64.45 64.54 64.36 63.49 63.07 63.12 63.21 63.30 62.86 62.13 61.29 59.78 59.02 58.29 57.91 57.29 56.70 55.67 55.31 54.76 54.13 53.66 53.21 52.24 51.81 51.39 51.01 50.84 50.83
53.92 53.78 53.57 53.32 53.07 52.82 52.56 52.04 51.79 51.53 51.28 51.02 50.75 50.48 51.08 50.85 50.65 50.47 50.40 50.59 51.05 51.80 52.49 53.19 53.35 54.02 55.69 55.96 57.41 58.23 59.26 59.96 61.15 62.08 63.02 63.86 65.30 65.79 65.94 65.69 66.21 65.78 65.36 65.00 64.56 63.79 63.49 62.58 62.46 62.90 63.05 63.01 63.03 62.61 62.63 62.59 62.36 61.85 61.18 59.35 58.90 58.25 57.62 57.02 56.02 55.45 54.68 54.74 54.10 53.65 53.00 52.29 51.92 51.57 51.29 51.11 51.04
53.53 53.41 53.24 53.03 52.80 52.57 52.33 52.09 51.84 51.58 51.32 50.79 50.52 51.13 50.91 50.72 50.57 50.50 50.52 50.72 51.25 51.80 52.44 53.11 53.25 53.93 55.15 55.88 57.27 58.07 58.88 59.73 60.55 61.70 62.52 62.93 63.49 63.90 64.98 64.83 65.49 65.11 64.71 64.34 63.90 63.13 62.83 61.98 62.41 62.29 62.24 62.45 62.11 62.11 62.02 61.89 61.61 61.17 60.61 60.20 58.48 57.87 57.28 56.30 55.73 55.10 54.42 54.00 53.96 53.57 53.13 53.16 52.07 51.79 51.57 51.40 51.87
53.16 53.05 52.90 52.72 52.52 52.31 52.09 51.86 51.63 51.38 51.13 50.87 50.79 51.19 50.76 50.61 50.51 50.50 50.61 50.99 51.31 51.82 52.41 52.67 53.32 54.46 55.15 55.78 56.92 57.88 59.22 59.45 60.19 60.69 61.41 62.72 63.50 64.58 65.40 65.26 64.67 63.88 63.34 63.63 62.57 62.41 62.11 61.15 61.71 61.63 61.61 61.50 61.50 61.52 61.44 61.18 60.91 60.69 60.23 59.69 58.02 57.46 57.19 55.90 55.36 54.87 54.21 54.50 54.18 53.55 53.18 53.22 52.95 52.71 52.50 52.23 52.12
52.80 52.70 52.56 52.40 52.23 52.04 51.84 51.64 51.42 51.19 50.95 50.69 51.25 51.04 50.87 50.74 50.68 50.54 50.72 51.00 51.41 52.44 53.01 53.64 53.75 54.43 54.55 55.23 56.25 57.15 58.12 58.80 59.45 61.20 62.60 62.50 62.91 63.82 63.97 63.85 64.35 64.00 63.11 62.12 61.69 61.17 60.51 60.93 61.31 61.26 61.28 61.37 60.92 60.89 60.80 60.63 60.50 60.10 59.68 59.19 58.68 57.29 56.56 56.04 55.56 54.91 54.55 54.26 54.03 53.82 53.54 53.33 53.13 52.71 52.54 52.36 52.22
52.77 52.35 52.22 52.09 51.93 51.77 51.60 51.42 51.22 51.01 50.77 50.52 51.08 50.89 50.73 50.63 50.65 50.72 51.41 51.71 52.11 52.50 53.02 53.11 53.75 53.80 54.48 55.44 57.18 57.31 57.97 58.60 59.64 60.65 61.17 61.60 61.92 61.91 61.76 62.74 62.52 62.21 61.55 61.10 61.01 60.50 60.17 60.59 60.04 60.08 60.15 60.24 60.17 60.66 60.62 60.46 59.77 59.45 59.05 58.53 58.03 56.65 56.13 55.62 54.86 54.48 54.25 54.04 53.68 53.86 53.53 53.41 53.31 53.11 52.97 52.61 52.50
52.43 52.31 52.19 51.77 51.63 51.49 51.35 51.19 51.02 50.83 50.60 51.05 50.90 51.14 50.95 50.87 50.90 51.17 51.37 51.09 51.47 51.95 52.48 53.05 53.97 54.67 54.71 56.33 57.04 57.58 58.20 58.78 59.32 60.27 60.71 61.08 61.51 61.68 61.63 62.16 61.93 61.62 60.41 60.47 59.97 59.76 59.37 59.74 59.71 59.37 59.53 59.67 59.63 59.64 60.15 60.01 59.27 58.97 58.59 58.09 56.93 56.24 55.72 54.90 54.44 54.08 53.73 53.63 53.59 53.68 53.58 53.71 53.44 53.35 53.25 52.91 52.67
52.09 51.97 51.33 51.23 51.13 51.21 51.09 50.96 51.23 51.07 51.12 51.31 51.13 50.87 50.78 50.74 50.38 50.48 50.67 50.96 51.34 51.81 52.37 52.92 53.89 54.58 55.01 55.73 56.79 57.42 57.99 58.53 59.36 59.90 60.62 61.06 61.32 61.16 60.98 60.96 61.34 61.02 60.66 59.91 59.13 59.25 58.72 58.53 58.97 59.16 58.98 59.18 59.18 59.21 59.31 59.63 58.85 58.57 58.50 56.97 56.56 56.10 55.05 54.53 54.03 53.53 53.41 53.43 53.64 53.68 53.83 53.85 53.86 53.74 53.29 53.11 52.34
51.75 51.07 50.99 50.90 50.82 50.73 50.64 51.14 51.03 50.91 51.32 51.12 50.82 50.32 50.21 50.16 50.18 50.28 50.47 50.76 51.14 51.62 52.17 53.09 53.75 54.44 54.88 55.63 56.67 57.25 57.78 58.61 59.09 59.52 60.28 60.69 60.93 61.08 60.60 60.57 60.43 60.66 60.28 59.28 58.66 58.62 57.86 57.67 58.33 58.70 59.01 58.81 58.98 59.05 59.00 58.85 58.52 58.60 57.49 56.68 56.28 55.28 54.79 54.25 53.35 53.10 53.13 53.28 53.44 53.82 53.92 54.01 54.07 53.86 53.65 52.78 52.80
51.16 51.73 51.61 51.50 51.39 51.29 50.94 50.97 50.86 50.74 50.76 50.44 50.25 50.09 49.98 49.92 49.93 50.03 50.22 50.50 50.89 51.36 52.29 52.91 53.57 54.27 54.88 55.61 56.39 56.95 57.46 58.38 58.85 59.26 60.08 60.39 60.62 60.75 60.32 60.28 60.15 59.88 60.04 60.00 59.30 58.36 57.61 57.44 58.13 58.50 58.80 59.08 58.74 58.80 58.79 59.36 58.54 57.84 57.31 56.72 56.31 55.11 54.27 53.78 53.27 53.03 53.08 53.29 53.76 53.93 54.09 54.23 54.19 54.29 54.36 52.97 53.02
50.81 51.31 51.20 51.10 51.01 50.92 50.72 50.62 50.51 49.80 50.09 49.63 49.41 49.83 49.70 49.63 49.63 49.71 49.89 50.18 50.57 51.42 52.04 52.35 53.23 53.94 54.66 55.37 56.13 56.73 57.27 58.18 58.64 59.17 59.85 60.16 60.38 60.52 60.12 60.10 59.98 59.72 60.47 59.90 59.28 58.66 57.99 57.67 57.82 58.55 58.79 59.01 59.12 59.04 59.04 58.96 58.39 57.38 57.09 56.65 56.25 55.03 54.25 53.83 53.62 53.35 53.32 53.21 53.91 54.10 54.15 54.35 54.53 54.68 54.80 53.82 53.62
51.08 50.96 50.86 50.78 50.70 50.63 50.44 49.69 49.61 49.49 49.31 49.35 49.13 48.92 48.73 49.31 49.28 49.34 49.51 49.79 50.74 51.28 51.40 52.08 52.99 53.70 54.43 55.13 56.09 56.47 57.03 57.64 58.26 59.01 59.68 60.00 60.23 60.38 60.03 60.01 59.92 59.67 59.79 59.94 59.43 58.95 58.59 58.10 58.14 58.54 58.67 59.08 59.14 59.01 58.99 58.61 57.33 57.14 57.19 56.25 55.87 55.46 54.30 54.14 53.82 53.39 53.36 53.46 53.64 54.18 54.41 54.66 54.90 55.11 55.27 54.44 54.50
50.72 50.60 50.52 50.46 50.41 50.18 49.48 49.42 49.34 49.68 49.51 49.32 49.11 48.63 48.42 48.25 49.13 49.18 49.06 49.88 50.33 50.64 51.33 51.79 52.73 53.42 54.16 54.88 55.90 56.29 56.87 57.40 58.12 58.55 59.03 59.29 59.89 60.07 60.17 60.76 61.19 60.45 59.86 60.44 60.02 59.53 59.01 58.60 58.58 58.65 58.90 58.96 59.45 59.14 59.07 58.65 57.44 57.15 56.87 56.53 55.96 55.56 55.11 54.02 53.78 53.63 53.60 53.69 53.80 54.41 54.69 54.99 55.29 55.56 55.78 55.10 55.17
50.35 50.25 50.18 49.48 49.49 49.25 49.72 49.67 49.57 49.45 49.28 49.08 48.85 48.61 48.11 48.79 48.68 48.67 49.29 49.61 50.10 50.22 50.94 51.65 52.42 53.19 53.96 54.69 55.61 56.13 56.75 56.96 57.48 58.06 58.46 58.98 60.20 60.38 60.48 61.32 61.26 61.12 61.02 60.68 60.34 60.05 59.66 59.08 58.94 58.95 59.00 58.79 59.37 59.33 59.23 59.26 57.77 56.88 56.59 56.63 56.22 55.58 55.00 54.63 54.34 53.81 53.72 53.82 54.01 54.29 54.84 55.31 55.69 56.04 56.32 55.79 55.88
50.38 50.27 49.97 49.96 49.97 49.96 49.26 49.48 49.39 49.26 49.09 48.88 48.63 48.36 48.06 48.27 48.07 47.93 48.31 48.99 49.32 49.96 50.78 51.30 52.54 53.36 53.24 54.70 55.07 56.34 56.36 56.96 58.12 58.69 59.12 59.48 59.76 60.47 61.15 61.15 61.10 60.99 60.57 60.79 60.52 60.28 59.80 59.36 59.30 59.41 59.42 59.51 60.19 60.13 60.02 59.58 58.75 57.72 57.37 56.96 56.11 55.84 55.13 54.77 54.48 53.70 53.85 53.95 54.16 54.68 55.05 55.59 56.06 55.96 56.36 56.61 56.72
50.00 49.66 49.67 49.72 49.78 49.81 49.11 49.09 48.94 48.81 48.63 48.40 48.12 47.81 47.47 47.53 47.23 47.66 47.67 48.03 48.36 49.52 50.44 50.57 51.51 52.87 53.80 54.62 55.60 56.30 56.96 57.52 58.08 58.73 59.19 59.60 59.93 60.69 60.78 61.30 61.27 61.19 61.62 61.06 60.84 60.65 60.18 60.06 59.68 59.79 60.05 59.83 60.48 60.40 60.28 59.20 59.05 58.07 57.69 57.18 56.28 55.98 55.18 54.83 54.56 53.75 53.76 54.16 54.44 54.74 55.17 55.16 55.89 56.51 57.01 57.30 57.39
48.95 48.93 49.04 49.17 49.29 49.37 49.39 49.37 48.89 48.76 48.58 48.35 48.05 47.96 47.71 47.30 46.88 47.19 47.04 47.10 47.84 48.81 49.86 50.42 51.41 52.81 53.69 54.60 55.60 56.32 56.74 57.55 58.25 58.80 59.31 60.31 60.65 60.90 61.01 61.02 61.47 61.42 61.85 61.69 61.16 61.00 60.55 60.44 60.06 60.46 60.41 60.17 60.13 60.70 59.67 59.58 59.06 58.37 57.91 57.41 56.63 56.11 55.62 54.84 54.53 53.72 54.00 54.10 53.69 54.08 54.68 55.35 56.12 57.01 57.66 57.97 57.97
48.57 48.66 48.89 49.10 49.26 49.37 49.42 49.41 49.34 49.32 48.62 48.63 48.33 47.97 47.59 47.12 46.61 45.96 46.14 46.36 47.39 48.58 49.75 50.87 51.94 52.85 53.74 54.56 55.67 56.10 56.80 57.50 58.11 58.90 59.98 60.43 60.84 61.16 61.28 61.27 61.23 61.66 62.08 61.95 61.85 61.35 61.25 60.84 60.89 60.83 60.78 59.88 59.88 60.53 60.02 59.94 59.46 58.65 58.11 57.55 56.73 56.43 55.91 55.44 54.68 53.72 53.24 53.40 53.65 54.01 54.60 55.36 56.26 57.24 58.27 58.55 58.12
48.36 48.63 48.92 49.16 49.34 49.47 49.54 49.66 49.60 49.48 49.29 49.38 49.11 48.73 48.28 47.24 46.59 46.00 45.37 46.08 47.38 48.65 49.85 50.99 52.07 53.62 54.55 55.43 56.28 56.38 56.96 57.60 58.21 59.56 60.06 60.54 60.99 61.40 61.51 61.50 61.47 61.43 62.14 62.03 61.95 62.37 61.58 60.91 61.44 60.51 60.30 60.29 60.26 60.87 60.29 60.22 59.45 58.84 58.24 57.40 56.83 56.47 55.92 55.40 54.42 54.40 53.30 53.45 53.66 53.96 54.44 55.19 56.10 57.13 58.29 58.37 57.99
48.88 48.95 49.15 49.36 49.54 49.67 49.86 49.88 49.84 49.77 49.94 49.70 49.39 49.03 48.61 48.15 47.00 46.54 46.21 46.45 47.96 49.06 50.19 51.28 52.88 53.85 54.76 54.26 56.40 57.27 57.87 58.43 58.85 59.39 60.12 60.61 61.06 61.42 61.61 61.68 61.69 61.69 62.65 62.32 62.27 62.24 61.95 61.35 61.31 60.95 60.72 60.67 60.61 60.50 60.47 60.29 59.35 58.86 58.27 57.43 56.86 56.49 55.92 54.89 54.83 54.46 53.92 53.30 53.48 53.76 54.21 54.85 55.62 56.48 57.21 57.39 57.29
49.46 49.40 49.52 49.65 49.80 49.93 50.01 50.24 50.54 50.45 50.29 50.06 49.79 49.46 49.09 48.70 48.32 47.31 47.25 47.53 48.17 49.71 50.22 51.20 52.16 53.49 54.33 55.11 55.84 57.41 57.97 58.38 58.92 59.45 60.18 60.68 61.13 61.48 61.72 61.85 61.90 62.87 62.86 62.58 62.57 61.49 61.48 61.14 61.08 61.39 60.60 61.05 59.87 60.71 60.18 59.50 59.13 58.19 57.99 56.94 56.19 55.66 55.38 54.89 54.83 54.45 53.82 53.76 53.23 53.46 53.80 54.27 54.83 55.42 55.88 56.03 56.09
49.96 49.96 50.04 50.05 50.18 50.50 50.58 50.96 50.94 50.86 50.72 50.52 50.27 49.98 49.67 49.37 49.11 48.19 48.24 48.54 49.09 49.56 50.82 51.80 53.14 53.99 54.78 55.57 56.20 57.60 57.31 57.80 58.98 59.50 59.39 60.76 61.23 61.61 61.87 62.03 62.11 63.04 63.05 62.04 61.91 61.92 61.94 61.64 61.60 61.18 61.09 60.96 60.21 60.00 60.37 60.04 59.16 58.20 57.67 56.97 56.22 55.68 55.40 54.90 54.78 54.37 53.66 53.53 52.97 53.11 53.33 53.62 53.98 53.91 54.24 54.55 54.64
50.44 50.44 50.57 50.67 50.78 50.93 51.36 51.41 51.40 51.34 51.22 51.05 50.83 50.58 50.32 50.10 49.93 49.87 49.17 49.48 49.98 50.34 51.12 52.38 53.74 54.54 55.41 56.10 56.61 57.14 57.57 57.99 58.44 58.95 59.54 60.15 60.70 61.80 62.09 61.80 61.88 61.93 63.21 62.36 62.43 62.33 62.39 62.15 62.10 61.69 61.56 61.39 60.54 60.27 60.55 60.16 59.21 58.21 57.68 56.99 56.21 55.95 55.38 55.21 54.68 54.23 53.45 53.24 52.54 52.57 52.64 52.75 52.90 52.66 52.84 53.10 53.19
50.98 50.99 51.05 50.81 50.93 51.06 51.39 51.91 51.93 51.89 51.79 51.63 51.43 51.22 50.53 50.85 50.75 50.74 50.02 50.33 50.47 51.09 52.25 53.05 54.40 55.19 55.94 56.60 57.18 57.60 57.83 58.14 58.43 58.95 59.67 60.36 61.01 61.49 62.01 62.16 62.20 62.88 62.89 62.59 62.72 62.71 62.82 62.51 62.43 62.02 61.80 61.55 60.87 60.98 60.36 59.69 59.08 58.55 57.71 56.87 56.59 55.95 55.77 55.02 54.53 54.03 53.19 52.91 52.07 51.98 51.91 51.84 51.78 51.55 51.60 51.63 51.72
51.03 51.07 51.16 51.27 51.41 51.55 51.90 52.00 52.07 52.07 52.40 52.26 51.58 51.39 51.21 51.07 51.49 51.52 51.66 51.03 51.48 52.20 52.88 54.19 54.96 55.75 56.67 57.31 57.78 57.97 58.15 58.25 58.42 58.94 59.67 60.60 61.40 61.98 62.50 62.58 63.15 63.03 63.02 63.17 63.16 63.11 63.02 63.08 62.93 62.49 62.22 61.91 61.56 61.23 60.56 60.05 59.08 58.31 57.75 56.88 56.54 56.35 55.66 54.87 54.27 53.72 52.81 52.46 51.57 51.38 51.16 50.91 50.43 50.25 50.14 50.11 50.20
51.45 51.51 51.61 51.74 51.88 52.04 52.21 52.56 52.67 52.71 52.64 52.42 52.22 52.03 52.32 52.20 52.16 52.20 52.35 52.62 52.08 52.82 53.44 54.70 55.46 56.46 57.25 57.93 58.37 58.40 58.33 58.20 58.35 59.02 59.68 60.67 61.71 62.64 62.94 63.53 63.37 63.09 62.85 63.04 63.42 63.36 63.54 63.63 63.45 62.61 62.64 62.26 61.85 61.61 60.76 60.21 59.21 58.41 58.19 57.16 56.49 55.82 55.54 54.70 54.05 53.45 52.49 52.08 51.68 50.80 50.46 50.21 49.73 48.96 48.67 48.58 48.72
51.85 51.93 52.04 52.18 52.34 52.52 52.72 52.91 53.28 53.39 53.26 53.05 53.26 53.06 52.90 52.79 52.76 52.81 52.96 53.21 53.64 53.31 54.46 55.14 56.09 56.91 57.78 58.60 59.09 58.96 58.42 58.07 57.93 58.58 59.82 61.27 62.68 63.45 64.32 64.09 63.55 63.05 62.70 63.04 63.62 64.22 64.43 64.23 63.40 63.01 62.58 62.14 62.13 61.83 61.29 60.31 59.36 59.46 58.22 57.52 56.45 55.74 55.41 54.52 53.81 53.15 52.15 51.70 51.43 50.95 50.00 49.40 48.72 48.00 47.20 47.08 47.54
51.53 52.32 52.45 52.60 52.78 52.97 53.19 53.41 54.19 54.40 54.27 54.01 53.78 53.58 53.43 53.33 53.29 53.34 53.47 53.71 54.12 55.15 54.80 55.45 56.37 57.20 58.10 59.08 59.93 59.30 58.55 58.01 57.49 58.10 59.79 61.47 63.14 64.87 65.49 64.87 63.75 63.05 62.39 63.11 63.84 64.55 64.96 65.13 63.79 63.32 62.84 62.37 61.88 62.05 61.49 61.09 60.26 59.81 58.27 57.53 56.41 55.96 55.15 54.32 53.56 52.83 51.82 51.32 50.98 50.47 49.47 48.72 47.91 47.02 46.06 45.95 46.49
52.28 52.41 52.56 52.73 52.93 53.14 53.37 53.60 54.01 54.17 54.06 54.49 54.28 54.04 53.89 53.79 53.75 53.78 53.90 54.10 54.91 55.68 56.08 56.58 56.28 57.06 58.09 58.91 59.40 58.83 58.43 58.05 57.87 58.44 59.82 62.21 63.65 64.61 65.12 64.72 64.14 63.61 63.41 63.85 64.49 65.15 65.01 65.16 64.25 64.12 63.69 63.22 62.36 62.08 61.49 60.51 59.67 59.47 58.54 57.75 56.57 55.76 55.17 54.31 53.49 52.71 51.63 51.06 50.55 49.98 49.15 48.40 47.56 46.71 45.75 45.43 45.94
52.60 52.74 52.90 53.08 53.28 53.49 53.71 54.10 54.27 54.36 54.33 54.14 54.66 54.50 54.35 54.25 54.19 54.20 54.29 54.55 55.16 55.89 56.23 56.67 56.25 56.94 57.64 58.27 58.66 58.52 58.43 58.37 58.54 59.16 61.06 62.25 63.40 64.10 64.77 64.68 64.41 64.11 64.05 64.30 64.73 65.21 65.25 65.39 64.54 64.12 63.73 63.29 62.99 62.46 61.48 60.59 59.74 58.49 58.60 57.76 56.53 55.67 55.01 54.11 53.24 52.43 51.29 50.68 50.08 49.29 48.68 48.01 47.29 46.30 45.84 45.45 45.57
