data/EU espacial/HLIFS_EU.grd
DSAA
94	94
0.0000	100.0000
0.0000	100.0000
25447.4015	45204.2748
[rows 28 to 55 of 94, columns 0 to 62 of 94]
39754.69 40259.09 40770.69 41495.85 41953.92 42393.16 42803.59 43131.18 43402.55 43622.56 43785.63 43887.57 43925.70 43898.89 43807.58 43653.76 43440.84 43173.59 42857.92 42249.48 41727.09 41180.82 40615.77 40037.75 39453.20 38722.90 38179.20 37661.26 36854.59 36457.19 36116.91 36563.35 36306.37 36181.94 36044.97 36345.47 36048.45 36122.58 36142.79 36735.25 37021.29 37633.22 38174.90 38419.35 38644.77 38712.99 38884.39 38898.70 38969.51 39020.35 39058.61 39092.61 39341.56 39366.09 39588.75 39689.76 39614.57 39722.42 39864.91 39923.88 40140.20 40372.38 40611.67
39207.87 39714.40 40518.31 40998.27 41470.77 41925.28 42351.36 42659.36 42946.18 43182.30 43362.14 43481.57 43538.05 43530.64 43460.02 43328.42 43139.49 42898.21 42644.44 42255.73 41500.54 40957.06 40398.29 39829.51 39256.53 38567.95 38036.74 37531.12 36772.06 36381.40 36043.60 36514.91 36247.25 36276.22 36077.12 35878.02 35862.30 35808.96 36307.02 36114.34 36305.72 36577.80 37237.17 38028.13 38252.08 38324.61 38506.25 38551.39 38639.08 38708.18 38765.41 38818.43 39064.05 39100.66 39156.74 39189.25 39405.75 39266.36 39549.93 39624.07 39816.73 40021.06 40228.80
38626.11 39131.51 39958.67 40448.48 40932.62 41400.19 41840.37 42126.79 42430.54 42685.22 42885.22 43026.48 43106.51 43124.51 43081.28 42979.17 42821.97 42700.03 42372.73 42013.35 41547.39 40770.87 40224.60 39670.75 39003.18 38469.71 37953.14 37461.33 36753.56 36369.73 36557.70 36284.54 36327.37 36193.10 35997.36 35848.00 35634.66 35657.84 36101.96 36177.44 36382.29 36326.73 36806.55 37359.69 37534.08 37977.01 38167.19 38240.56 38343.55 38429.19 38503.56 38573.64 38806.69 38855.64 38922.61 39086.77 39153.46 39015.58 39135.27 39278.85 39485.76 39658.72 39831.63
37876.55 38398.75 38934.96 39475.29 40048.99 40482.62 40895.65 41279.13 41625.04 42142.66 42365.83 42532.77 42641.05 42689.89 42680.13 42759.41 42653.05 42402.12 42112.42 41791.24 41361.28 40942.26 40463.10 39568.76 38950.02 38434.06 37934.31 37457.87 36804.32 36897.99 36580.35 36646.38 36349.97 36193.30 35959.14 35813.41 35576.19 35571.62 35957.41 36103.50 36184.19 36140.00 36577.02 36766.58 37277.85 37444.08 37874.56 37973.47 38090.25 38190.76 38280.42 38365.58 38579.27 38640.39 38824.56 38890.08 38917.64 38837.96 38929.83 38989.87 39117.47 39259.79 39519.59
37287.84 37800.06 38328.35 38862.77 39392.87 39838.95 40258.06 40650.99 41009.82 41327.77 41463.44 41677.35 41848.94 41978.63 42345.10 42342.60 42275.94 42115.37 41871.03 41522.59 41210.28 40848.22 40409.73 39939.49 38961.57 38465.95 37985.20 37525.67 37161.44 36808.43 36487.15 36202.78 35959.28 36237.03 36016.55 35677.61 35589.13 35556.65 35880.66 35997.03 36050.79 36234.45 36387.37 36654.44 36796.99 36949.40 37406.88 37756.16 37885.26 37998.97 38102.08 38200.34 38626.74 38676.98 38664.05 38722.01 38599.32 38667.59 38737.96 38855.43 38809.25 38981.77 39072.33
37251.51 37624.66 38011.84 38404.26 38793.26 39170.65 39529.11 40015.50 40387.38 40722.50 40762.25 41003.35 41207.91 41376.37 41712.59 41789.38 41816.34 41792.66 41697.73 41558.09 41337.68 41041.94 40703.18 40326.12 39523.79 39088.56 38109.47 37778.60 37174.81 36992.29 36673.88 36386.78 36135.10 36338.34 36154.20 35996.60 35678.20 35929.77 35913.55 35697.56 36295.77 36227.28 36692.37 36483.66 36612.75 36757.22 36912.77 37002.58 37733.19 38237.42 38301.16 38354.48 38542.36 38584.55 38616.31 38640.12 38513.03 38533.07 38552.34 38569.87 38583.99 38418.65 38439.17
36639.53 36990.97 37359.39 37736.43 38113.79 38483.69 38839.13 39174.23 39460.56 39788.35 40087.92 40357.36 40542.90 40963.17 41137.01 41267.54 41353.18 41392.57 41395.53 41323.18 41240.24 41014.11 40743.96 40402.74 40072.37 39307.19 38998.07 38623.62 38489.82 37677.04 36940.39 36975.42 36706.36 36880.35 36610.22 36487.11 36167.75 36068.51 36023.12 36029.65 36591.97 36658.06 36761.54 36640.47 36498.09 36633.37 37027.71 37300.08 37442.27 37581.68 38346.86 38415.96 38465.22 38497.61 38515.91 38522.53 38380.49 38393.37 38382.64 38365.94 37996.28 37959.17 38033.03
36056.16 36382.02 36727.67 37085.23 37446.95 37805.50 38154.35 38423.56 38777.19 39111.83 39424.74 39714.33 40219.21 40473.72 40691.42 40870.14 40887.44 40993.92 41096.10 41095.82 41050.57 40998.14 40681.14 40450.62 40184.10 39928.80 39234.95 39145.36 38841.54 38533.42 37703.55 37318.46 37037.50 37175.29 36886.32 36727.58 36396.86 36270.07 36195.86 36398.85 36382.19 36663.68 36744.82 36603.42 36719.54 36831.75 37255.76 37418.24 37583.07 38153.63 38239.47 38377.97 38418.29 38438.38 38440.84 38273.18 38234.98 38184.22 38121.71 38047.78 37677.51 37588.89 37509.03
35514.69 35811.35 36130.32 36464.35 36806.28 37149.40 37487.70 37754.24 38105.14 38443.43 38766.83 39306.95 39622.34 39910.84 40169.86 40397.00 40589.91 40746.25 40799.39 40874.73 41057.84 41036.05 40968.24 40853.67 40404.58 40162.55 39760.05 39504.11 39231.75 38947.36 38789.74 37720.78 37864.79 37525.32 37217.86 37023.66 36683.20 36529.38 36426.92 36559.69 36516.18 36729.11 36788.15 36626.64 36981.23 37114.74 37286.39 37439.89 37598.01 37758.05 38260.59 38369.59 38398.54 38260.69 38227.26 38173.24 38100.65 38011.27 37906.58 37787.76 37482.71 37241.03 37076.95
35146.04 35425.68 35728.50 36048.01 36377.83 36711.95 37045.03 37111.09 37455.19 37793.23 38341.57 38697.18 39036.50 39356.82 39655.51 39929.91 40177.24 40394.53 40578.60 40833.05 40935.18 40992.40 41002.28 40962.62 40871.71 40290.36 40101.42 39886.56 39647.95 39389.56 39234.85 38965.54 38990.03 37922.80 37656.27 37368.26 37019.45 36839.30 36709.34 36772.75 36704.03 36850.15 37018.00 37111.60 37067.08 37185.32 37360.22 37501.95 37650.29 37802.15 38307.88 38377.89 38267.30 38233.40 38171.72 38084.62 37974.54 37843.84 37694.71 37602.98 37398.68 36858.09 36648.08
34783.31 35026.83 35295.03 35582.27 35882.99 36192.02 36504.81 36650.15 36984.00 37317.38 37649.16 38107.85 38467.42 38816.27 39151.73 39470.90 39770.60 40047.24 40512.50 40721.59 40813.41 40950.62 41039.33 41075.92 40864.72 40589.66 40450.35 40278.57 40075.87 39936.15 39696.89 39440.47 39533.42 39129.35 38759.56 37752.35 37484.65 37190.78 37034.26 37030.62 36938.37 37163.96 37264.90 37122.26 37194.16 37295.08 37469.41 37596.78 37732.46 37873.06 38391.08 38389.06 38391.87 38219.81 38126.54 38003.40 37853.26 37781.82 37562.96 37327.91 37080.27 36644.08 36400.06
34494.25 34698.40 34928.18 35178.88 35445.85 35724.85 36012.21 36129.55 36445.96 36768.65 37097.11 37783.71 37919.64 38292.60 38660.71 39020.90 39369.59 39945.97 40248.97 40525.06 40768.60 40902.26 41069.63 41055.26 41077.11 40880.14 40791.84 40664.83 40499.95 40376.97 40160.56 39919.51 39981.52 39603.12 39233.74 38829.67 38512.74 37573.19 37730.01 37579.40 37492.52 37421.17 37467.92 37507.24 37353.30 37435.08 37604.83 37715.51 37835.97 37900.55 38001.10 38426.36 38403.81 38342.04 38167.77 38040.63 37834.07 37593.07 37331.27 37053.28 36554.95 36269.34 35986.95
34283.31 34445.13 34632.95 34843.01 35071.67 35315.68 35380.35 35660.78 35954.41 36596.71 36944.05 37298.57 37658.94 38023.57 38514.16 38880.45 39241.14 39620.05 39980.43 40319.55 40630.58 40866.07 40979.52 41149.03 41266.73 41146.80 41110.38 41029.39 40947.44 40777.37 40609.68 40386.57 40488.33 40158.53 39705.37 39458.64 38980.41 38928.18 38645.80 37919.14 37776.62 37699.74 37687.99 37708.08 37534.20 37595.36 37860.55 37954.06 38046.75 38012.40 38089.43 38472.26 38421.20 38326.75 38106.77 37940.54 37684.17 37401.49 37097.67 36897.47 36533.71 35896.85 35703.96
34152.27 34269.15 34411.74 34577.28 34763.23 34967.38 34999.73 35522.45 35827.44 36149.07 36486.68 36839.56 37206.73 37586.77 38076.63 38472.73 38872.33 39289.29 39701.49 40098.36 40471.91 40777.57 40998.12 41275.52 41490.18 41430.78 41453.51 41410.46 41322.03 41207.82 41031.72 41198.38 40901.14 40583.97 40349.22 40001.20 39661.06 39478.32 39087.60 38376.20 38220.06 38103.58 37964.32 37840.79 37859.06 37825.94 37999.33 38021.60 38101.03 38175.83 38240.28 38234.12 38461.05 38348.79 38200.76 37965.77 37654.63 37361.66 37046.38 36587.57 36187.59 35653.96 35285.02
34126.91 34230.24 34351.73 34489.71 34642.88 34719.03 34914.89 35166.71 35441.52 35739.55 36060.95 36405.63 36773.07 37162.10 37848.18 38292.81 38722.93 39157.63 39590.24 39822.00 40287.90 40723.23 40970.70 41323.27 41603.67 41815.41 41690.35 41702.65 41670.14 41579.02 41743.64 41675.48 41380.50 41011.43 40713.76 40364.41 40159.25 39858.22 39589.80 38919.30 38750.25 38541.25 38194.40 38147.73 38200.48 38301.46 38141.70 38174.43 38205.49 38227.74 38211.81 38203.95 38611.36 38441.74 38101.72 37908.19 37622.10 37144.11 36417.01 35980.93 35572.41 34786.59 34384.85
34188.75 34246.00 34319.50 34408.53 34512.88 34632.89 34669.34 34850.91 35056.65 35366.35 35664.87 35994.52 36355.31 37054.44 37457.33 37964.41 38431.75 38758.59 39267.47 39770.62 40257.35 40728.27 40895.74 41301.81 41644.07 41887.19 41862.62 41926.29 41931.24 41878.15 42037.47 41889.78 41628.15 41336.16 41024.95 40820.44 40510.91 40210.74 39919.88 39647.46 39024.59 38848.63 38734.19 38370.67 38587.54 38405.04 38402.34 38403.50 38400.51 38433.45 38394.93 38475.86 38340.40 38360.36 38244.22 37531.21 37135.14 36687.07 36240.97 35648.64 35526.82 34754.04 34360.49
34320.51 34330.81 34354.80 34392.77 34445.55 34508.44 34470.44 34607.34 34772.62 35123.15 35413.26 35740.77 36284.41 36676.70 37104.58 37563.21 38047.62 38453.43 39004.00 39543.88 40068.01 40568.51 40922.58 41211.43 41607.47 41937.70 41951.30 42061.44 42191.16 42166.80 42082.29 42120.29 41853.75 41586.28 41308.89 41108.12 40817.28 40502.73 40202.43 39918.68 39341.11 39160.14 38935.08 39150.32 38817.07 38790.44 38856.85 38565.24 38712.28 38650.06 38566.09 38419.72 38249.60 38042.10 37691.51 37296.19 36865.75 36408.10 35931.46 35602.95 35153.29 34707.77 34284.33
34379.67 34371.25 34373.03 34386.33 34413.04 34455.70 34517.48 34602.17 34615.52 34826.04 35078.58 35554.77 35889.14 36267.37 36687.90 37002.53 37532.57 38089.52 38663.60 39248.73 39814.37 40326.21 40812.13 41255.93 41647.44 41958.11 42237.72 42155.61 42238.79 42255.59 42369.90 42206.89 42010.17 41781.65 41510.61 41342.39 41033.43 40724.28 40424.24 40141.10 39553.77 39354.19 39302.65 39308.77 39236.58 39175.11 38963.12 38891.07 38739.94 38646.49 38529.63 38385.77 38204.76 37863.80 37480.89 37054.28 36593.40 36106.65 35822.26 35266.64 34794.34 34297.39 33916.85
34629.43 34575.10 34527.23 34488.02 34460.31 34447.69 34454.39 34485.24 34545.48 34554.55 34942.63 35195.84 35477.38 35836.95 36114.71 36600.44 37128.45 37690.52 38271.73 38867.49 39433.21 39981.15 40502.57 40985.54 41418.98 41776.50 41956.06 42139.95 42175.93 42237.87 42350.81 42245.12 42082.28 41953.47 41717.09 41469.74 41175.29 40875.54 40579.84 40296.12 40131.78 39890.68 39622.74 39434.83 39340.39 39254.54 39092.25 39000.72 38891.92 38608.80 38461.02 38284.73 38041.54 37672.40 37261.39 36807.69 36320.91 35809.84 35517.73 34843.96 34368.11 33966.88 33752.84
34755.58 34678.66 34602.83 34530.90 34466.53 34414.20 34379.13 34367.20 34384.73 34608.56 34671.93 34840.60 35009.20 35361.27 35771.78 36237.24 36737.57 37288.41 37871.06 38473.72 38995.75 39566.86 40116.39 40631.65 41157.76 41523.75 41853.19 42126.66 42257.50 42313.57 42291.68 42234.27 42130.81 41963.34 41753.37 41511.06 41234.76 40948.33 40661.05 40380.90 40211.60 39962.48 39944.25 39509.38 39396.43 39289.71 39085.92 38969.62 38834.71 38449.18 38241.25 37996.00 37909.44 37565.66 37172.89 36559.04 36051.41 35521.30 34972.65 34535.03 34422.22 33994.04 33427.71
35074.78 34954.34 34830.41 34706.58 34587.32 34478.05 34384.97 34314.92 34398.28 34331.73 34503.53 34658.53 34872.85 34986.10 35335.16 35769.98 36261.29 36801.46 37380.53 37986.44 38605.43 39083.84 39654.08 40194.70 40752.60 41155.29 41519.52 41929.97 42150.97 42291.96 42042.17 42079.90 42010.58 41875.25 41693.81 41461.35 41206.54 40937.12 40662.21 40389.78 40216.56 39964.41 39962.37 39779.51 39400.03 39276.42 39147.99 38896.28 38738.73 38295.82 38066.33 37799.78 37799.17 37395.39 36926.37 36410.45 36072.28 35567.19 34915.72 34586.51 34140.03 33707.43 33137.60
35403.44 35240.96 35070.26 34895.57 34722.18 34556.33 34258.66 34273.40 34191.73 34148.26 34271.03 34372.46 34537.34 34769.01 34888.59 35291.74 35758.13 36280.28 36848.24 37449.86 38071.15 38696.70 39118.82 39788.14 40312.03 40746.83 41157.13 41491.57 41748.78 41858.39 41948.54 41979.38 41626.16 41525.19 41389.69 41379.76 41147.83 40896.67 40714.25 40452.83 40148.25 40088.94 39913.94 39726.14 39352.16 39119.29 39026.07 38635.67 38435.08 38204.89 37865.15 37582.26 37575.66 37157.75 36818.21 36374.42 35870.33 35093.54 34643.57 34335.67 33887.16 33453.33 32960.00
35726.05 35523.38 35307.68 34900.14 34686.25 34476.73 34387.41 34216.57 34075.41 34052.04 34038.74 34084.26 34196.65 34379.95 34427.54 34793.27 35228.54 35726.12 36276.19 36866.62 37483.30 38110.65 38800.74 39330.14 39695.88 40243.43 40529.39 40887.20 41160.86 41359.84 41454.81 41531.68 41635.10 41588.69 41490.09 41087.16 40901.54 40693.94 40550.60 40296.37 40045.50 39799.88 39785.30 39292.46 39148.34 38965.70 38762.11 38459.89 38248.38 38006.96 37730.93 37417.40 37454.96 37047.79 36636.88 36120.33 35612.30 34940.96 34509.26 34048.44 33605.98 33164.89 32702.27
36027.63 35587.43 35341.03 35081.61 34815.87 34634.58 34477.89 34250.23 34053.03 33895.92 33788.10 33737.96 33752.66 33837.77 33951.74 34275.37 34674.33 35141.73 35667.98 36327.64 36905.44 37499.12 38159.59 38598.35 39102.50 39517.90 39938.75 40244.29 40544.55 40844.79 41004.74 41106.20 41155.82 41242.41 41177.58 41068.55 40763.13 40585.83 40389.70 39970.09 39768.01 39512.75 39278.34 39116.14 38959.67 38812.21 38459.80 38145.87 37935.79 37696.64 37423.78 37277.21 37287.09 36874.11 36422.01 35938.78 35525.91 34774.67 34317.41 33865.64 33425.45 32947.59 32540.23
36096.44 35831.95 35544.43 35424.32 35090.46 34779.11 34476.81 34193.56 33939.66 33725.39 33560.61 33454.32 33414.25 33446.48 33555.12 33479.98 33787.31 34632.25 35099.31 35618.89 36176.94 36845.65 37357.40 37842.80 38326.45 38773.23 39256.08 39625.22 40101.52 40346.11 40385.44 40603.19 40680.92 40702.46 40673.23 40599.52 40488.07 40183.03 39933.43 39733.24 39525.47 39315.49 39450.09 38892.39 38739.33 38587.42 38343.46 38130.42 37878.76 37632.97 37376.51 37383.23 37027.02 36568.25 36090.35 35843.93 35210.21 34758.99 34305.35 33866.88 33438.91 33023.18 32622.51
36523.92 36219.54 35889.23 35514.24 35158.13 34798.79 34446.05 34110.45 33802.88 33534.20 33314.82 33154.30 33060.89 32996.85 33057.46 33199.53 33211.05 33960.59 34392.65 34880.92 35482.15 35996.68 36529.04 36999.27 37488.47 38180.57 38626.93 39019.96 39354.13 39626.07 39834.62 40052.89 40038.64 40093.26 40097.99 40058.49 39980.90 39788.86 39632.41 39297.78 39114.90 38927.44 38810.24 38696.94 38581.72 38307.10 38123.08 37854.08 37598.62 37357.61 37084.01 37141.38 36750.90 36355.76 36001.91 35356.24 35050.38 34627.73 34185.30 33762.35 33373.43 32967.34 32550.89
36691.07 36356.25 35959.17 35577.24 35180.00 34776.73 34377.71 33993.90 33636.69 33317.41 33046.95 32797.75 32654.36 32586.53 32599.20 32694.94 32898.69 33272.21 33655.56 34088.15 34570.95 35219.49 35777.99 36284.47 36787.45 37344.61 37802.97 38212.63 38567.59 38863.92 39099.87 39347.38 39347.32 39432.32 39468.77 39405.92 39337.68 39237.60 39112.04 38967.03 38652.39 38489.82 38415.53 38320.95 38222.30 37995.96 37827.52 37642.78 37301.81 37070.99 37178.06 36872.57 36479.28 36100.16 35551.45 35188.39 34810.92 34517.31 34040.96 33688.59 33310.95 32917.37 32511.72
36789.85 36388.14 35998.61 35582.70 35148.70 34706.17 34265.69 33838.61 33408.16 33041.72 32724.25 32466.21 32276.75 32254.70 32197.69 32207.39 32299.96 32982.26 33261.49 33480.34 33933.45 34411.34 34900.82 35406.28 35913.23 36497.70 36964.98 37388.19 37760.89 38078.64 38414.17 38612.03 38751.86 38738.19 38754.27 38753.15 38714.82 38645.23 38550.30 38435.65 38306.38 38016.38 37982.29 37909.43 37830.68 37840.81 37516.30 37332.87 36996.55 37177.84 36904.58 36609.46 36032.94 35660.57 35388.20 35047.59 34691.60 34314.62 33953.22 33641.26 33257.92 32898.14 32502.99
