data/EU espacial/HLIFS_EU.grd
DSAA
94	94
0.0000	100.0000
0.0000	100.0000
25447.4015	45204.2748
[rows 56 to 83 of 94, columns 0 to 62 of 94]
36800.21 36387.36 35970.63 35525.03 35195.71 34722.26 34247.03 33780.89 33176.66 32770.77 32529.66 32217.53 31969.60 31793.62 31678.59 31647.86 31822.48 31974.51 32206.94 32855.13 33247.09 33600.66 34103.71 34625.21 35149.04 35658.03 36131.51 36565.46 36953.01 37289.25 37642.39 37865.78 38032.79 37988.21 38054.44 38079.84 38069.57 38029.11 37963.95 37879.32 37779.97 37669.97 37701.42 37653.74 37593.99 37479.74 37388.74 37374.73 37125.97 36912.75 36496.62 36204.19 35817.98 35530.45 35179.28 34934.59 34600.99 34255.13 33895.07 33616.37 33247.13 32899.36 32537.98
36867.97 36465.41 35998.02 35531.01 35041.14 34537.51 34030.30 33502.83 33023.68 32576.34 32172.33 31822.44 31536.31 31322.01 31203.83 31153.11 31189.50 31311.95 31516.71 32071.13 32446.37 32765.56 33260.01 33777.95 34303.39 34842.91 35320.31 35762.50 36162.23 36525.52 36826.95 37075.71 37299.09 37410.74 37355.07 37404.26 37419.75 37406.58 37369.80 37314.26 37244.34 37163.82 36921.22 37202.99 37169.34 37115.06 37071.84 36523.81 36693.56 36503.34 36273.77 36004.68 35718.59 35389.34 35063.43 34849.07 34538.04 34212.88 33864.25 33567.51 33229.47 32687.65 32321.17
36740.49 36318.94 35858.16 35335.62 34822.46 34267.20 33733.83 33207.48 32699.97 32223.23 31788.92 31407.99 30994.32 30796.64 30645.10 30568.45 30579.60 30677.87 30859.88 31202.78 31533.79 31972.98 32161.99 32657.06 33169.88 34210.48 34270.18 34732.16 35416.72 35782.26 36099.26 36404.97 36589.13 36722.47 36673.99 36743.95 36782.53 36794.35 36784.08 36756.16 36714.63 36502.55 36463.05 36750.05 36742.64 36366.78 36301.31 36209.72 36442.66 36277.63 36072.52 35829.11 35578.41 35272.43 34972.14 34789.64 34500.60 34195.45 33857.46 33576.28 33250.08 32630.93 32272.10
36534.65 36097.16 35619.71 35078.87 34516.60 33968.50 33415.30 32868.28 32339.25 31784.92 31346.20 30886.51 30565.45 30318.91 30153.78 30008.44 30000.62 30201.32 30376.19 30627.76 30947.87 31175.01 31475.40 31962.34 32469.68 33323.44 33585.00 34044.51 34709.68 35085.58 35109.52 35380.45 35916.25 36068.74 35958.15 36115.07 36173.78 36207.97 36221.90 36219.66 36204.94 36031.35 36018.75 36072.93 36014.08 36007.45 35979.68 35926.47 36203.44 36217.84 36138.99 35930.14 35684.49 35321.76 35209.96 34940.89 34650.96 34343.62 33972.82 33226.31 32884.84 32542.70 32203.95
36041.58 35614.76 35147.53 34646.31 34212.18 33544.63 32993.60 32450.53 31927.26 31290.09 30841.58 30447.40 30118.20 29862.96 29688.63 29599.84 29615.51 29700.80 29868.40 30112.70 30425.82 30633.53 31080.23 31336.74 32291.22 32778.02 33248.62 33538.68 33797.37 34167.40 34493.26 34771.97 35002.60 35246.48 35384.14 35478.18 35533.57 35661.26 35696.76 35518.35 35528.98 35524.85 35599.90 35679.18 35702.45 35680.73 35688.31 36234.91 35959.70 36149.87 36008.97 35828.60 35611.29 35360.58 35195.79 34951.15 34683.35 34395.37 34029.88 33193.93 32864.08 32532.39 32202.80
35695.49 35261.67 34788.56 34273.50 33735.67 32990.80 32458.63 31929.58 31353.58 30862.92 30414.42 30019.81 29689.59 29432.68 29256.00 29171.94 29170.74 29254.15 29419.26 29660.66 29970.71 30164.94 30606.54 31006.42 31812.31 32294.05 32762.85 33208.64 33607.77 33957.92 33954.83 34240.27 34609.04 34789.19 34882.80 34992.10 35064.59 34983.26 35044.56 35093.10 35126.10 35077.13 35122.45 34994.81 35020.36 35820.23 35849.33 36011.26 36010.21 35897.99 35894.84 35741.57 35550.96 35326.22 35190.85 34968.13 34719.94 34448.84 33580.25 33175.60 32857.61 32537.12 32217.93
35290.66 34865.74 34381.00 33866.73 33052.98 32533.25 32006.27 31483.01 30921.67 30437.74 29995.86 29607.50 29282.96 29031.00 28854.28 28773.27 28776.16 28862.60 29029.78 29272.48 29583.23 29920.24 30168.32 30956.31 31434.06 31912.12 32379.69 32826.66 33244.02 33561.12 33872.27 34199.36 34223.58 34413.39 34561.34 34581.02 34668.41 34674.18 34666.49 34732.03 34767.42 34835.56 34904.93 34972.93 35422.80 35564.50 35762.74 35800.39 35830.23 35745.91 35796.58 35668.37 35502.20 35300.95 35417.72 34988.59 34756.98 34499.83 33572.12 33168.87 32862.86 32554.23 32587.14
34860.44 34411.45 33928.74 33067.57 32572.21 32061.14 31544.16 31031.86 30535.33 30018.98 29589.71 29213.67 28900.88 28629.49 28481.09 28419.98 28431.67 28525.60 28681.26 28929.67 29245.41 29419.88 29857.31 30656.84 31129.92 31605.34 32072.29 32520.64 32941.26 33239.55 33557.74 33900.38 34127.31 34311.62 34272.70 34468.05 34568.43 34435.08 34517.34 34502.42 34558.74 35089.71 35137.13 35241.17 35325.34 35232.80 35577.61 35633.73 35670.50 35797.28 35595.91 35607.78 35463.23 35282.47 35430.83 35009.12 34790.62 33882.92 33570.71 33313.97 33704.28 33393.39 32651.08
34366.40 33919.39 33028.13 32565.28 32080.39 31581.85 31079.08 30582.24 30101.99 29610.82 29199.38 28840.95 28502.54 28294.42 28162.38 28096.83 28122.74 28229.48 28414.37 28672.39 28996.41 29179.20 29618.35 30424.52 30894.22 31367.92 31834.80 32284.66 32708.28 33097.77 33384.41 33669.70 33907.78 34118.88 34284.58 34410.31 34501.51 34262.91 34226.96 34717.97 34858.03 34986.75 35007.58 35112.52 35199.83 35267.74 35274.66 35487.94 35658.44 35701.95 35970.82 35902.27 35431.92 35268.23 35441.20 35257.58 34817.17 33873.70 34397.24 34228.24 33783.39 33473.68 33108.25
33290.52 32898.99 32474.94 32024.23 31553.94 31072.31 30588.50 30140.23 29680.19 29248.12 28755.08 28437.89 28182.07 27995.18 27873.28 27836.85 27879.98 28002.22 28200.84 28470.88 28805.26 29002.56 29444.18 30260.44 30719.11 31191.81 31658.99 32110.39 32536.69 32929.90 33205.90 33499.49 33747.58 33983.30 34159.77 34297.84 34654.60 34281.68 34601.62 34723.98 34780.61 34904.99 34902.60 35007.51 35097.07 35169.37 35181.95 35247.13 35557.79 35614.19 35918.46 35866.72 35772.04 35484.44 35300.24 35270.51 34974.18 34720.65 34440.88 34273.05 33966.40 33520.64 33159.41
32756.14 32370.81 31956.60 31519.11 31065.11 30602.43 30139.81 29686.69 29203.13 28723.00 28384.40 28097.72 27871.23 27724.50 27633.17 27618.01 27680.60 27820.39 28034.56 28318.19 28664.26 29415.62 29686.92 30157.52 30646.36 31141.77 31534.73 31987.53 32416.11 33000.53 33337.11 33641.83 33913.02 34150.12 34353.60 34572.21 34714.60 34558.42 34588.94 34699.03 34775.67 34884.71 34987.03 35080.90 35164.51 35236.04 35102.65 35174.76 35337.01 35804.19 35856.78 36145.64 35742.52 35702.60 35885.26 36150.89 35227.20 34725.12 34442.11 34274.20 33969.79 33535.62 33175.29
32229.05 31851.41 31448.65 31026.13 30590.27 30148.51 29657.76 29229.74 28825.09 28386.56 28075.57 27816.27 27616.49 27495.70 27428.77 27436.27 27519.56 27677.94 27908.56 28206.45 28564.69 29323.65 29626.86 30096.36 30584.44 31079.42 31909.74 32336.17 32745.40 33009.27 33346.58 33651.00 33921.12 34156.67 34409.45 34579.68 34720.45 34549.19 34560.21 34667.51 34770.58 34842.02 34945.79 35042.99 35131.53 35209.29 35253.45 35329.39 35495.40 35762.37 35819.13 36133.22 36077.42 35814.22 35732.41 36139.19 35180.14 34926.34 34552.31 34227.93 33926.81 33497.59 33209.84
31718.86 31350.08 30959.99 30553.66 30090.45 29667.61 29251.13 28850.02 28406.91 28080.99 27798.30 27567.01 27394.45 27286.79 27256.73 27287.22 27391.40 27568.43 27815.37 28127.28 28863.54 29789.82 29597.36 30065.30 30551.86 31469.67 31911.94 32342.74 32753.90 33003.17 33340.34 33643.78 33912.31 34200.09 34399.56 34567.22 34705.72 34522.21 34620.13 34620.27 34722.24 34820.95 34914.52 34989.45 35082.74 35166.70 35238.87 35391.04 35471.89 35532.32 35749.36 36083.74 36030.04 36094.84 36057.32 36065.67 35077.68 34817.90 34453.01 34144.87 33834.52 33413.79 33138.86
31234.63 30875.60 30459.71 30065.69 29665.24 29265.57 28874.58 28500.76 28106.09 27808.15 27553.52 27349.87 27204.02 27121.73 27043.71 27108.84 27249.42 27464.18 28194.28 28537.98 29330.92 29723.43 30144.53 30052.49 30994.94 31446.76 31893.84 32327.33 32738.92 32975.34 33311.25 33612.82 33936.34 34166.30 34362.28 34526.56 34372.59 34468.88 34564.75 34549.74 34649.95 34749.60 34846.67 34938.81 35011.51 35101.85 35181.66 35339.52 35419.46 35476.65 35506.66 35502.87 36087.69 35990.83 35955.80 36213.79 34918.16 34651.99 34297.26 33991.21 33691.13 33282.05 33021.35
30752.59 30399.67 30032.38 29655.77 29275.79 28899.21 28533.47 28087.84 27776.49 27501.98 27272.45 27095.53 26978.00 26925.48 27241.75 27027.78 27545.55 27781.21 28077.41 28872.37 29239.96 29642.28 30072.49 30495.10 30961.33 31430.98 31894.18 32153.34 32553.08 32919.04 33314.29 33611.63 33872.72 34098.12 34289.53 34449.58 34288.41 34380.78 34474.71 34448.50 34546.45 34646.69 34747.08 34845.03 34937.69 35008.48 35096.50 35254.30 35333.48 35387.78 35412.40 35767.21 35847.45 36168.25 35278.47 35009.42 35028.68 34608.82 34355.40 33891.95 33605.49 33193.93 32940.20
30342.58 30000.41 29647.28 29287.96 28928.05 28573.92 28150.52 27836.64 27552.28 27305.29 27103.25 26953.24 26861.55 27000.24 27070.08 27205.50 27403.02 27658.55 27972.77 28759.73 29134.67 29543.86 29980.20 30416.24 30885.64 31357.01 31820.31 32265.68 32515.18 32880.31 33221.88 33513.60 33768.75 33988.19 34173.90 34328.81 34161.59 34250.19 34342.42 34438.89 34405.11 34505.75 34609.42 34713.33 34814.33 34909.01 34927.65 35131.02 35210.05 35262.27 35677.85 35659.12 35621.65 35956.89 35038.49 34759.83 34949.79 34389.94 34078.84 33610.13 33332.57 33131.39 32727.33
29980.67 29649.42 29310.27 28967.74 28627.10 28231.03 27918.45 27628.91 27369.67 27148.01 26970.99 26845.17 26802.53 26841.43 26944.43 27112.53 27345.04 27602.09 27955.26 28634.63 29013.59 29426.24 29865.26 30311.96 30781.10 31250.90 31711.21 32152.11 32402.53 32766.62 33086.90 33370.86 33618.25 33830.21 34009.00 33905.02 33985.48 34070.58 34161.46 34258.84 34220.35 34321.35 34428.43 34538.58 34648.37 34754.06 34779.24 34969.12 35322.73 35465.06 35471.80 35435.94 35386.85 35687.26 35479.63 34453.57 34592.35 34295.19 33745.06 33274.33 33005.96 32814.89 32611.07
29672.01 28855.68 28558.32 28257.39 28333.82 28025.17 27733.94 27466.67 27230.11 27031.03 26709.17 26640.28 26628.40 26677.31 26789.41 26965.54 27204.89 27447.44 27808.72 28496.68 28875.93 29431.52 29896.87 30180.09 30645.18 31109.79 31563.73 32147.00 32247.06 32594.73 32904.86 33178.76 33416.47 33932.33 34105.68 34250.91 33755.10 33837.01 33926.98 34414.72 34509.77 34607.15 34705.08 34317.04 34436.19 34553.60 34760.82 35058.69 35102.33 35214.56 35209.04 35158.90 35101.70 35221.17 34987.03 34094.54 33789.56 33877.24 33481.01 33236.32 32629.81 32448.47 32267.14
28911.31 28626.71 28334.36 28039.67 28161.02 27870.68 27598.75 27351.30 26832.98 26674.33 26561.27 26499.46 26493.65 26547.42 26663.02 26841.18 27081.01 27379.90 27660.12 28386.22 28790.60 29227.97 29690.28 30168.53 30476.52 31095.44 31519.08 31921.96 32046.21 32375.64 32961.45 33230.10 33462.11 33659.79 33826.53 33966.54 34084.49 33546.56 34031.48 34124.50 34222.91 34325.62 34430.78 34535.87 34637.80 34733.02 34861.60 34789.31 34899.85 34923.56 34892.49 34750.23 34654.11 34890.22 34642.91 33530.63 33395.37 33273.22 33043.54 32754.61 32341.56 32156.65 31770.57
28743.38 28463.13 28176.10 28330.23 28042.67 27768.78 27140.42 26916.68 26724.88 26571.52 26462.68 26403.78 26399.38 26452.90 26566.45 26740.69 26974.68 27265.87 27933.91 28174.62 28571.55 29001.03 29454.99 29810.64 30263.75 30840.98 31252.81 31438.05 31802.23 32118.00 32648.07 32904.16 33124.90 33312.79 33471.41 33605.15 33718.81 33264.19 33663.75 33759.00 33861.85 33971.16 34084.99 34200.71 34315.05 34135.37 34317.01 34586.86 34640.10 34567.32 34470.17 34404.39 34301.16 34527.60 34270.89 33303.55 32932.76 32815.10 32575.89 32138.57 32017.55 31708.01 31564.36
28640.24 28365.05 28083.62 27874.04 27594.31 27327.21 27078.83 26855.43 26663.34 26521.75 26413.57 26353.56 26346.06 26394.38 26500.52 26665.11 26887.23 27487.18 27765.68 27885.87 28259.42 28664.77 29194.54 29528.82 29966.77 30401.60 30748.56 31102.94 31452.80 31752.38 32019.51 32253.72 32456.03 32897.05 33046.19 33172.71 32752.83 32828.77 32918.64 33324.28 33432.57 33549.62 33341.40 33480.50 33623.93 33767.56 33948.65 34251.29 34293.38 34099.82 34095.48 34041.16 33919.55 34140.14 33877.97 32902.56 32527.86 32342.21 32024.28 31671.74 31544.99 31338.99 31122.96
28600.57 28420.08 28137.34 27856.11 27581.36 27318.52 27073.37 26851.90 26660.15 26503.99 26388.98 26320.06 26301.40 26372.00 26465.72 26615.30 27114.96 27346.55 27602.16 27645.25 28001.16 28388.44 28799.33 29229.96 29648.88 30050.64 30403.92 30759.92 31069.85 31350.74 31600.80 31819.76 32008.78 32170.32 32307.95 32214.17 32274.69 32349.59 32440.45 32548.16 32622.02 32751.87 32894.20 33045.91 33203.26 33362.04 33415.48 33651.15 33660.35 33711.21 33691.61 33639.79 33532.46 33467.07 32835.17 32490.11 32114.66 32002.72 31556.46 31202.08 30930.83 30875.34 30625.68
28724.19 28450.55 28173.69 27897.78 27627.52 27368.03 27124.81 26903.56 26710.04 26549.89 26428.41 26350.39 26319.86 26339.94 26412.59 26538.49 27004.38 27166.94 27375.65 27408.93 27743.87 28109.61 28498.65 28921.68 29371.31 29712.90 30042.87 30376.48 30664.01 30924.22 31155.53 31357.86 31532.50 31682.03 31810.07 31920.99 31765.73 31840.07 31932.35 32043.47 32126.99 32266.61 32420.17 32584.50 32755.80 32929.78 32979.73 33135.97 33240.59 33304.20 33318.50 33221.31 33118.66 33052.65 32424.61 32078.03 31701.73 31542.56 31088.35 30743.88 30502.49 30321.33 30194.40
28803.56 28536.72 28266.04 27995.40 27729.21 27472.34 27229.96 27007.49 26810.43 26644.15 26513.78 26423.92 26378.52 26380.63 26432.27 26829.83 26916.83 27050.42 27229.18 27182.73 27493.99 27835.37 28199.69 28599.69 29056.07 29371.30 29697.25 29983.34 30246.83 30484.97 30696.39 30881.17 31040.76 31177.80 31295.94 31399.56 31240.67 31314.88 31408.93 31487.61 31618.97 31768.12 31932.58 32109.15 32293.97 32426.51 32609.70 32689.54 32806.31 32882.67 32910.20 32882.25 32700.31 32546.36 32014.87 31673.82 31426.46 31093.72 30770.48 30298.18 30065.85 29890.64 29777.07
28933.28 28673.84 28409.64 28144.30 27881.93 27627.10 27384.72 27159.90 26957.88 26783.80 26642.60 26538.73 26476.05 26457.62 26485.49 26733.51 26806.10 26927.33 27095.62 27329.40 27565.52 27572.91 27910.37 28298.76 28757.80 29036.81 29332.70 29591.90 29830.38 30045.66 30236.59 30403.42 30547.69 30672.10 30780.30 30876.63 30714.91 30789.38 30885.44 30973.44 31112.47 31270.58 31445.27 31633.29 31777.66 31974.74 32171.67 32241.13 32369.42 32458.13 32498.78 32484.65 32106.01 31963.52 31488.72 31158.77 30909.55 30543.34 30231.46 30009.22 29761.62 29645.55 29554.65
29107.78 28856.32 28598.94 28339.00 28080.33 27827.19 27584.21 27356.24 27148.24 26965.16 26811.72 26692.28 26610.61 26569.78 26734.40 26729.83 26772.16 26861.56 27040.81 27205.29 27406.83 27640.33 27696.26 27997.50 28470.38 28720.18 28981.66 29213.54 29426.73 29618.98 29789.39 29938.33 30067.42 30179.40 30277.87 30367.10 30451.70 30279.00 30377.18 30475.97 30621.98 30788.19 30927.33 31120.78 31323.77 31531.90 31740.51 31802.98 31941.78 32042.05 32095.30 32094.77 31723.12 31589.36 30951.27 30781.11 30546.94 30191.38 29887.34 29631.50 29392.79 29291.28 29206.70
29320.82 29077.88 28827.70 28573.35 28318.39 28066.80 27822.92 27591.33 27376.77 27183.95 26983.98 26848.96 26749.55 26688.95 26790.57 26757.38 26848.80 26896.57 26980.61 27110.58 27276.81 27474.64 27448.89 27720.11 28208.02 28428.53 28654.36 28859.20 29047.45 29217.13 29367.50 29499.09 29613.55 29713.60 29802.79 29885.26 29965.47 29798.59 29880.07 30009.32 30161.40 30293.61 30480.81 30681.90 30892.99 31109.75 31346.69 31501.05 31534.77 31645.45 31710.38 31722.80 31369.94 31246.36 30612.50 30326.01 30086.13 29749.65 29581.47 29295.57 29065.72 28982.83 28903.74
29565.70 29331.79 29089.19 28840.71 28589.63 28339.64 28067.24 27829.80 27606.83 27403.11 27223.27 27071.65 26952.13 26980.08 26975.18 26910.62 26886.19 26895.96 26953.10 27048.74 27179.80 27342.06 27530.28 27473.95 27978.42 28170.34 28360.15 28538.90 28703.19 28851.29 28982.63 29097.82 29198.54 29287.47 29368.03 29444.23 29520.32 29361.83 29452.92 29586.47 29706.94 29881.62 30073.72 30279.98 30496.55 30719.21 30969.70 31155.74 31291.09 31386.71 31353.76 31378.10 31054.13 30941.74 30317.40 30045.03 29801.91 29476.93 29320.26 29026.69 28787.13 28727.72 28622.22
