data/EU espacial/HLIFS_EU.grd
DSAA
94	94
0.0000	100.0000
0.0000	100.0000
25447.4015	45204.2748
[rows 0 to 27 of 94, columns 0 to 62 of 94]
35653.78 35646.57 35677.13 35747.38 35858.53 36010.99 36204.28 36436.96 36706.59 37009.70 37341.84 37697.62 38070.83 38454.58 38841.45 39268.42 39629.73 39753.91 40062.69 40339.26 40876.69 41134.66 41365.20 41324.09 41266.92 41408.64 41516.02 41612.66 41724.04 41875.26 41957.00 42579.14 42664.43 42735.17 42789.54 42683.85 42517.94 42558.57 42581.01 42580.09 42735.21 42683.54 42580.97 42424.80 42214.25 42457.56 42060.89 41888.23 41402.57 40518.15 39867.88 39342.88 38717.71 38201.43 37874.27 37272.12 36818.51 36392.53 36094.96 35932.56 35690.07 35578.44 35428.09
35765.61 35767.66 35808.85 35891.20 36015.97 36183.56 36393.42 36643.97 36932.52 37255.31 37607.51 37983.29 38375.94 38778.00 39181.51 39578.21 39978.22 40150.94 40459.85 40732.94 40964.95 41442.82 41490.67 41635.24 41603.31 41739.06 41798.39 41874.16 42039.42 42129.48 42134.44 42695.27 42771.43 42835.74 42886.37 42813.62 42690.80 42735.62 42763.61 42768.93 42877.63 42827.41 42724.98 42567.08 42366.53 42588.21 42472.97 41983.97 41451.94 40494.33 39963.08 39418.96 38791.24 38257.13 37794.19 37280.34 36815.62 36385.82 36157.93 35873.07 35642.35 35530.39 35398.93
35915.71 35927.59 35979.77 36074.36 36212.65 36395.04 36620.89 36888.45 37194.83 37535.96 37906.63 38300.57 38710.57 39128.66 39546.32 39954.73 40345.08 40568.16 40874.17 41140.64 41362.23 41761.37 41828.45 41949.31 42043.87 42045.16 42066.98 42118.57 42258.26 42310.10 42381.84 42785.59 42851.26 42908.38 42955.17 42776.37 42835.82 42886.13 42921.39 42935.07 43002.97 42956.85 42857.54 42701.14 42561.84 42993.45 42541.54 42043.65 41507.98 40620.76 40074.34 39515.03 38890.10 38341.99 37848.79 37325.88 36853.45 36423.50 36046.93 35867.12 35651.26 35540.59 35430.87
36103.59 36125.74 36189.11 36295.87 36447.36 36643.93 36884.86 37168.26 37491.00 37848.71 38235.82 38645.63 39070.45 39501.81 39930.67 40347.71 40743.62 40998.97 41298.93 41555.62 41763.62 41919.03 42166.34 42259.75 42324.23 42427.30 42338.37 42386.88 42433.41 42464.52 42515.69 42845.18 42899.13 42948.45 42991.42 42996.94 42948.16 43005.41 43049.81 43074.10 43035.33 43068.01 42975.13 43027.22 42747.10 43063.66 42611.20 42109.33 41352.69 40758.59 40201.37 39631.23 39014.63 38470.23 37938.13 37410.37 36933.93 36507.61 36108.26 35917.08 35719.08 35611.38 35526.05
36243.32 36360.99 36435.59 36554.27 36718.38 36928.25 37183.06 37480.77 37818.01 38190.14 38591.23 39014.17 39450.84 39892.28 40328.98 40751.14 41149.03 41436.15 41726.90 41970.64 42161.98 42297.11 42497.37 42559.80 42590.66 42639.32 42540.24 42559.97 42579.06 42601.96 42557.66 42941.67 42910.89 42951.94 42991.26 43039.07 43023.55 43089.28 43144.78 42829.96 43137.04 43131.87 43074.41 43157.12 43006.11 42668.76 42680.37 42044.13 41500.72 40866.32 40290.51 39766.91 39162.73 38606.50 38038.67 37534.20 37057.73 36638.91 36216.79 36002.64 35846.50 35743.62 35685.06
36560.54 36631.82 36717.53 36847.67 37023.61 37245.63 37512.80 37822.94 38172.47 38556.46 38968.66 39401.58 39846.70 40294.63 40735.41 41158.84 41554.81 41913.65 42150.47 42378.23 42549.97 42662.05 42814.51 42842.75 42836.84 42716.86 42713.17 42701.24 42690.28 42685.67 42614.98 42884.63 42883.20 42915.68 42951.63 43040.42 43058.48 43134.26 42828.42 42933.23 43209.31 43217.31 43342.81 43200.74 43141.89 42819.52 42747.26 42197.26 41573.00 41017.13 40438.16 39851.13 39326.55 38770.70 38225.05 37734.47 37224.12 36689.40 36379.67 36158.01 35994.36 35936.51 35906.77
36905.87 36987.89 37032.86 37173.83 37360.58 37593.34 37871.08 38191.46 38550.70 38943.63 39363.69 39803.07 40252.86 40703.30 41144.07 41564.61 41954.50 42303.83 42561.95 42770.85 42920.28 43006.84 43110.87 43102.16 43056.78 42876.88 42796.04 42806.21 42762.93 42728.88 42631.48 42830.00 42844.19 42837.50 42859.93 42998.55 42955.87 43137.73 42880.94 43001.07 43248.91 43273.33 43346.79 43505.00 43263.42 42960.74 42833.36 42346.91 41729.47 41176.96 40600.16 40014.53 39511.06 38960.44 38441.83 37958.88 37252.11 36885.58 36594.08 36367.28 36229.63 36161.92 36188.31
37276.16 37370.64 37379.22 37530.21 37726.55 37968.41 38254.66 38582.80 38948.89 39347.51 39771.85 40213.80 40664.15 41112.82 41549.19 41962.44 42341.89 42677.48 42953.72 43141.14 43265.88 43367.37 43375.73 43332.07 43245.06 43008.23 42885.36 42871.31 42793.87 42728.83 42682.21 42788.26 42731.34 42746.72 42745.77 42846.44 42917.54 42996.20 42892.84 43030.56 43253.27 43294.87 43298.34 43581.02 43366.95 43088.41 42962.96 42489.53 41885.89 41342.01 40772.77 40184.25 39620.39 39078.49 38684.83 38213.93 37474.46 37125.65 36855.38 36626.39 36516.82 36479.57 36508.40
37667.62 37775.46 37753.98 37914.03 38118.56 38367.68 38660.15 38993.34 39363.13 39763.92 40188.67 40629.04 41075.57 41517.95 41945.33 42346.69 42711.23 43028.77 43290.18 43482.16 43569.00 43617.05 43595.91 43371.20 43319.30 43106.68 42940.43 42768.57 42781.04 42683.92 42609.55 42653.12 42575.91 42581.52 42588.42 42622.85 42833.85 42928.08 42862.26 43019.67 43123.89 43267.92 43303.04 43631.44 43448.74 43198.45 43076.49 42526.82 42037.93 41507.81 40951.41 40386.58 39834.34 39303.72 38809.85 38493.98 37731.42 37403.52 37157.24 36929.63 36849.84 36844.37 36906.32
38075.71 38197.89 38347.53 38322.30 38533.49 38787.86 39084.08 39419.39 39789.53 40188.75 40609.83 41044.26 41482.41 41913.81 42327.47 42712.27 43057.35 43352.55 43588.82 43719.59 43808.97 43827.16 43774.68 43472.38 43380.91 43168.92 42958.63 42743.10 42723.65 42593.81 42491.30 42474.56 42455.74 42425.86 42451.16 42464.21 42705.01 42815.92 42788.38 42955.54 43098.55 43213.70 43282.07 43291.89 43505.22 43286.76 43125.27 42650.23 42180.80 41669.31 41135.38 40594.53 40058.73 39544.10 39065.89 38637.81 38015.63 37711.53 37491.71 37269.82 37221.13 37248.34 37343.92
38495.22 38632.78 38796.07 38751.88 38968.07 39225.56 39522.93 39857.30 40224.30 40618.05 41031.24 41455.25 41880.34 42295.98 42691.14 43054.70 43375.85 43644.52 43851.81 43725.25 43786.42 43786.48 43724.29 43535.42 43402.94 43192.66 42938.46 42679.53 42430.30 42459.49 42328.87 42254.63 42220.70 42193.74 42218.06 42423.63 42530.34 42366.99 42559.48 42798.58 42982.28 43130.98 43233.49 43277.42 43533.12 43529.51 43242.06 42755.25 42309.47 41821.08 41320.91 40801.59 40286.70 39792.41 39334.01 38925.22 38152.37 37867.65 37849.54 37638.50 37621.79 37682.16 37811.45
39077.06 39218.02 39252.03 39455.85 39418.94 39677.34 39973.16 40303.44 40663.73 41048.07 41449.09 41858.15 42265.49 42660.62 43032.56 43370.28 43663.14 43901.27 43811.14 43903.20 43935.23 43904.47 43810.33 43558.34 43384.02 43176.77 42879.55 42578.29 42288.34 42283.25 42125.01 41996.61 42020.97 42017.44 41945.84 42188.98 42307.44 42192.05 42439.40 42658.08 42836.98 43019.05 43155.88 43234.48 43584.41 43586.10 43328.07 42837.33 42418.80 41975.84 41494.57 41000.75 40510.76 40040.72 39605.85 39219.83 38441.54 38175.64 38046.20 38018.44 38041.94 38135.49 38298.14
39503.04 39659.46 39832.89 40024.91 39882.62 40139.69 40431.27 40754.30 41104.29 41475.27 41859.89 42249.52 42634.52 43004.49 43348.63 43656.12 43916.56 44120.40 43982.27 44044.10 44044.34 43980.77 43853.36 43540.45 43324.05 43076.02 42782.76 42441.00 42112.21 41812.35 41883.68 41704.97 41718.29 41707.78 41638.51 41919.24 41803.03 42012.37 42084.95 42487.63 42663.34 42877.85 43048.36 43556.98 43547.76 43606.02 43379.58 42892.08 42524.95 42101.71 41649.73 41184.78 40723.08 40280.65 39872.54 39045.37 38737.62 38493.87 38387.51 38382.35 38474.27 38597.32 38792.57
39921.36 40094.52 40282.16 40485.52 40705.57 40609.07 40893.71 41206.40 41542.59 41896.38 42260.46 42626.35 42984.58 43324.97 43636.99 43910.13 44134.36 44030.70 44118.11 44146.78 44112.95 44014.97 43853.41 43631.05 43224.23 42934.98 42650.07 42270.39 41905.38 41571.67 41609.96 41460.33 41383.11 41365.99 41407.55 41619.48 41560.12 41786.11 41869.43 42159.37 42462.70 42707.93 42910.74 43444.66 43474.98 43586.85 43393.42 42915.57 42591.56 42200.13 41779.93 41346.50 40915.84 40503.72 40124.99 39312.35 39030.22 38845.67 38730.52 38749.78 38864.78 39068.27 39283.03
40251.71 40445.85 40655.34 40881.34 41124.52 41081.83 41356.98 41656.33 41975.39 42308.31 42647.96 42986.05 43313.37 43620.07 43895.99 44131.05 44315.67 44165.55 44218.12 44211.10 44141.34 44007.80 43811.64 43556.24 43109.14 42742.22 42484.57 42070.27 41672.31 41307.90 40993.19 41111.72 41021.52 40998.20 41040.41 40807.59 41027.75 41295.69 41589.57 41895.62 42253.31 42529.88 42765.69 43076.49 43171.97 43465.42 43274.12 42939.57 42624.01 42265.83 41879.13 41479.11 41081.49 40701.71 40354.34 39562.93 39309.07 39152.26 39064.16 39109.35 39248.55 39474.10 39776.00
40627.38 40843.53 41072.40 41314.55 41570.07 41838.43 41817.51 42100.73 42399.53 42708.20 43019.81 43326.37 43619.03 43888.34 44124.63 44318.35 44197.11 44267.59 44282.65 44237.89 44130.82 43961.05 43730.34 43527.15 42952.58 42557.78 42140.84 41845.33 41418.29 41026.88 40746.20 40742.71 40640.38 40611.28 40717.56 40592.10 40733.69 41072.80 41329.74 41656.26 41817.49 42313.89 42576.66 42930.20 43510.31 43484.95 43378.82 42901.12 42618.58 42294.30 41941.99 41576.49 41213.13 40866.99 40104.04 39787.81 39564.42 39437.24 39377.76 39450.04 39614.28 39862.41 40184.08
40969.73 41208.78 41457.96 41717.13 41985.73 42262.66 42546.15 42536.26 42811.98 43093.34 43373.70 43645.44 43900.14 44128.87 44322.54 44382.82 44478.27 44337.48 44312.88 44228.88 44083.68 43877.52 43723.15 43392.17 43012.21 42345.25 41907.26 41601.00 41149.27 40735.02 40419.04 40159.83 40247.05 40212.61 40338.81 40264.29 40436.89 40768.39 41107.60 41403.59 41581.88 42074.03 42359.99 42750.81 43328.52 43334.79 43083.83 42911.71 42572.53 42281.96 41964.12 41633.45 41304.82 40992.88 40262.22 39978.72 39787.46 39691.32 39690.08 39761.72 39951.48 40222.43 40563.90
41561.89 41785.68 41803.46 42080.50 42363.05 42649.33 42937.03 43223.13 43209.72 43461.14 43707.51 43941.63 44155.63 44275.86 44418.04 44519.69 44572.86 44376.53 44310.73 44186.58 44002.98 43893.27 43584.87 43223.95 42817.96 42375.90 41654.57 41199.81 40871.60 40476.44 40088.71 39806.60 39748.67 39707.96 39552.63 39968.62 40248.45 40446.44 40799.64 41114.10 41491.75 41712.00 42118.33 42565.88 43107.69 43143.46 42938.92 42796.17 42484.20 42226.38 41942.34 41646.03 41293.79 41014.97 40770.41 40128.75 39970.73 39906.53 39928.94 40057.20 40272.46 40544.63 40905.69
41813.56 42061.21 42307.04 42549.42 42693.55 42990.11 43282.94 43568.54 43842.87 43809.10 44019.25 44171.98 44333.51 44468.42 44568.82 44627.02 44635.86 44589.08 44278.77 44114.17 44041.46 43755.65 43415.25 43026.41 42596.91 42135.98 41389.16 40925.03 40591.87 40165.04 39607.38 39311.44 39091.07 39078.30 39176.74 39595.44 39880.89 40109.81 40473.07 40794.79 41186.65 41415.92 42121.74 42381.75 42965.53 42845.38 42793.43 42637.70 42353.17 42082.76 41821.96 41552.89 41290.19 41048.21 40840.29 40678.19 40108.41 40064.00 40129.50 40285.82 40526.39 40842.14 41221.84
42006.86 42278.83 42546.81 42808.41 42908.71 43206.69 43497.45 43776.90 44040.50 44283.26 44476.38 44419.36 44541.88 44634.91 44691.33 44704.27 44667.46 44575.53 44424.36 44173.40 43908.61 43588.59 43218.15 42803.83 42353.71 41877.12 41384.37 40593.73 40332.08 39683.43 39247.86 38930.96 38696.94 38703.46 38800.40 39218.27 39505.33 39853.57 40235.19 40455.85 40857.89 41365.74 41670.32 41923.27 42640.81 42752.61 42684.15 42427.47 42136.15 41928.15 41699.79 41464.79 41237.24 41030.93 40858.64 40731.55 40183.83 40183.15 40278.72 40462.59 40727.87 41065.21 41463.20
42134.82 42431.26 42503.57 42825.07 43142.50 43451.95 43749.18 44029.58 44288.22 44471.60 44681.08 44854.69 44986.17 44773.50 44784.47 44751.13 44668.10 44530.98 44121.40 43876.17 43748.01 43395.72 42997.66 42560.70 42093.13 41604.34 40973.10 40266.43 40036.01 39525.66 38821.59 38558.39 38127.65 38034.08 38427.39 38840.83 39125.45 39473.12 39855.00 40100.23 40508.28 41029.13 41336.02 41599.72 42274.41 42358.36 42384.29 42160.79 41883.23 41706.22 41510.79 41330.03 41135.70 40963.31 40825.06 40275.52 40218.30 40250.09 40374.03 40584.51 40873.51 41559.17 41937.23
41941.54 42285.38 42630.13 42971.84 43306.21 43628.60 43934.12 44217.63 44473.81 44633.39 44833.50 44992.24 45103.65 45162.14 45162.62 44767.44 44638.42 44260.85 44026.68 43743.69 43413.72 43180.81 42757.97 42301.57 41728.29 41196.48 40654.60 39926.39 39734.23 39223.42 38469.21 37888.99 37822.64 37720.06 38061.32 38466.65 38744.84 39087.54 39465.03 39731.15 40141.03 40665.82 40971.61 41243.19 41674.59 42006.21 42094.31 41859.71 41620.70 41469.16 41301.95 41131.44 40970.26 40830.68 40340.19 40228.38 40203.31 40265.37 40412.07 41002.53 41293.76 41637.65 42025.03
41943.60 42311.21 42678.54 43040.83 43392.97 43729.61 44045.18 44334.00 44590.35 44733.56 44926.56 45073.00 45167.27 45204.27 45179.62 45089.76 44412.00 44184.23 43910.57 43592.08 43231.25 42832.08 42462.54 41957.75 41427.17 40880.61 40133.33 39581.75 39429.71 38920.53 38128.35 37597.81 37536.13 37424.12 37406.53 38099.03 38366.95 38700.47 39069.11 39477.33 39958.25 40279.64 40581.23 41041.75 41263.28 41599.55 41709.47 41499.50 41331.52 41202.25 41060.20 40917.18 40785.24 40676.04 40216.12 40136.40 40141.92 40232.61 40755.34 40998.08 41300.19 41654.04 42050.31
41864.30 42254.68 42644.07 43026.93 43397.39 43749.34 44076.58 44372.87 44531.70 44765.73 44954.19 45091.32 45171.84 45191.15 45145.49 45032.13 44849.48 44083.93 43773.28 43422.09 43033.52 42612.01 42190.29 41663.86 41116.43 40557.69 39793.03 39235.53 38537.48 38085.08 38172.76 37326.13 37511.61 37147.63 37116.71 37741.02 37578.11 37861.19 38972.98 39070.56 39560.12 39933.18 40123.01 40321.25 40832.02 40949.16 41018.39 40901.92 40860.21 40912.17 40792.04 40673.36 40567.58 40485.74 40437.88 40004.91 40039.04 40156.29 40683.11 40937.02 41249.44 41612.57 42016.98
41701.62 42113.28 42523.79 42926.83 43315.80 43683.87 44024.18 44329.98 44488.30 44724.95 44911.65 45042.76 45113.31 45119.15 45057.15 44925.28 44722.80 43959.99 43615.40 43234.84 42822.05 42425.52 41905.47 41360.30 40798.85 40230.68 39640.09 39090.44 38224.04 37777.76 37400.62 37494.59 37289.26 37166.81 36935.10 36871.96 37242.08 37505.60 38567.16 38920.66 39249.67 39595.48 39666.67 40274.75 40478.35 40541.23 40636.41 40512.93 40493.85 40451.34 40504.86 40407.27 40324.42 40266.73 40243.61 39840.80 39901.20 40042.59 40561.73 40826.08 41147.92 41519.35 41794.81
41455.52 41886.53 42316.77 42739.21 43146.50 43531.16 43885.71 44202.83 44366.37 44607.92 44795.78 44924.36 44988.97 44985.90 44912.55 44767.59 44550.99 44264.16 43437.96 43031.78 42598.64 42150.90 41610.56 41049.79 40477.34 39691.91 39298.99 38752.46 37920.93 37481.04 37185.93 37281.43 37075.77 36949.19 36683.07 36593.59 36927.43 37170.49 38160.60 38477.39 38807.16 39144.56 39221.03 39838.27 40040.83 40090.78 40201.03 40110.35 40112.85 40093.78 40062.29 40126.85 40063.66 40026.83 40025.16 39652.14 39736.17 40188.50 40399.78 40673.53 41003.61 41261.68 41570.51
41128.09 41576.12 42024.29 42464.90 42889.95 43291.31 43660.91 43865.41 44164.56 44413.26 44605.17 44734.80 44797.65 44790.38 44710.92 44558.50 44333.79 44038.88 43242.43 42814.72 42398.71 41865.37 41308.22 40569.65 39977.62 39381.03 38613.76 38075.49 37630.07 36776.52 36430.08 36807.06 36872.30 36740.19 36451.27 36336.05 36441.01 37192.93 37376.14 38054.69 38367.53 38478.01 38777.69 39278.28 39461.25 39635.67 39759.45 39701.41 39724.42 39727.83 39720.10 39710.52 39708.65 39774.41 39790.85 39849.69 39552.65 39986.36 40206.95 40488.79 40727.14 41002.28 41292.55
40254.98 41185.90 41649.80 42106.97 42548.81 42966.60 43351.71 43572.97 43883.63 44141.58 44340.38 44474.55 44539.81 44533.12 44452.81 44298.66 44071.90 43775.24 43412.83 42585.84 42122.51 41433.93 40868.85 40287.35 39696.44 39103.78 38373.89 37845.09 36995.17 36591.07 36247.93 36662.68 36415.26 36308.25 36191.15 36546.93 36108.45 36872.97 37038.02 37211.73 37692.62 38036.73 38588.05 38838.88 39065.41 39133.87 39293.15 39320.57 39335.90 39360.79 39375.89 39389.77 39411.30 39449.15 39549.32 39622.89 39359.83 39765.07 39993.59 40211.02 40446.79 40702.73 40969.69
