data/EU espacial/Mg_EU.grd
DSAA
94	94
0.0000	100.0000
0.0000	100.0000
7.5333	28.6185
[rows 0 to 33 of 94, columns 0 to 76 of 94]
13.00 12.21 12.03 11.87 11.73 11.60 11.50 11.53 11.47 11.42 11.38 11.36 11.34 11.34 11.38 11.40 11.42 11.44 11.51 11.49 11.32 11.18 11.07 11.00 10.95 11.00 11.02 10.98 11.05 11.12 11.23 11.35 11.45 11.61 11.80 11.99 12.19 12.40 12.36 12.25 12.16 12.07 12.03 11.97 11.90 11.84 11.70 11.63 11.67 11.60 11.55 11.46 11.36 11.27 11.21 11.16 11.08 11.05 11.05 11.10 11.14 11.21 11.30 11.47 11.61 11.78 12.11 12.32 12.54 12.75 13.01 13.34 13.63 13.93 14.24 14.38 14.34
12.18 12.10 11.95 11.80 11.66 11.53 11.42 11.34 11.27 11.33 11.29 11.27 11.26 11.25 11.28 11.28 11.29 11.29 11.30 11.25 11.13 11.00 10.90 10.82 10.78 10.77 10.85 10.84 10.91 11.01 11.11 11.25 11.37 11.53 11.72 11.91 12.10 12.24 12.26 12.20 12.13 12.06 12.02 11.97 11.91 11.86 11.73 11.66 11.69 11.64 11.55 11.45 11.34 11.23 11.19 11.08 10.98 10.93 10.94 10.94 10.98 11.04 11.14 11.30 11.45 11.58 11.95 12.17 12.40 12.62 12.89 13.22 13.50 13.78 14.08 14.17 14.18
11.98 11.92 11.81 11.68 11.55 11.43 11.33 11.24 11.17 11.12 11.19 11.17 11.15 11.15 11.16 11.14 11.13 11.10 11.05 10.98 10.87 10.74 10.67 10.61 10.58 10.58 10.58 10.67 10.75 10.86 10.98 11.12 11.28 11.43 11.61 11.79 11.95 12.06 12.11 12.10 12.06 12.02 12.00 11.96 11.92 11.74 11.76 11.70 11.50 11.66 11.56 11.45 11.32 11.25 11.10 10.99 10.88 10.80 10.77 10.77 10.79 10.86 10.95 11.12 11.23 11.42 11.62 12.00 12.22 12.47 12.73 13.05 13.32 13.57 13.80 13.93 14.00
11.79 11.74 11.65 11.54 11.42 11.31 11.20 11.12 11.05 11.01 10.98 10.97 11.04 11.03 11.03 10.99 10.94 10.88 10.79 10.69 10.58 10.48 10.40 10.36 10.34 10.34 10.38 10.51 10.58 10.76 10.90 10.99 11.15 11.30 11.48 11.64 11.79 11.90 11.96 11.98 11.98 11.96 11.97 11.94 11.80 11.77 11.78 11.74 11.61 11.53 11.58 11.46 11.32 11.21 11.04 10.89 10.75 10.66 10.59 10.57 10.59 10.65 10.75 10.88 11.04 11.23 11.45 11.68 12.04 12.30 12.56 12.87 13.11 13.37 13.56 13.70 13.79
11.61 11.56 11.48 11.38 11.27 11.16 11.06 10.98 10.91 10.87 10.86 10.86 10.86 10.92 10.90 10.84 10.76 10.65 10.52 10.41 10.28 10.19 10.11 10.09 10.07 10.10 10.16 10.25 10.38 10.57 10.73 10.90 10.99 11.17 11.34 11.50 11.64 11.75 11.82 11.86 11.89 11.89 11.92 11.82 11.80 11.79 11.76 11.76 11.67 11.59 11.50 11.48 11.37 11.17 10.97 10.77 10.62 10.49 10.40 10.35 10.36 10.42 10.51 10.66 10.84 11.04 11.26 11.50 11.86 12.12 12.37 12.62 12.91 13.15 13.33 13.48 13.61
11.45 11.39 11.32 11.22 11.11 11.01 10.90 10.82 10.75 10.72 10.72 10.74 10.76 10.77 10.73 10.71 10.58 10.42 10.27 10.10 9.98 9.88 9.81 9.77 9.80 9.84 9.92 10.03 10.20 10.38 10.55 10.74 10.92 11.03 11.20 11.36 11.50 11.62 11.69 11.75 11.79 11.82 11.75 11.79 11.80 11.81 11.80 11.77 11.73 11.67 11.58 11.48 11.38 11.15 10.90 10.66 10.46 10.30 10.18 10.12 10.11 10.16 10.27 10.43 10.62 10.84 11.07 11.32 11.57 11.93 12.18 12.43 12.70 12.94 13.12 13.29 13.41
11.30 11.24 11.16 11.06 10.96 10.84 10.73 10.64 10.57 10.54 10.56 10.61 10.67 10.70 10.67 10.55 10.42 10.20 9.99 9.80 9.66 9.56 9.49 9.47 9.50 9.58 9.68 9.81 9.98 10.19 10.38 10.58 10.77 10.96 11.07 11.23 11.37 11.49 11.57 11.65 11.70 11.66 11.71 11.77 11.80 11.82 11.87 11.82 11.81 11.76 11.68 11.56 11.34 11.14 10.83 10.54 10.30 10.09 9.95 9.86 9.83 9.88 10.01 10.19 10.40 10.63 10.88 11.14 11.40 11.75 12.00 12.24 12.51 12.75 12.94 13.10 13.23
11.30 11.10 11.02 10.92 10.80 10.68 10.56 10.45 10.36 10.33 10.37 10.47 10.59 10.67 10.65 10.50 10.24 9.98 9.71 9.49 9.34 9.23 9.18 9.17 9.22 9.33 9.45 9.60 9.78 9.98 10.23 10.44 10.64 10.84 10.99 11.12 11.25 11.38 11.44 11.55 11.53 11.60 11.66 11.74 11.78 11.86 11.89 11.87 11.88 11.87 11.84 11.69 11.43 11.09 10.77 10.41 10.10 9.88 9.71 9.59 9.55 9.60 9.75 9.96 10.19 10.44 10.70 10.97 11.23 11.49 11.83 12.11 12.34 12.59 12.77 12.93 13.07
11.19 10.97 10.88 10.78 10.66 10.53 10.40 10.26 10.14 10.08 10.15 10.33 10.52 10.69 10.70 10.49 10.14 9.75 9.41 9.16 9.02 8.96 8.90 8.88 8.96 9.10 9.26 9.41 9.60 9.83 10.07 10.34 10.55 10.74 10.89 11.05 11.17 11.28 11.35 11.37 11.46 11.54 11.61 11.70 11.76 11.85 11.90 11.91 11.94 11.99 11.97 11.86 11.56 11.14 10.68 10.23 9.90 9.66 9.49 9.35 9.26 9.31 9.51 9.76 10.01 10.27 10.54 10.82 11.09 11.34 11.63 11.96 12.18 12.43 12.61 12.78 12.92
11.09 10.99 10.77 10.66 10.54 10.40 10.26 10.11 9.95 9.80 9.92 10.18 10.44 10.69 10.85 10.48 10.03 9.57 9.11 8.82 8.80 8.76 8.70 8.62 8.76 8.96 9.13 9.28 9.44 9.73 10.00 10.27 10.49 10.66 10.83 10.97 11.06 11.20 11.26 11.30 11.39 11.48 11.57 11.65 11.73 11.82 11.90 11.93 11.97 12.03 12.07 12.07 11.68 11.18 10.66 10.13 9.70 9.54 9.38 9.20 9.00 9.06 9.35 9.62 9.88 10.12 10.41 10.69 10.96 11.22 11.51 11.82 12.05 12.29 12.48 12.64 12.79
11.00 10.90 10.79 10.56 10.44 10.30 10.15 10.00 9.85 9.74 9.83 10.06 10.30 10.52 10.60 10.31 9.90 9.45 9.04 8.78 8.71 8.69 8.65 8.62 8.75 8.95 9.13 9.30 9.47 9.74 10.00 10.26 10.47 10.63 10.78 10.91 10.99 11.06 11.17 11.26 11.32 11.41 11.51 11.59 11.67 11.77 11.85 11.88 11.95 11.98 12.01 11.96 11.64 11.17 10.67 10.18 9.78 9.58 9.42 9.23 9.06 9.10 9.33 9.58 9.82 10.07 10.34 10.61 10.87 11.12 11.41 11.63 11.88 12.17 12.36 12.53 12.68
10.93 10.82 10.71 10.48 10.35 10.22 10.08 9.94 9.83 9.77 9.82 9.96 10.12 10.24 10.23 10.05 9.74 9.40 9.10 8.88 8.77 8.72 8.71 8.76 8.88 9.05 9.23 9.41 9.62 9.85 10.08 10.30 10.49 10.63 10.76 10.84 10.93 11.00 11.09 11.19 11.25 11.34 11.44 11.52 11.63 11.70 11.73 11.79 11.85 11.86 11.84 11.74 11.49 11.14 10.75 10.36 10.02 9.77 9.58 9.41 9.31 9.32 9.45 9.64 9.84 10.07 10.32 10.57 10.81 11.09 11.33 11.55 11.79 12.08 12.27 12.44 12.59
10.87 10.76 10.64 10.51 10.29 10.15 10.02 9.90 9.81 9.76 9.78 9.85 9.93 9.98 9.94 9.81 9.60 9.36 9.12 8.96 8.86 8.82 8.84 8.90 9.04 9.21 9.40 9.59 9.80 10.02 10.21 10.38 10.54 10.65 10.72 10.81 10.84 10.95 11.03 11.11 11.20 11.26 11.36 11.44 11.55 11.61 11.67 11.72 11.73 11.71 11.66 11.56 11.37 11.12 10.83 10.53 10.26 10.02 9.82 9.66 9.55 9.54 9.61 9.74 9.90 10.11 10.32 10.55 10.78 11.05 11.27 11.49 11.73 11.92 12.19 12.36 12.52
10.82 10.71 10.59 10.45 10.19 10.06 9.97 9.86 9.77 9.72 9.72 9.74 9.77 9.76 9.72 9.63 9.48 9.31 9.14 9.02 8.95 8.93 8.97 9.06 9.20 9.40 9.60 9.80 10.02 10.21 10.37 10.51 10.63 10.71 10.74 10.80 10.81 10.89 10.96 11.03 11.12 11.17 11.28 11.39 11.46 11.52 11.57 11.60 11.59 11.56 11.48 11.40 11.27 11.11 10.92 10.71 10.50 10.29 10.09 9.92 9.80 9.74 9.78 9.86 9.98 10.15 10.34 10.54 10.79 11.02 11.24 11.44 11.68 11.87 12.13 12.31 12.49
10.79 10.68 10.55 10.41 10.27 10.05 9.92 9.81 9.72 9.66 9.63 9.62 9.59 9.59 9.55 9.48 9.37 9.26 9.14 9.06 9.03 9.03 9.09 9.21 9.38 9.58 9.83 10.05 10.28 10.44 10.57 10.67 10.73 10.72 10.74 10.78 10.80 10.84 10.89 10.96 11.03 11.12 11.17 11.30 11.38 11.43 11.47 11.49 11.46 11.38 11.32 11.26 11.19 11.11 11.02 10.90 10.74 10.56 10.36 10.18 10.04 9.94 9.91 9.97 10.06 10.19 10.37 10.56 10.79 11.01 11.22 11.42 11.61 11.83 12.06 12.29 12.46
10.77 10.66 10.52 10.38 10.22 10.07 9.86 9.75 9.65 9.58 9.53 9.47 9.46 9.45 9.41 9.36 9.29 9.20 9.13 9.09 9.08 9.11 9.19 9.34 9.54 9.78 10.04 10.33 10.55 10.71 10.80 10.85 10.81 10.80 10.78 10.77 10.76 10.78 10.80 10.86 10.95 11.03 11.14 11.21 11.29 11.36 11.39 11.38 11.29 11.23 11.16 11.11 11.11 11.12 11.13 11.10 11.01 10.85 10.64 10.43 10.24 10.11 10.04 10.03 10.13 10.24 10.39 10.57 10.80 11.01 11.22 11.42 11.64 11.85 12.03 12.27 12.45
10.77 10.65 10.50 10.35 10.18 10.03 9.87 9.67 9.56 9.48 9.42 9.36 9.34 9.32 9.29 9.26 9.21 9.15 9.11 9.10 9.11 9.16 9.27 9.44 9.68 9.98 10.30 10.59 10.87 11.01 11.06 10.99 10.95 10.87 10.82 10.76 10.71 10.70 10.71 10.76 10.85 10.94 11.05 11.15 11.21 11.29 11.37 11.30 11.18 11.07 10.97 10.94 10.99 11.12 11.26 11.35 11.32 11.16 10.92 10.65 10.42 10.25 10.16 10.13 10.14 10.28 10.42 10.59 10.83 11.03 11.24 11.47 11.68 11.86 12.03 12.20 12.44
10.78 10.65 10.49 10.32 10.15 9.98 9.81 9.59 9.47 9.37 9.28 9.25 9.23 9.22 9.19 9.17 9.15 9.12 9.09 9.10 9.14 9.22 9.32 9.50 9.78 10.16 10.56 10.94 11.24 11.34 11.31 11.18 11.07 10.96 10.86 10.76 10.66 10.60 10.60 10.65 10.75 10.84 10.95 11.06 11.16 11.23 11.32 11.24 11.08 10.90 10.75 10.70 10.83 11.10 11.40 11.64 11.69 11.50 11.18 10.84 10.55 10.35 10.25 10.21 10.21 10.31 10.45 10.67 10.87 11.12 11.32 11.51 11.71 11.88 12.04 12.22 12.46
10.81 10.65 10.47 10.29 10.11 9.93 9.76 9.59 9.43 9.25 9.17 9.15 9.14 9.13 9.11 9.11 9.10 9.09 9.08 9.10 9.17 9.25 9.35 9.50 9.85 10.31 10.80 11.30 11.67 11.63 11.44 11.35 11.19 11.04 10.90 10.76 10.57 10.48 10.45 10.56 10.65 10.75 10.84 10.95 11.02 11.15 11.29 11.22 10.97 10.73 10.50 10.37 10.63 11.06 11.51 11.95 12.13 11.81 11.39 10.99 10.62 10.41 10.35 10.31 10.28 10.33 10.49 10.73 10.94 11.20 11.40 11.58 11.77 11.92 12.07 12.25 12.50
10.78 10.61 10.43 10.24 10.05 9.86 9.70 9.52 9.36 9.19 9.09 9.08 9.07 9.06 9.05 9.06 9.07 9.08 9.09 9.13 9.21 9.31 9.42 9.58 9.96 10.45 10.95 11.47 11.84 11.73 11.59 11.37 11.18 11.00 10.89 10.67 10.55 10.36 10.38 10.39 10.45 10.58 10.61 10.72 10.88 11.01 11.16 11.08 10.82 10.59 10.37 10.21 10.54 11.03 11.53 12.02 12.28 11.92 11.51 11.11 10.74 10.54 10.49 10.45 10.41 10.45 10.64 10.85 11.06 11.31 11.50 11.67 11.86 12.01 12.15 12.32 12.52
10.72 10.57 10.39 10.20 10.01 9.81 9.63 9.42 9.28 9.16 9.03 9.01 9.01 9.01 9.03 9.04 9.07 9.09 9.13 9.19 9.28 9.40 9.56 9.78 10.13 10.56 11.02 11.43 11.69 11.68 11.57 11.43 11.25 11.06 10.88 10.71 10.54 10.41 10.35 10.34 10.36 10.40 10.47 10.55 10.64 10.75 10.76 10.76 10.61 10.47 10.36 10.38 10.62 11.01 11.43 11.80 11.96 11.82 11.53 11.22 10.95 10.77 10.68 10.64 10.62 10.71 10.86 11.04 11.23 11.45 11.63 11.80 11.98 12.14 12.29 12.45 12.68
10.68 10.53 10.35 10.16 9.96 9.77 9.58 9.38 9.23 9.12 9.05 8.96 8.97 8.98 9.01 9.04 9.07 9.11 9.17 9.24 9.35 9.49 9.68 9.93 10.27 10.65 11.05 11.39 11.61 11.63 11.57 11.46 11.29 11.10 10.92 10.75 10.57 10.44 10.35 10.30 10.27 10.27 10.31 10.35 10.40 10.46 10.43 10.40 10.39 10.35 10.35 10.44 10.67 10.98 11.31 11.58 11.71 11.67 11.51 11.30 11.11 10.97 10.89 10.85 10.84 10.96 11.10 11.25 11.41 11.58 11.79 11.95 12.13 12.29 12.44 12.60 12.82
10.56 10.50 10.32 10.13 9.92 9.72 9.50 9.32 9.17 9.06 8.99 8.90 8.93 8.96 9.00 9.05 9.09 9.14 9.20 9.29 9.41 9.56 9.77 10.04 10.36 10.72 11.08 11.35 11.58 11.60 11.57 11.47 11.32 11.14 10.95 10.77 10.59 10.44 10.33 10.24 10.17 10.13 10.13 10.13 10.16 10.17 10.17 10.10 10.16 10.20 10.28 10.43 10.65 10.92 11.20 11.42 11.54 11.55 11.47 11.35 11.23 11.13 11.08 11.05 11.14 11.20 11.35 11.48 11.62 11.77 11.92 12.06 12.26 12.45 12.60 12.81 12.97
10.55 10.40 10.23 10.03 9.89 9.65 9.44 9.25 9.12 9.00 8.93 8.91 8.89 8.95 9.01 9.07 9.11 9.17 9.23 9.32 9.44 9.60 9.82 10.09 10.42 10.78 11.10 11.38 11.55 11.63 11.60 11.49 11.33 11.16 10.96 10.77 10.58 10.41 10.29 10.17 10.06 9.98 9.94 9.92 9.89 9.87 9.87 9.81 9.89 10.03 10.17 10.36 10.60 10.86 11.10 11.30 11.43 11.47 11.45 11.39 11.32 11.26 11.24 11.24 11.36 11.42 11.59 11.71 11.84 11.97 12.11 12.24 12.43 12.56 12.75 12.98 13.13
10.56 10.40 10.22 10.02 9.78 9.56 9.43 9.21 9.03 8.90 8.84 8.85 8.90 8.94 9.03 9.10 9.15 9.19 9.25 9.33 9.45 9.61 9.83 10.11 10.45 10.80 11.15 11.45 11.59 11.70 11.66 11.54 11.37 11.16 10.97 10.75 10.56 10.39 10.22 10.07 9.94 9.83 9.75 9.69 9.61 9.56 9.55 9.51 9.63 9.81 10.03 10.27 10.53 10.79 11.03 11.23 11.36 11.42 11.43 11.41 11.38 11.36 11.42 11.48 11.56 11.70 11.81 11.92 12.06 12.18 12.30 12.42 12.59 12.73 12.94 13.12 13.20
10.60 10.43 10.24 10.01 9.78 9.53 9.28 9.05 8.92 8.78 8.73 8.78 8.88 9.00 9.07 9.15 9.19 9.22 9.26 9.33 9.44 9.59 9.80 10.08 10.43 10.83 11.23 11.57 11.73 11.82 11.74 11.58 11.40 11.16 10.95 10.72 10.51 10.33 10.14 9.97 9.82 9.68 9.55 9.42 9.33 9.25 9.22 9.19 9.36 9.59 9.86 10.16 10.45 10.73 10.99 11.20 11.34 11.41 11.43 11.42 11.41 11.47 11.54 11.64 11.76 11.92 12.04 12.14 12.22 12.37 12.49 12.60 12.77 12.90 13.11 13.15 13.29
10.66 10.49 10.27 10.05 9.80 9.53 9.25 8.97 8.72 8.62 8.60 8.71 8.88 9.05 9.18 9.22 9.24 9.25 9.26 9.31 9.41 9.55 9.73 10.00 10.38 10.84 11.32 11.73 11.93 11.98 11.84 11.64 11.40 11.14 10.89 10.67 10.46 10.25 10.05 9.86 9.70 9.53 9.37 9.21 9.07 8.93 8.85 8.92 9.08 9.38 9.71 10.04 10.36 10.68 10.96 11.20 11.35 11.42 11.42 11.41 11.44 11.50 11.62 11.78 11.94 12.14 12.26 12.33 12.42 12.51 12.63 12.73 12.85 13.03 13.23 13.30 13.43
10.75 10.56 10.36 10.12 9.86 9.57 9.26 8.93 8.61 8.36 8.39 8.66 8.91 9.16 9.33 9.36 9.33 9.27 9.25 9.28 9.38 9.50 9.64 9.85 10.27 10.82 11.39 11.91 12.23 12.17 11.93 11.66 11.37 11.13 10.87 10.63 10.38 10.16 9.95 9.84 9.65 9.46 9.29 9.02 8.91 8.69 8.51 8.58 8.82 9.20 9.58 9.94 10.29 10.61 10.93 11.22 11.40 11.44 11.41 11.41 11.41 11.50 11.68 11.90 12.12 12.34 12.45 12.51 12.59 12.67 12.79 12.89 13.00 13.18 13.30 13.43 13.55
10.84 10.68 10.47 10.23 9.96 9.65 9.33 8.98 8.61 8.23 8.33 8.63 8.92 9.21 9.47 9.42 9.37 9.35 9.29 9.27 9.37 9.50 9.61 9.72 10.20 10.80 11.41 11.99 12.48 12.17 11.90 11.62 11.33 11.05 10.78 10.54 10.30 10.15 9.94 9.74 9.55 9.36 9.18 8.97 8.79 8.54 8.27 8.35 8.72 9.13 9.52 9.90 10.24 10.57 10.87 11.19 11.46 11.44 11.40 11.38 11.36 11.47 11.70 11.95 12.24 12.53 12.59 12.64 12.71 12.79 12.84 12.93 13.07 13.29 13.45 13.57 13.68
11.00 10.83 10.63 10.38 10.10 9.79 9.47 9.13 8.81 8.58 8.58 8.77 9.00 9.23 9.39 9.43 9.41 9.38 9.36 9.34 9.44 9.55 9.68 9.89 10.27 10.77 11.29 11.74 12.01 11.96 11.72 11.48 11.20 10.92 10.66 10.50 10.27 10.04 9.85 9.65 9.47 9.29 9.12 8.93 8.74 8.59 8.44 8.52 8.76 9.13 9.49 9.85 10.18 10.49 10.79 11.06 11.29 11.33 11.35 11.36 11.40 11.53 11.74 11.97 12.26 12.48 12.62 12.71 12.81 12.91 12.95 13.06 13.28 13.43 13.59 13.70 13.81
11.20 11.14 10.92 10.56 10.28 9.98 9.66 9.36 9.12 8.93 8.89 8.97 9.11 9.27 9.38 9.44 9.46 9.45 9.44 9.48 9.50 9.62 9.78 10.02 10.33 10.72 11.09 11.42 11.59 11.61 11.46 11.27 11.03 10.83 10.59 10.37 10.15 9.93 9.73 9.57 9.40 9.24 9.10 8.95 8.80 8.73 8.67 8.75 8.96 9.19 9.51 9.82 10.12 10.40 10.66 10.93 11.10 11.23 11.30 11.36 11.43 11.57 11.75 12.01 12.24 12.44 12.61 12.74 12.87 12.94 13.06 13.28 13.41 13.59 13.72 13.83 13.93
11.56 11.37 11.14 10.87 10.57 10.26 9.89 9.64 9.40 9.23 9.15 9.17 9.24 9.34 9.42 9.47 9.51 9.50 9.52 9.57 9.65 9.71 9.86 10.07 10.33 10.62 10.91 11.13 11.25 11.29 11.20 11.10 10.89 10.66 10.43 10.22 10.00 9.80 9.63 9.48 9.35 9.22 9.12 9.00 8.91 8.89 8.89 8.95 9.12 9.35 9.55 9.82 10.08 10.33 10.59 10.80 10.96 11.10 11.21 11.32 11.44 11.59 11.78 12.00 12.21 12.40 12.58 12.75 12.84 12.99 13.13 13.39 13.54 13.72 13.84 13.96 14.04
11.81 11.63 11.39 11.11 10.80 10.49 10.18 9.90 9.65 9.48 9.38 9.35 9.38 9.43 9.48 9.52 9.53 9.56 9.61 9.66 9.74 9.84 9.98 10.11 10.31 10.51 10.71 10.90 11.01 11.03 10.94 10.87 10.69 10.48 10.26 10.06 9.85 9.67 9.51 9.39 9.29 9.20 9.13 9.07 9.03 9.01 9.08 9.15 9.26 9.45 9.65 9.84 10.06 10.30 10.50 10.69 10.84 10.99 11.12 11.26 11.41 11.57 11.80 12.00 12.21 12.38 12.50 12.68 12.86 13.03 13.31 13.59 13.76 13.94 14.05 14.16 14.22
12.10 11.91 11.66 11.36 11.04 10.71 10.40 10.12 9.88 9.68 9.56 9.50 9.62 9.62 9.64 9.54 9.58 9.62 9.75 9.82 9.81 9.91 10.03 10.25 10.26 10.42 10.56 10.67 10.78 10.84 10.74 10.65 10.50 10.29 10.09 9.88 9.69 9.52 9.39 9.30 9.25 9.21 9.18 9.15 9.16 9.15 9.25 9.30 9.42 9.57 9.73 9.89 10.09 10.27 10.43 10.61 10.76 10.89 11.04 11.19 11.39 11.67 11.76 11.97 12.17 12.52 12.63 12.83 12.98 13.18 13.50 13.71 13.91 14.07 14.22 14.32 14.37
