data/EU espacial/Mg_EU.grd
DSAA
94	94
0.0000	100.0000
0.0000	100.0000
7.5333	28.6185
[rows 34 to 67 of 94, columns 0 to 76 of 94]
12.42 12.22 12.09 11.75 11.40 11.06 10.73 10.44 10.19 10.00 9.88 9.79 9.74 9.73 9.73 9.75 9.74 9.78 9.83 9.90 9.98 10.08 10.14 10.27 10.41 10.34 10.44 10.57 10.60 10.63 10.56 10.47 10.33 10.14 9.93 9.72 9.52 9.37 9.27 9.22 9.21 9.22 9.23 9.25 9.29 9.30 9.38 9.47 9.56 9.69 9.79 9.94 10.08 10.27 10.40 10.53 10.67 10.81 10.97 11.17 11.34 11.65 11.84 12.07 12.29 12.51 12.61 12.85 13.07 13.34 13.56 13.80 14.02 14.21 14.41 14.50 14.48
12.93 12.69 12.35 11.97 11.59 11.22 10.88 10.59 10.34 10.14 10.00 9.90 9.84 9.82 9.81 9.83 9.81 9.85 9.90 9.97 10.05 10.15 10.25 10.30 10.40 10.45 10.52 10.55 10.45 10.48 10.41 10.34 10.18 10.00 9.78 9.57 9.36 9.21 9.14 9.14 9.18 9.24 9.30 9.35 9.39 9.49 9.54 9.63 9.75 9.85 9.90 10.01 10.12 10.27 10.36 10.46 10.58 10.73 10.89 11.21 11.40 11.58 11.78 12.03 12.27 12.49 12.61 12.83 13.11 13.35 13.60 13.92 14.18 14.41 14.58 14.66 14.63
13.29 13.00 12.58 12.14 11.72 11.34 10.99 10.69 10.44 10.24 10.09 9.98 9.91 9.89 9.88 9.85 9.88 9.92 9.96 10.03 10.11 10.21 10.30 10.32 10.41 10.43 10.47 10.48 10.36 10.32 10.30 10.18 10.08 9.89 9.67 9.44 9.21 9.03 9.00 9.08 9.18 9.28 9.38 9.47 9.54 9.68 9.71 9.83 9.91 10.00 10.01 10.10 10.23 10.29 10.34 10.40 10.49 10.65 10.83 11.17 11.37 11.57 11.77 12.01 12.26 12.49 12.57 12.84 13.09 13.35 13.61 13.89 14.25 14.53 14.80 14.86 14.76
13.67 13.21 12.70 12.23 11.79 11.40 11.05 10.74 10.49 10.29 10.14 10.03 9.97 9.94 9.95 9.91 9.95 9.98 10.03 10.09 10.18 10.27 10.36 10.44 10.42 10.47 10.50 10.44 10.28 10.49 10.39 10.29 10.12 9.83 9.62 9.39 9.12 8.84 8.92 9.09 9.24 9.37 9.50 9.62 9.72 9.86 9.95 9.99 10.07 10.07 10.14 10.20 10.31 10.34 10.36 10.37 10.41 10.70 10.91 11.16 11.36 11.55 11.74 11.94 12.15 12.45 12.56 12.80 13.04 13.31 13.58 13.87 14.25 14.62 14.95 14.96 14.76
13.55 13.21 12.75 12.29 11.78 11.39 11.04 10.74 10.49 10.29 10.15 10.05 9.99 9.98 9.94 9.97 10.01 10.06 10.12 10.19 10.27 10.35 10.43 10.48 10.45 10.48 10.55 10.55 10.45 10.40 10.31 10.27 10.12 9.93 9.63 9.42 9.20 9.02 9.05 9.20 9.36 9.51 9.65 9.79 9.91 10.01 10.10 10.20 10.19 10.24 10.29 10.48 10.56 10.57 10.57 10.56 10.60 10.76 10.95 11.19 11.36 11.54 11.73 11.92 12.12 12.19 12.45 12.69 12.97 13.24 13.51 13.92 14.22 14.51 14.76 14.78 14.62
13.23 12.97 12.60 12.19 11.79 11.41 11.06 10.69 10.44 10.25 10.12 10.03 10.00 10.00 9.97 10.02 10.08 10.15 10.22 10.29 10.37 10.44 10.50 10.55 10.56 10.59 10.57 10.51 10.46 10.39 10.32 10.21 10.14 9.98 9.80 9.64 9.38 9.29 9.30 9.40 9.55 9.69 9.83 9.95 10.07 10.22 10.31 10.40 10.46 10.58 10.62 10.64 10.66 10.73 10.73 10.74 10.80 10.91 11.05 11.24 11.40 11.55 11.71 11.88 11.93 12.12 12.40 12.61 12.85 13.11 13.48 13.80 14.06 14.29 14.45 14.47 14.38
12.94 12.71 12.39 12.03 11.65 11.29 10.96 10.67 10.42 10.24 10.12 9.98 9.97 9.95 10.00 10.07 10.15 10.24 10.33 10.41 10.48 10.55 10.60 10.64 10.63 10.65 10.58 10.55 10.49 10.43 10.34 10.26 10.15 10.07 9.93 9.81 9.71 9.65 9.59 9.67 9.77 9.90 10.04 10.16 10.29 10.43 10.53 10.61 10.75 10.79 10.82 10.83 10.90 10.90 10.92 10.94 10.98 11.06 11.16 11.28 11.44 11.57 11.70 11.72 11.87 12.07 12.31 12.53 12.84 13.09 13.34 13.65 13.88 14.06 14.17 14.18 14.15
12.68 12.46 12.17 11.84 11.49 11.14 10.82 10.52 10.29 10.11 10.01 9.98 9.99 10.01 10.02 10.13 10.24 10.34 10.44 10.52 10.61 10.67 10.72 10.78 10.79 10.69 10.68 10.61 10.53 10.48 10.39 10.34 10.24 10.23 10.12 10.01 9.92 9.89 9.82 9.90 10.04 10.18 10.25 10.39 10.59 10.67 10.76 10.97 10.98 11.02 11.04 11.09 11.10 11.10 11.10 11.13 11.17 11.23 11.30 11.38 11.51 11.59 11.59 11.69 11.81 11.96 12.21 12.51 12.75 12.97 13.22 13.50 13.70 13.84 13.92 13.96 13.90
12.45 12.23 11.96 11.65 11.31 10.97 10.65 10.35 10.11 9.94 9.87 9.87 9.89 10.00 10.14 10.28 10.42 10.54 10.57 10.67 10.75 10.78 10.82 10.83 10.80 10.79 10.80 10.75 10.65 10.59 10.51 10.43 10.35 10.31 10.22 10.22 10.17 10.13 10.13 10.20 10.25 10.37 10.50 10.69 10.82 10.94 11.14 11.18 11.20 11.23 11.24 11.23 11.30 11.30 11.30 11.31 11.35 11.39 11.44 11.49 11.52 11.55 11.59 11.65 11.74 11.96 12.18 12.40 12.65 12.90 13.19 13.40 13.58 13.69 13.75 13.75 13.71
12.30 12.04 11.78 11.47 11.15 10.81 10.47 10.15 9.90 9.74 9.69 9.74 9.83 10.00 10.19 10.37 10.53 10.69 10.77 10.88 10.96 10.94 11.00 11.04 11.02 10.94 10.90 10.84 10.72 10.68 10.61 10.54 10.48 10.48 10.42 10.37 10.35 10.41 10.46 10.41 10.51 10.64 10.80 10.94 11.07 11.28 11.39 11.43 11.49 11.50 11.50 11.48 11.52 11.47 11.48 11.49 11.51 11.53 11.55 11.59 11.61 11.60 11.61 11.62 11.70 11.80 12.04 12.27 12.57 12.83 13.07 13.27 13.48 13.57 13.61 13.62 13.53
12.14 11.92 11.66 11.33 11.00 10.66 10.30 9.96 9.67 9.49 9.47 9.56 9.78 9.98 10.23 10.45 10.66 10.83 10.97 11.13 11.20 11.25 11.30 11.29 11.18 11.06 11.02 10.90 10.83 10.80 10.73 10.67 10.62 10.55 10.58 10.55 10.56 10.58 10.64 10.61 10.72 10.85 11.00 11.17 11.33 11.54 11.66 11.71 11.73 11.74 11.72 11.69 11.72 11.71 11.67 11.68 11.70 11.71 11.72 11.74 11.79 11.69 11.66 11.65 11.63 11.70 11.94 12.21 12.51 12.78 13.05 13.24 13.43 13.51 13.53 13.52 13.44
12.02 11.80 11.61 11.32 10.99 10.55 10.18 9.80 9.40 9.16 9.20 9.42 9.74 10.06 10.36 10.63 10.90 11.10 11.25 11.37 11.45 11.49 11.49 11.50 11.38 11.30 11.18 11.08 10.98 10.91 10.85 10.80 10.73 10.70 10.70 10.71 10.71 10.76 10.82 10.89 10.90 11.03 11.19 11.38 11.64 11.78 11.93 12.00 11.99 11.95 11.93 11.89 11.91 11.90 11.85 11.87 11.89 11.90 11.90 11.99 11.96 11.91 11.80 11.69 11.59 11.64 11.85 12.19 12.53 12.83 13.09 13.28 13.40 13.45 13.54 13.51 13.47
11.93 11.80 11.55 11.27 10.95 10.60 10.21 9.69 9.26 8.86 8.98 9.41 9.83 10.25 10.60 10.90 11.16 11.37 11.54 11.66 11.73 11.76 11.75 11.66 11.60 11.50 11.35 11.22 11.10 11.04 10.99 10.92 10.87 10.83 10.85 10.86 10.86 10.89 10.98 11.06 11.16 11.19 11.36 11.64 11.83 12.00 12.21 12.29 12.21 12.14 12.09 12.07 12.03 12.01 12.03 12.04 12.09 12.10 12.18 12.21 12.18 12.10 12.00 11.84 11.65 11.52 11.85 12.29 12.67 12.98 13.21 13.38 13.47 13.56 13.59 13.63 13.49
11.93 11.60 11.38 11.14 10.86 10.55 10.24 9.85 9.43 9.06 9.19 9.66 10.11 10.52 10.89 11.21 11.49 11.71 11.88 11.99 12.06 12.07 11.96 11.93 11.84 11.73 11.63 11.47 11.29 11.22 11.17 11.07 11.01 10.97 11.02 11.00 11.00 11.03 11.12 11.19 11.29 11.43 11.49 11.70 11.90 12.13 12.35 12.42 12.35 12.28 12.23 12.18 12.19 12.18 12.19 12.17 12.31 12.36 12.42 12.48 12.47 12.48 12.34 12.19 11.99 11.85 12.18 12.61 12.96 13.25 13.45 13.59 13.68 13.68 13.68 13.78 13.63
11.91 11.66 11.46 11.24 10.99 10.72 10.47 10.16 9.88 9.76 9.84 10.16 10.56 10.90 11.26 11.59 11.87 12.10 12.26 12.37 12.42 12.33 12.29 12.26 12.17 12.03 11.87 11.71 11.52 11.42 11.34 11.22 11.16 11.13 11.15 11.13 11.13 11.15 11.23 11.31 11.40 11.53 11.62 11.79 11.98 12.16 12.33 12.42 12.42 12.37 12.34 12.30 12.29 12.32 12.34 12.38 12.50 12.65 12.70 12.77 12.81 12.86 12.78 12.71 12.66 12.66 12.85 13.15 13.41 13.63 13.80 13.90 13.93 13.94 13.88 13.92 13.78
11.84 11.69 11.53 11.35 11.15 10.94 10.76 10.60 10.44 10.39 10.50 10.71 11.06 11.42 11.78 12.03 12.31 12.54 12.71 12.80 12.86 12.83 12.71 12.59 12.47 12.30 12.13 11.96 11.80 11.64 11.54 11.43 11.36 11.26 11.27 11.24 11.23 11.25 11.33 11.39 11.49 11.61 11.78 11.85 12.01 12.17 12.29 12.40 12.43 12.40 12.40 12.39 12.41 12.46 12.50 12.61 12.82 12.90 12.96 13.13 13.22 13.29 13.31 13.37 13.40 13.48 13.62 13.81 13.99 14.13 14.22 14.26 14.27 14.22 14.13 14.13 13.98
11.88 11.76 11.63 11.49 11.35 11.24 11.15 11.03 10.96 10.94 11.07 11.30 11.61 11.94 12.28 12.60 12.81 13.04 13.20 13.31 13.31 13.22 13.10 12.94 12.78 12.62 12.42 12.23 12.02 11.84 11.72 11.61 11.51 11.43 11.46 11.42 11.35 11.36 11.40 11.42 11.54 11.62 11.83 11.88 12.02 12.16 12.27 12.35 12.40 12.43 12.45 12.47 12.51 12.60 12.67 12.77 13.00 13.14 13.29 13.43 13.62 13.78 13.87 14.08 14.19 14.30 14.42 14.54 14.64 14.69 14.71 14.70 14.64 14.54 14.41 14.38 14.24
11.94 11.85 11.76 11.73 11.63 11.59 11.46 11.41 11.42 11.49 11.65 11.87 12.16 12.48 12.81 13.06 13.35 13.59 13.77 13.83 13.80 13.68 13.53 13.33 13.13 12.90 12.67 12.47 12.26 12.02 11.87 11.78 11.67 11.68 11.60 11.53 11.42 11.43 11.46 11.49 11.58 11.68 11.77 11.90 12.03 12.15 12.26 12.34 12.40 12.44 12.48 12.54 12.62 12.69 12.79 12.92 13.14 13.38 13.58 13.79 14.03 14.24 14.54 14.76 14.95 15.13 15.24 15.31 15.32 15.30 15.25 15.16 15.03 14.89 14.73 14.66 14.51
12.16 12.08 12.08 12.03 11.98 11.95 11.88 11.84 11.90 12.02 12.19 12.42 12.71 13.02 13.35 13.64 13.95 14.27 14.39 14.44 14.31 14.16 13.93 13.70 13.43 13.16 12.96 12.67 12.47 12.25 12.05 11.90 11.74 11.73 11.63 11.56 11.52 11.46 11.52 11.58 11.66 11.76 12.00 11.97 12.09 12.20 12.27 12.38 12.45 12.51 12.56 12.64 12.69 12.78 12.89 13.04 13.28 13.56 13.82 14.12 14.50 14.83 15.14 15.47 15.76 16.01 16.08 16.09 16.03 15.93 15.79 15.63 15.44 15.27 15.07 14.89 14.74
12.23 12.25 12.23 12.23 12.24 12.26 12.25 12.32 12.41 12.55 12.74 12.98 13.27 13.59 13.93 14.23 14.57 14.85 15.04 15.07 14.91 14.66 14.35 14.06 13.73 13.44 13.13 12.86 12.61 12.39 12.21 11.97 11.83 11.81 11.69 11.60 11.54 11.55 11.58 11.59 11.67 11.77 11.92 11.98 12.09 12.20 12.26 12.34 12.44 12.51 12.59 12.67 12.73 12.83 12.96 13.19 13.38 13.70 14.02 14.40 14.86 15.29 15.80 16.26 16.57 16.88 16.96 16.89 16.74 16.54 16.33 16.11 15.89 15.62 15.40 15.19 15.03
12.41 12.40 12.43 12.49 12.55 12.62 12.70 12.81 12.85 13.01 13.22 13.47 13.75 14.07 14.44 14.81 15.19 15.47 15.73 15.78 15.54 15.14 14.74 14.36 13.98 13.65 13.32 13.02 12.75 12.52 12.27 12.07 12.02 11.88 11.75 11.67 11.58 11.53 11.56 11.64 11.69 11.79 11.94 12.06 12.11 12.20 12.26 12.34 12.44 12.52 12.59 12.68 12.77 12.86 13.09 13.23 13.48 13.80 14.19 14.63 15.15 15.68 16.25 16.89 17.45 17.78 17.82 17.63 17.42 17.14 16.85 16.55 16.25 15.97 15.71 15.49 15.30
12.46 12.51 12.61 12.72 12.83 12.94 13.06 13.20 13.35 13.53 13.66 13.91 14.19 14.51 14.88 15.26 15.67 16.13 16.45 16.47 16.02 15.52 15.03 14.57 14.15 13.80 13.46 13.15 12.85 12.56 12.36 12.29 12.12 11.95 11.85 11.71 11.58 11.49 11.53 11.64 11.76 11.82 11.97 12.09 12.19 12.22 12.30 12.35 12.45 12.52 12.60 12.77 12.86 12.95 13.11 13.25 13.49 13.88 14.31 14.80 15.37 15.95 16.60 17.33 18.13 18.76 18.65 18.27 17.91 17.60 17.28 16.93 16.59 16.28 16.00 15.77 15.59
12.57 12.69 12.84 12.98 13.12 13.27 13.42 13.57 13.74 13.93 14.15 14.37 14.69 14.99 15.32 15.60 16.03 16.46 16.93 16.90 16.30 15.73 15.20 14.72 14.27 13.87 13.51 13.19 12.97 12.83 12.55 12.36 12.19 12.06 11.91 11.77 11.62 11.49 11.56 11.69 11.81 11.92 12.06 12.17 12.27 12.30 12.41 12.44 12.44 12.61 12.69 12.77 12.87 12.97 13.14 13.28 13.51 13.94 14.40 14.94 15.50 16.10 16.79 17.56 18.47 19.34 19.00 18.53 18.14 17.84 17.56 17.20 16.87 16.56 16.29 16.08 15.91
12.91 12.99 13.13 13.28 13.44 13.60 13.76 13.94 14.12 14.30 14.56 14.79 15.04 15.30 15.59 15.90 16.19 16.52 16.75 16.70 16.25 15.75 15.24 14.76 14.31 13.91 13.55 13.33 13.01 12.93 12.71 12.52 12.31 12.16 12.00 11.87 11.75 11.68 11.70 11.79 11.89 11.99 12.01 12.21 12.30 12.38 12.41 12.44 12.49 12.59 12.68 12.77 12.88 13.05 13.20 13.38 13.65 14.03 14.47 14.99 15.53 16.11 16.76 17.52 18.21 18.70 18.73 18.45 18.16 17.89 17.62 17.33 17.05 16.79 16.57 16.39 16.25
13.24 13.33 13.45 13.60 13.76 13.94 14.12 14.28 14.52 14.72 14.92 15.12 15.34 15.56 15.80 16.04 16.27 16.40 16.50 16.41 16.12 15.64 15.21 14.76 14.33 13.95 13.60 13.30 13.08 12.92 12.73 12.51 12.37 12.24 12.11 11.99 11.90 11.85 11.86 11.92 12.00 12.02 12.09 12.27 12.34 12.44 12.49 12.47 12.54 12.58 12.73 12.77 13.01 13.09 13.30 13.51 13.78 14.14 14.54 15.03 15.53 16.06 16.60 17.18 17.72 18.08 18.22 18.13 17.97 17.78 17.59 17.39 17.19 17.01 16.86 16.74 16.65
13.55 13.64 13.77 13.93 14.10 14.25 14.44 14.69 14.88 15.07 15.25 15.43 15.60 15.78 15.95 16.12 16.23 16.28 16.28 16.15 15.90 15.57 15.10 14.66 14.26 13.88 13.53 13.28 13.03 12.89 12.82 12.68 12.44 12.34 12.30 12.13 12.05 12.01 12.02 12.07 12.13 12.14 12.20 12.44 12.43 12.45 12.48 12.45 12.50 12.61 12.70 12.81 13.02 13.17 13.34 13.56 13.82 14.16 14.52 14.96 15.40 15.85 16.30 16.77 17.19 17.48 17.68 17.69 17.66 17.56 17.46 17.35 17.25 17.18 17.11 17.05 17.02
13.85 13.95 14.06 14.22 14.40 14.59 14.85 15.04 15.23 15.41 15.57 15.71 15.84 15.96 16.07 16.14 16.20 16.21 16.09 15.94 15.68 15.39 15.01 14.54 14.14 13.76 13.51 13.22 12.95 12.91 12.79 12.70 12.62 12.51 12.41 12.31 12.24 12.15 12.16 12.25 12.32 12.40 12.33 12.52 12.53 12.47 12.47 12.43 12.46 12.57 12.67 12.78 13.01 13.18 13.36 13.58 13.84 14.14 14.47 14.85 15.22 15.57 15.95 16.35 16.66 16.92 17.14 17.23 17.29 17.30 17.30 17.29 17.29 17.33 17.33 17.34 17.37
14.10 14.22 14.36 14.74 14.91 15.09 15.29 15.39 15.58 15.75 15.88 15.99 16.07 16.13 16.20 16.17 16.17 16.11 15.94 15.75 15.53 15.21 14.88 14.48 14.09 13.70 13.35 13.06 12.98 12.86 12.75 12.73 12.69 12.64 12.53 12.43 12.34 12.32 12.31 12.38 12.47 12.50 12.54 12.53 12.47 12.53 12.48 12.52 12.56 12.66 12.78 12.92 13.00 13.17 13.37 13.59 13.88 14.13 14.43 14.72 15.04 15.33 15.61 15.89 16.14 16.37 16.61 16.77 16.92 17.02 17.11 17.21 17.30 17.39 17.48 17.57 17.65
14.66 14.76 14.89 15.04 15.21 15.41 15.62 15.82 16.01 16.17 16.20 16.26 16.31 16.31 16.30 16.26 16.23 16.12 15.97 15.70 15.44 15.09 14.73 14.34 13.93 13.53 13.29 12.97 12.78 12.71 12.74 12.78 12.81 12.79 12.69 12.55 12.43 12.38 12.39 12.49 12.58 12.69 12.73 12.69 12.59 12.54 12.43 12.39 12.48 12.59 12.73 12.88 13.05 13.17 13.37 13.58 13.85 14.10 14.34 14.58 14.84 15.04 15.26 15.45 15.64 15.83 16.09 16.30 16.54 16.73 16.92 17.11 17.30 17.49 17.65 17.81 17.93
14.91 15.02 15.16 15.32 15.50 15.70 15.91 16.14 16.35 16.51 16.58 16.55 16.51 16.45 16.41 16.33 16.21 16.07 15.89 15.66 15.32 14.97 14.61 14.24 13.82 13.50 13.07 12.71 12.51 12.53 12.69 12.86 13.00 13.01 12.87 12.67 12.49 12.38 12.43 12.56 12.76 12.96 13.00 12.90 12.70 12.47 12.36 12.29 12.39 12.53 12.68 12.85 13.03 13.22 13.36 13.57 13.82 14.04 14.26 14.47 14.66 14.83 14.95 15.06 15.16 15.31 15.59 15.87 16.16 16.45 16.72 16.96 17.24 17.56 17.82 18.03 18.18
15.15 15.27 15.41 15.57 15.76 15.96 16.18 16.42 16.67 16.86 16.86 16.79 16.71 16.60 16.49 16.36 16.21 16.04 15.83 15.59 15.30 14.89 14.57 14.17 13.86 13.37 12.88 12.42 12.18 12.33 12.64 12.98 13.26 13.29 13.08 12.78 12.50 12.32 12.37 12.66 12.97 13.24 13.33 13.14 12.83 12.49 12.18 12.15 12.31 12.48 12.67 12.85 13.03 13.22 13.41 13.60 13.79 13.99 14.19 14.36 14.52 14.64 14.70 14.73 14.73 14.79 15.12 15.50 15.85 16.17 16.50 16.85 17.21 17.59 17.97 18.22 18.33
15.14 15.49 15.64 15.80 15.98 16.18 16.41 16.65 16.91 17.18 17.15 16.99 16.84 16.69 16.54 16.39 16.22 16.03 15.81 15.56 15.27 14.99 14.54 14.15 13.84 13.35 12.82 12.26 11.78 12.25 12.68 13.12 13.54 13.61 13.25 12.89 12.56 12.19 12.40 12.76 13.13 13.50 13.74 13.35 12.94 12.53 12.11 11.96 12.29 12.49 12.68 12.86 13.04 13.22 13.40 13.61 13.78 14.00 14.14 14.30 14.43 14.59 14.62 14.53 14.45 14.30 14.80 15.27 15.66 15.99 16.33 16.73 17.14 17.58 18.05 18.29 18.40
15.35 15.50 15.66 15.84 16.03 16.24 16.46 16.69 16.88 17.08 17.09 17.08 16.93 16.75 16.59 16.42 16.23 16.03 15.81 15.56 15.52 15.19 14.82 14.42 13.95 13.48 12.98 12.52 12.27 12.50 12.87 13.24 13.54 13.58 13.34 13.01 12.72 12.52 12.63 12.92 13.23 13.52 13.61 13.38 13.03 12.66 12.32 12.17 12.31 12.58 12.75 12.93 13.11 13.27 13.44 13.67 13.95 14.11 14.29 14.44 14.56 14.64 14.65 14.62 14.56 14.55 14.88 15.24 15.61 15.94 16.27 16.63 17.02 17.42 17.78 18.04 18.27
15.53 15.68 15.84 16.01 16.19 16.38 16.58 16.71 16.89 17.01 17.02 16.95 16.96 16.81 16.64 16.47 16.28 16.10 15.88 15.72 15.54 15.24 14.90 14.54 14.11 13.71 13.37 13.02 12.85 12.88 13.08 13.31 13.47 13.49 13.35 13.15 12.96 12.86 12.93 13.10 13.31 13.47 13.50 13.36 13.11 12.83 12.58 12.45 12.52 12.72 12.85 13.00 13.15 13.30 13.62 13.67 13.96 14.14 14.31 14.47 14.61 14.71 14.76 14.78 14.81 14.88 15.14 15.39 15.66 15.95 16.21 16.53 16.84 17.11 17.43 17.70 17.94
