data/EU espacial/P_EU.grd
DSAA
94	94
0.0000	100.0000
0.0000	100.0000
3.0000	8.4751
[rows 0 to 37 of 94, columns 0 to 83 of 94]
3.00 3.80 3.85 3.90 3.96 4.01 4.06 4.17 4.23 4.29 4.35 4.40 4.46 4.52 4.58 4.64 4.70 4.77 4.84 4.89 4.91 4.88 4.90 4.91 4.94 5.12 5.16 5.30 5.34 5.30 5.34 5.37 5.38 5.41 5.43 5.47 5.50 5.54 5.58 5.59 5.60 5.61 5.66 5.71 5.72 5.73 5.69 5.69 5.57 5.58 5.64 5.63 5.62 5.60 5.55 5.54 5.51 5.49 5.50 5.47 5.45 5.42 5.39 5.36 5.33 5.29 5.25 5.21 5.17 5.12 5.08 5.01 4.96 4.91 4.86 4.87 4.86 4.88 4.88 4.87 4.86 4.86 4.86 4.85
3.74 3.78 3.84 3.89 3.94 4.00 4.05 4.10 4.16 4.27 4.32 4.38 4.44 4.50 4.56 4.62 4.68 4.74 4.80 4.85 4.88 4.86 4.88 4.90 4.92 4.94 5.14 5.28 5.32 5.36 5.32 5.36 5.37 5.40 5.43 5.46 5.50 5.54 5.58 5.59 5.60 5.61 5.67 5.71 5.72 5.73 5.70 5.71 5.60 5.66 5.66 5.66 5.65 5.63 5.61 5.58 5.55 5.52 5.52 5.50 5.47 5.45 5.42 5.39 5.35 5.29 5.27 5.23 5.18 5.14 5.09 5.02 4.97 4.92 4.91 4.91 4.90 4.89 4.88 4.87 4.86 4.86 4.85 4.85
3.74 3.78 3.82 3.88 3.93 3.98 4.04 4.09 4.14 4.20 4.30 4.36 4.41 4.47 4.53 4.58 4.64 4.70 4.76 4.80 4.84 4.89 4.85 4.87 4.90 4.93 5.04 5.24 5.29 5.33 5.30 5.34 5.39 5.39 5.42 5.46 5.49 5.53 5.57 5.59 5.60 5.61 5.67 5.72 5.73 5.70 5.71 5.72 5.71 5.69 5.69 5.69 5.68 5.69 5.67 5.61 5.59 5.56 5.53 5.53 5.50 5.47 5.44 5.41 5.36 5.32 5.28 5.25 5.20 5.16 5.11 5.03 4.98 4.94 4.96 4.93 4.91 4.89 4.88 4.87 4.86 4.86 4.85 4.85
3.73 3.77 3.82 3.86 3.92 3.97 4.02 4.08 4.13 4.18 4.23 4.28 4.38 4.44 4.50 4.55 4.60 4.65 4.71 4.76 4.81 4.84 4.88 4.85 4.88 4.99 5.01 5.21 5.26 5.31 5.36 5.33 5.37 5.38 5.42 5.45 5.48 5.51 5.57 5.58 5.60 5.61 5.71 5.72 5.69 5.70 5.72 5.73 5.78 5.80 5.72 5.72 5.71 5.73 5.71 5.65 5.63 5.59 5.57 5.54 5.53 5.50 5.47 5.42 5.39 5.35 5.31 5.26 5.23 5.18 5.13 5.05 5.00 5.02 4.98 4.95 4.92 4.90 4.89 4.88 4.87 4.86 4.85 4.85
3.72 3.76 3.81 3.85 3.90 3.95 4.01 4.06 4.11 4.16 4.21 4.26 4.31 4.40 4.46 4.51 4.56 4.60 4.66 4.71 4.76 4.80 4.84 4.82 4.93 4.96 4.99 5.02 5.23 5.29 5.34 5.39 5.43 5.37 5.41 5.45 5.48 5.51 5.56 5.58 5.60 5.61 5.71 5.67 5.69 5.71 5.73 5.82 5.79 5.81 5.83 5.76 5.78 5.77 5.75 5.73 5.66 5.63 5.60 5.57 5.54 5.53 5.49 5.46 5.42 5.38 5.33 5.29 5.25 5.20 5.15 5.09 5.01 5.04 5.00 4.96 4.94 4.91 4.90 4.88 4.87 4.86 4.86 4.85
3.71 3.75 3.79 3.84 3.89 3.94 3.99 4.05 4.10 4.15 4.19 4.24 4.28 4.32 4.37 4.47 4.51 4.55 4.60 4.67 4.72 4.76 4.80 4.93 4.89 4.93 4.96 5.00 5.06 5.26 5.32 5.37 5.43 5.37 5.41 5.44 5.47 5.52 5.56 5.58 5.60 5.62 5.60 5.67 5.69 5.71 5.73 5.77 5.80 5.83 5.86 5.90 5.82 5.81 5.79 5.76 5.70 5.66 5.63 5.61 5.58 5.55 5.52 5.49 5.45 5.41 5.37 5.31 5.26 5.22 5.16 5.11 5.06 5.06 5.01 4.98 4.95 4.92 4.90 4.89 4.88 4.87 4.86 4.85
3.70 3.74 3.78 3.82 3.87 3.92 3.98 4.03 4.08 4.13 4.17 4.22 4.25 4.29 4.33 4.37 4.46 4.51 4.55 4.63 4.67 4.71 4.84 4.88 4.93 4.90 4.94 4.98 5.04 5.24 5.30 5.36 5.40 5.45 5.40 5.44 5.47 5.52 5.56 5.58 5.60 5.55 5.60 5.67 5.69 5.71 5.80 5.77 5.81 5.85 5.88 5.94 5.94 5.85 5.82 5.79 5.72 5.69 5.66 5.63 5.59 5.57 5.55 5.52 5.49 5.45 5.40 5.34 5.28 5.24 5.18 5.12 5.06 5.07 5.03 4.99 4.96 4.93 4.91 4.89 4.88 4.87 4.86 4.86
3.85 3.72 3.76 3.81 3.85 3.90 3.96 4.01 4.06 4.11 4.15 4.19 4.23 4.26 4.29 4.33 4.36 4.46 4.50 4.56 4.62 4.75 4.79 4.84 4.89 4.87 4.92 4.96 5.03 5.08 5.29 5.35 5.39 5.44 5.45 5.44 5.47 5.52 5.55 5.58 5.54 5.56 5.60 5.67 5.69 5.77 5.79 5.77 5.82 5.87 5.95 5.97 5.98 5.96 5.86 5.82 5.79 5.71 5.69 5.65 5.62 5.60 5.57 5.56 5.52 5.48 5.43 5.37 5.30 5.24 5.19 5.23 5.18 5.08 5.03 5.00 4.96 4.94 4.92 4.90 4.88 4.87 4.87 4.85
3.84 3.70 3.74 3.79 3.83 3.88 3.94 3.99 4.04 4.10 4.13 4.17 4.19 4.22 4.25 4.29 4.32 4.37 4.47 4.51 4.64 4.70 4.74 4.79 4.85 4.91 4.90 4.95 5.02 5.07 5.11 5.33 5.39 5.44 5.45 5.50 5.50 5.52 5.55 5.52 5.54 5.59 5.60 5.65 5.68 5.76 5.77 5.75 5.82 5.92 5.98 6.02 6.02 5.99 5.96 5.92 5.80 5.71 5.68 5.67 5.65 5.62 5.60 5.58 5.55 5.52 5.46 5.39 5.32 5.25 5.27 5.24 5.19 5.08 5.04 5.00 4.97 4.94 4.92 4.90 4.89 4.88 4.86 4.86
3.83 3.85 3.72 3.76 3.81 3.86 3.91 3.96 4.02 4.08 4.11 4.13 4.16 4.18 4.21 4.24 4.28 4.34 4.37 4.54 4.59 4.66 4.70 4.75 4.82 4.89 4.96 4.94 5.02 5.07 5.12 5.33 5.39 5.45 5.50 5.50 5.53 5.54 5.55 5.53 5.55 5.59 5.65 5.65 5.66 5.75 5.75 5.73 5.81 5.93 6.01 6.07 6.05 6.00 5.97 5.92 5.74 5.72 5.70 5.69 5.67 5.64 5.61 5.58 5.58 5.55 5.48 5.40 5.33 5.25 5.28 5.24 5.19 5.09 5.04 5.00 4.97 4.94 4.92 4.90 4.88 4.88 4.87 4.87
3.82 3.83 3.85 3.73 3.78 3.83 3.88 3.93 3.98 4.04 4.07 4.09 4.12 4.14 4.17 4.20 4.24 4.34 4.37 4.49 4.53 4.63 4.68 4.73 4.80 4.88 4.95 4.94 4.99 5.08 5.12 5.33 5.39 5.46 5.51 5.51 5.54 5.52 5.53 5.55 5.58 5.60 5.66 5.66 5.67 5.76 5.76 5.75 5.86 5.93 6.00 6.05 6.04 6.00 5.95 5.91 5.87 5.79 5.70 5.70 5.68 5.65 5.62 5.59 5.56 5.54 5.47 5.40 5.32 5.25 5.30 5.25 5.12 5.08 5.04 5.00 4.97 4.94 4.92 4.90 4.89 4.88 4.88 4.87
3.80 3.82 3.83 3.70 3.75 3.79 3.84 3.89 3.94 3.98 4.02 4.05 4.07 4.10 4.13 4.16 4.27 4.30 4.34 4.42 4.51 4.56 4.62 4.73 4.80 4.87 4.95 5.03 4.99 5.09 5.12 5.34 5.40 5.47 5.52 5.55 5.54 5.53 5.56 5.57 5.59 5.61 5.67 5.67 5.76 5.76 5.73 5.77 5.86 5.92 5.97 6.00 6.00 5.97 5.94 5.91 5.88 5.79 5.77 5.75 5.67 5.64 5.61 5.58 5.54 5.51 5.45 5.38 5.31 5.35 5.29 5.24 5.11 5.08 5.03 5.00 4.97 4.94 4.91 4.90 4.90 4.89 4.88 4.87
3.78 3.80 3.81 3.83 3.71 3.75 3.80 3.84 3.89 3.93 3.96 4.00 4.02 4.05 4.16 4.19 4.22 4.26 4.35 4.39 4.49 4.55 4.61 4.68 4.80 4.88 4.96 5.03 5.01 5.08 5.14 5.18 5.41 5.48 5.51 5.55 5.50 5.54 5.57 5.60 5.62 5.62 5.68 5.69 5.77 5.78 5.79 5.82 5.86 5.90 5.94 5.96 5.95 5.94 5.92 5.89 5.88 5.79 5.77 5.74 5.72 5.63 5.59 5.56 5.51 5.48 5.42 5.36 5.29 5.34 5.28 5.23 5.10 5.05 5.02 4.99 4.96 4.93 4.92 4.91 4.90 4.89 4.88 4.88
3.76 3.77 3.79 3.80 3.68 3.72 3.76 3.80 3.84 3.88 3.91 3.94 3.97 4.08 4.11 4.14 4.18 4.22 4.32 4.37 4.48 4.54 4.60 4.68 4.75 4.89 4.97 5.05 5.02 5.11 5.16 5.20 5.43 5.49 5.52 5.56 5.52 5.56 5.59 5.61 5.63 5.63 5.69 5.79 5.79 5.79 5.80 5.82 5.85 5.88 5.90 5.92 5.92 5.92 5.90 5.88 5.87 5.86 5.75 5.73 5.70 5.67 5.58 5.53 5.48 5.45 5.39 5.33 5.38 5.32 5.27 5.22 5.09 5.04 5.01 4.98 4.94 4.93 4.92 4.91 4.90 4.90 4.89 4.89
3.75 3.75 3.76 3.78 3.80 3.68 3.72 3.76 3.79 3.83 3.86 3.89 4.00 4.03 4.06 4.10 4.14 4.18 4.29 4.34 4.40 4.53 4.60 4.68 4.76 4.84 4.98 5.06 5.07 5.13 5.18 5.23 5.27 5.42 5.47 5.53 5.57 5.57 5.61 5.63 5.66 5.67 5.67 5.80 5.80 5.80 5.81 5.82 5.84 5.85 5.88 5.89 5.90 5.89 5.88 5.86 5.85 5.84 5.74 5.71 5.68 5.64 5.61 5.51 5.46 5.40 5.39 5.32 5.36 5.30 5.25 5.20 5.16 5.00 4.97 4.97 4.95 4.94 4.93 4.93 4.91 4.91 4.90 4.90
3.73 3.73 3.74 3.76 3.77 3.79 3.67 3.71 3.75 3.78 3.82 3.92 3.95 3.98 4.01 4.05 4.09 4.20 4.25 4.32 4.38 4.52 4.59 4.68 4.76 4.85 4.94 5.06 5.18 5.16 5.21 5.26 5.23 5.45 5.50 5.53 5.57 5.62 5.64 5.65 5.69 5.70 5.75 5.80 5.80 5.81 5.82 5.80 5.82 5.84 5.86 5.87 5.87 5.87 5.85 5.85 5.84 5.82 5.72 5.69 5.65 5.61 5.58 5.54 5.45 5.39 5.35 5.29 5.34 5.29 5.24 5.19 5.09 5.01 4.97 4.96 4.94 4.94 4.93 4.92 4.92 4.92 4.92 4.91
3.71 3.71 3.72 3.73 3.75 3.76 3.77 3.67 3.70 3.74 3.77 3.87 3.89 3.92 3.96 4.00 4.05 4.16 4.22 4.29 4.36 4.51 4.59 4.67 4.77 4.86 4.96 5.05 5.19 5.20 5.24 5.23 5.26 5.32 5.51 5.55 5.58 5.63 5.65 5.66 5.69 5.71 5.75 5.83 5.81 5.81 5.87 5.80 5.81 5.83 5.84 5.85 5.85 5.85 5.83 5.83 5.82 5.80 5.79 5.66 5.63 5.59 5.55 5.51 5.47 5.36 5.32 5.26 5.33 5.28 5.23 5.21 5.04 5.00 4.96 4.94 4.94 4.94 4.94 4.93 4.93 4.93 4.93 4.93
3.69 3.69 3.70 3.71 3.72 3.73 3.75 3.63 3.66 3.70 3.79 3.81 3.84 3.86 3.90 3.93 3.99 4.13 4.19 4.27 4.34 4.41 4.50 4.60 4.77 4.88 4.98 5.08 5.19 5.18 5.23 5.26 5.32 5.35 5.53 5.56 5.59 5.64 5.65 5.67 5.70 5.71 5.75 5.83 5.83 5.83 5.88 5.85 5.80 5.81 5.82 5.83 5.87 5.86 5.86 5.81 5.80 5.79 5.69 5.65 5.61 5.56 5.52 5.48 5.44 5.34 5.32 5.37 5.33 5.30 5.25 5.20 5.04 4.99 4.95 4.93 4.94 4.94 4.95 4.94 4.95 4.95 4.95 4.95
3.67 3.68 3.69 3.69 3.70 3.71 3.69 3.71 3.73 3.66 3.74 3.76 3.76 3.79 3.83 3.89 3.96 4.04 4.17 4.24 4.31 4.40 4.50 4.59 4.70 4.82 4.94 5.11 5.23 5.17 5.19 5.29 5.34 5.37 5.53 5.57 5.72 5.64 5.78 5.67 5.70 5.74 5.75 5.82 5.82 5.82 5.87 5.84 5.78 5.82 5.83 5.84 5.84 5.84 5.83 5.83 5.78 5.71 5.67 5.63 5.58 5.54 5.51 5.47 5.41 5.32 5.29 5.36 5.32 5.30 5.25 5.20 5.04 4.99 4.93 4.92 4.94 4.96 4.98 4.96 4.97 4.98 4.98 4.90
3.63 3.64 3.64 3.65 3.66 3.66 3.68 3.69 3.71 3.77 3.67 3.70 3.73 3.76 3.80 3.87 3.94 4.02 4.10 4.19 4.31 4.40 4.50 4.59 4.71 4.83 4.95 5.09 5.33 5.24 5.21 5.35 5.43 5.46 5.56 5.66 5.74 5.74 5.80 5.79 5.82 5.86 5.83 5.90 5.81 5.81 5.85 5.85 5.79 5.80 5.81 5.81 5.81 5.81 5.81 5.80 5.80 5.69 5.65 5.61 5.56 5.52 5.49 5.45 5.45 5.44 5.49 5.43 5.40 5.26 5.22 5.18 5.07 5.01 4.95 4.94 4.96 4.96 4.99 5.00 5.01 5.02 4.93 4.92
3.65 3.65 3.65 3.65 3.65 3.66 3.66 3.73 3.73 3.74 3.63 3.66 3.69 3.73 3.79 3.85 3.92 4.00 4.10 4.19 4.27 4.40 4.50 4.61 4.70 4.82 4.93 5.04 5.33 5.35 5.41 5.39 5.47 5.50 5.52 5.68 5.70 5.75 5.77 5.81 5.83 5.83 5.84 5.91 5.90 5.94 5.94 5.83 5.76 5.77 5.77 5.78 5.78 5.78 5.78 5.78 5.77 5.76 5.63 5.59 5.56 5.57 5.53 5.48 5.44 5.44 5.50 5.44 5.41 5.28 5.24 5.21 5.10 5.06 5.02 5.00 4.99 5.00 5.01 5.04 5.05 5.06 4.95 4.94
3.67 3.66 3.66 3.65 3.65 3.65 3.65 3.71 3.71 3.71 3.72 3.63 3.66 3.71 3.76 3.83 3.90 4.01 4.09 4.18 4.27 4.37 4.48 4.59 4.70 4.82 4.93 5.03 5.31 5.36 5.41 5.41 5.50 5.53 5.55 5.69 5.72 5.77 5.81 5.82 5.84 5.84 5.85 5.92 5.90 5.93 5.94 5.87 5.74 5.74 5.75 5.75 5.75 5.75 5.76 5.76 5.76 5.75 5.74 5.65 5.61 5.56 5.52 5.48 5.44 5.44 5.51 5.49 5.39 5.36 5.28 5.25 5.15 5.11 5.09 5.07 5.05 5.05 5.06 5.09 5.09 4.98 4.98 4.97
3.59 3.68 3.67 3.66 3.66 3.65 3.70 3.69 3.69 3.69 3.70 3.59 3.64 3.69 3.75 3.81 3.89 4.00 4.09 4.18 4.27 4.38 4.49 4.60 4.71 4.82 4.92 5.22 5.32 5.35 5.42 5.48 5.48 5.56 5.58 5.71 5.73 5.79 5.83 5.83 5.85 5.85 5.86 5.92 5.95 5.92 5.90 5.86 5.71 5.72 5.72 5.72 5.72 5.73 5.74 5.74 5.74 5.74 5.68 5.64 5.60 5.56 5.53 5.48 5.50 5.46 5.53 5.50 5.42 5.40 5.37 5.35 5.23 5.17 5.15 5.11 5.11 5.11 5.00 5.00 5.00 5.01 5.01 5.01
3.60 3.59 3.58 3.57 3.66 3.70 3.69 3.68 3.69 3.69 3.70 3.72 3.61 3.66 3.73 3.80 3.88 3.99 4.08 4.17 4.27 4.38 4.49 4.60 4.71 4.81 5.09 5.20 5.28 5.36 5.43 5.49 5.54 5.57 5.60 5.73 5.67 5.68 5.84 5.85 5.86 5.86 5.88 5.98 5.95 5.92 5.89 5.85 5.83 5.69 5.69 5.70 5.70 5.71 5.71 5.73 5.73 5.74 5.67 5.64 5.60 5.57 5.53 5.49 5.46 5.43 5.52 5.53 5.45 5.43 5.41 5.39 5.28 5.27 5.22 5.18 5.17 5.04 5.04 5.04 5.04 5.04 5.05 5.04
3.61 3.60 3.59 3.57 3.61 3.60 3.70 3.68 3.68 3.68 3.69 3.71 3.74 3.64 3.70 3.78 3.86 3.95 4.07 4.16 4.27 4.38 4.49 4.60 4.71 4.98 5.10 5.21 5.25 5.37 5.44 5.50 5.53 5.60 5.61 5.63 5.69 5.73 5.84 5.85 5.89 5.89 5.96 5.98 5.95 5.91 5.88 5.84 5.82 5.80 5.67 5.68 5.68 5.69 5.70 5.71 5.72 5.73 5.66 5.64 5.61 5.57 5.54 5.51 5.49 5.55 5.54 5.52 5.49 5.47 5.45 5.44 5.34 5.33 5.28 5.24 5.09 5.08 5.08 5.08 5.08 5.08 5.09 5.08
3.62 3.61 3.60 3.63 3.61 3.59 3.57 3.56 3.66 3.66 3.67 3.69 3.72 3.77 3.68 3.76 3.85 3.94 4.06 4.16 4.27 4.38 4.49 4.60 4.87 5.00 5.12 5.23 5.26 5.39 5.46 5.52 5.54 5.61 5.63 5.65 5.72 5.76 5.77 5.86 5.90 5.92 5.96 5.94 5.95 5.91 5.88 5.83 5.81 5.79 5.78 5.65 5.66 5.67 5.69 5.71 5.72 5.68 5.66 5.64 5.61 5.58 5.56 5.54 5.51 5.59 5.57 5.56 5.44 5.51 5.50 5.48 5.39 5.37 5.33 5.18 5.16 5.16 5.09 5.11 5.11 5.12 5.11 5.12
3.64 3.63 3.66 3.64 3.61 3.59 3.57 3.54 3.53 3.65 3.65 3.68 3.71 3.76 3.81 3.74 3.84 3.93 4.05 4.15 4.27 4.38 4.49 4.76 4.89 5.01 5.13 5.25 5.28 5.41 5.47 5.50 5.55 5.63 5.66 5.67 5.72 5.79 5.79 5.82 5.94 5.93 5.97 5.94 5.95 5.91 5.84 5.81 5.81 5.79 5.77 5.76 5.76 5.66 5.68 5.69 5.72 5.67 5.66 5.64 5.62 5.61 5.59 5.57 5.54 5.62 5.61 5.47 5.45 5.44 5.40 5.39 5.38 5.29 5.27 5.20 5.19 5.11 5.11 5.11 5.12 5.13 5.10 5.12
3.66 3.70 3.67 3.65 3.62 3.59 3.56 3.54 3.51 3.49 3.50 3.67 3.71 3.75 3.81 3.88 3.96 3.92 4.02 4.15 4.26 4.37 4.64 4.77 4.90 5.03 5.15 5.15 5.24 5.36 5.43 5.48 5.57 5.59 5.62 5.69 5.74 5.82 5.85 5.80 5.84 5.82 5.93 5.95 5.90 5.86 5.79 5.76 5.81 5.79 5.77 5.76 5.76 5.76 5.67 5.69 5.72 5.67 5.66 5.65 5.64 5.63 5.61 5.59 5.57 5.53 5.51 5.49 5.47 5.45 5.42 5.41 5.40 5.31 5.16 5.14 5.13 5.13 5.13 5.13 5.14 5.14 5.16 5.14
3.91 3.72 3.69 3.66 3.63 3.60 3.57 3.54 3.51 3.47 3.51 3.55 3.60 3.64 3.67 3.75 3.84 4.03 4.12 4.27 4.40 4.46 4.59 4.72 4.85 4.97 5.09 5.15 5.25 5.32 5.43 5.47 5.52 5.59 5.62 5.69 5.72 5.72 5.83 5.82 5.86 5.84 5.87 5.84 5.90 5.86 5.78 5.76 5.75 5.74 5.72 5.70 5.74 5.74 5.81 5.82 5.63 5.69 5.53 5.52 5.51 5.52 5.50 5.47 5.54 5.54 5.51 5.49 5.48 5.46 5.28 5.26 5.22 5.22 5.16 5.15 5.14 5.13 5.13 5.13 5.14 5.15 5.16 5.35
3.95 3.91 3.71 3.68 3.65 3.62 3.59 3.56 3.53 3.52 3.53 3.56 3.60 3.65 3.69 3.76 3.84 3.93 4.02 4.13 4.34 4.47 4.59 4.72 4.84 4.96 5.08 5.14 5.23 5.34 5.41 5.46 5.52 5.59 5.63 5.68 5.70 5.75 5.80 5.80 5.89 5.87 5.89 5.86 5.82 5.83 5.80 5.77 5.76 5.74 5.73 5.72 5.74 5.75 5.75 5.64 5.55 5.52 5.51 5.50 5.49 5.50 5.48 5.45 5.53 5.52 5.51 5.49 5.48 5.47 5.27 5.25 5.25 5.22 5.16 5.15 5.14 5.13 5.13 5.13 5.13 5.31 5.34 5.35
3.98 3.94 3.90 3.71 3.68 3.64 3.61 3.58 3.56 3.55 3.56 3.58 3.62 3.66 3.71 3.76 3.84 3.92 4.12 4.23 4.26 4.38 4.51 4.71 4.83 4.95 5.03 5.12 5.21 5.32 5.40 5.46 5.51 5.55 5.61 5.68 5.71 5.76 5.77 5.81 5.84 5.83 5.92 5.88 5.84 5.86 5.82 5.79 5.73 5.76 5.75 5.74 5.75 5.64 5.60 5.63 5.62 5.49 5.48 5.48 5.47 5.48 5.46 5.52 5.51 5.50 5.49 5.48 5.47 5.28 5.25 5.25 5.24 5.16 5.16 5.14 5.13 5.12 5.11 5.30 5.30 5.33 5.34 5.31
4.02 3.98 3.94 3.90 3.86 3.81 3.64 3.61 3.59 3.59 3.59 3.61 3.64 3.66 3.71 3.78 3.84 4.02 4.13 4.23 4.34 4.37 4.50 4.62 4.75 4.90 5.01 5.11 5.20 5.30 5.35 5.43 5.49 5.56 5.60 5.68 5.74 5.76 5.78 5.82 5.85 5.84 5.83 5.83 5.90 5.89 5.85 5.79 5.76 5.79 5.68 5.66 5.64 5.63 5.63 5.62 5.61 5.56 5.54 5.46 5.44 5.43 5.49 5.50 5.49 5.48 5.47 5.47 5.27 5.25 5.22 5.23 5.22 5.15 5.14 5.13 5.11 5.10 5.27 5.27 5.30 5.30 5.30 5.39
4.07 4.03 3.99 3.95 3.90 3.86 3.82 3.78 3.62 3.62 3.61 3.63 3.64 3.68 3.73 3.78 3.94 4.03 4.12 4.24 4.34 4.45 4.56 4.60 4.72 4.80 4.91 5.09 5.19 5.26 5.34 5.42 5.48 5.55 5.60 5.69 5.75 5.77 5.79 5.79 5.86 5.85 5.86 5.84 5.92 5.88 5.88 5.82 5.70 5.67 5.65 5.65 5.63 5.63 5.62 5.61 5.60 5.55 5.52 5.50 5.42 5.40 5.46 5.45 5.44 5.46 5.28 5.26 5.23 5.21 5.22 5.31 5.30 5.27 5.16 5.30 5.29 5.29 5.28 5.28 5.29 5.30 5.38 5.39
4.12 4.08 4.04 3.99 3.95 3.90 3.86 3.82 3.78 3.64 3.64 3.65 4.00 4.04 4.08 3.88 3.96 4.04 4.44 4.53 4.33 4.44 4.54 4.92 4.66 4.78 4.88 4.99 5.07 5.23 5.28 5.38 5.47 5.55 5.62 5.72 5.76 5.78 5.80 5.80 5.87 5.85 5.99 5.84 5.82 5.76 5.80 5.74 5.71 5.68 5.65 5.67 5.64 5.62 5.61 5.63 5.62 5.53 5.51 5.48 5.43 5.47 5.43 5.42 5.42 5.51 5.34 5.32 5.30 5.29 5.35 5.30 5.28 5.27 5.40 5.33 5.32 5.31 5.31 5.30 5.30 5.30 5.40 5.40
4.17 4.14 4.32 4.29 4.25 4.21 4.18 4.09 4.07 4.06 4.04 4.05 4.07 4.11 4.14 4.19 4.34 4.41 4.49 4.58 4.67 4.78 4.83 4.95 5.07 4.74 4.85 4.94 5.04 5.18 5.27 5.36 5.62 5.68 5.74 5.86 5.77 5.80 5.81 5.98 6.00 6.04 6.01 5.98 5.83 5.77 5.67 5.64 5.71 5.67 5.70 5.67 5.65 5.66 5.64 5.63 5.61 5.59 5.58 5.43 5.41 5.45 5.43 5.51 5.50 5.58 5.32 5.37 5.35 5.36 5.34 5.29 5.28 5.40 5.43 5.42 5.34 5.33 5.34 5.33 5.31 5.40 5.40 5.40
4.48 4.44 4.40 4.36 4.32 4.22 4.19 4.16 4.14 4.13 4.13 4.14 4.14 4.17 4.21 4.25 4.40 4.47 4.54 4.63 4.72 4.82 4.92 4.98 5.10 5.15 5.25 5.35 5.00 5.35 5.42 5.55 5.62 5.69 5.78 5.88 5.93 5.96 6.01 6.01 6.02 6.06 6.03 6.00 5.94 5.94 5.66 5.63 5.76 5.72 5.70 5.67 5.65 5.65 5.64 5.62 5.60 5.58 5.56 5.54 5.54 5.45 5.44 5.47 5.49 5.57 5.37 5.36 5.37 5.35 5.34 5.32 5.45 5.45 5.44 5.43 5.43 5.37 5.35 5.34 5.41 5.41 5.40 5.41
4.56 4.53 4.48 4.38 4.33 4.30 4.26 4.24 4.22 4.21 4.20 4.21 4.23 4.24 4.28 4.41 4.47 4.53 4.59 4.67 4.77 4.87 4.97 5.02 5.13 5.18 5.28 5.38 5.15 5.26 5.42 5.50 5.63 5.70 5.79 5.90 5.96 6.00 6.04 6.03 6.04 6.02 6.04 6.01 5.96 5.96 5.81 5.68 5.76 5.72 5.70 5.67 5.67 5.65 5.63 5.61 5.59 5.57 5.54 5.53 5.52 5.57 5.57 5.46 5.53 5.54 5.36 5.37 5.36 5.34 5.47 5.47 5.46 5.46 5.48 5.47 5.46 5.45 5.36 5.35 5.42 5.41 5.41 5.41
4.63 4.55 4.50 4.45 4.40 4.36 4.33 4.31 4.29 4.28 4.28 4.28 4.30 4.32 4.35 4.48 4.53 4.59 4.65 4.73 4.82 4.92 5.02 5.12 5.23 5.34 5.45 5.50 5.14 5.73 5.80 5.87 5.92 5.72 5.80 5.91 5.98 6.04 6.07 6.04 6.05 6.03 6.06 5.99 5.97 5.97 5.95 5.93 5.88 5.85 5.81 5.66 5.66 5.64 5.62 5.60 5.58 5.63 5.61 5.55 5.55 5.55 5.55 5.45 5.44 5.53 5.37 5.36 5.47 5.47 5.47 5.48 5.47 5.50 5.50 5.49 5.47 5.45 5.37 5.35 5.43 5.42 5.42 5.42
