data/EU espacial/P_EU.grd
DSAA
94	94
0.0000	100.0000
0.0000	100.0000
3.0000	8.4751
[rows 38 to 75 of 94, columns 0 to 83 of 94]
4.75 4.70 4.65 4.60 4.47 4.43 4.40 4.37 4.36 4.35 4.35 4.36 4.37 4.40 4.52 4.56 4.61 4.67 4.73 4.80 4.89 4.98 5.08 5.23 5.28 5.39 5.40 5.49 5.54 5.65 5.72 5.91 5.96 6.02 5.79 5.91 5.97 6.03 6.06 6.04 6.05 6.00 5.98 6.00 5.91 5.86 5.83 5.80 5.76 5.85 5.81 5.83 5.72 5.70 5.69 5.67 5.64 5.62 5.59 5.54 5.53 5.53 5.52 5.53 5.53 5.31 5.36 5.34 5.47 5.47 5.48 5.50 5.50 5.50 5.50 5.49 5.47 5.45 5.52 5.52 5.45 5.43 5.43 5.43
4.79 4.76 4.71 4.67 4.63 4.59 4.55 4.44 4.42 4.42 4.42 4.43 4.45 4.47 4.60 4.64 4.69 4.75 4.82 4.89 4.97 5.11 5.20 5.29 5.25 5.34 5.44 5.47 5.57 5.65 5.75 5.80 6.01 6.05 6.10 6.18 5.95 5.99 6.03 6.02 6.01 6.00 5.98 5.91 5.87 5.87 5.83 5.79 5.76 5.78 5.88 5.84 5.80 5.69 5.67 5.66 5.68 5.66 5.64 5.52 5.51 5.51 5.51 5.51 5.31 5.29 5.38 5.55 5.47 5.48 5.50 5.50 5.50 5.50 5.50 5.49 5.48 5.54 5.53 5.52 5.46 5.45 5.44 5.44
4.84 4.81 4.77 4.73 4.69 4.66 4.63 4.60 4.58 4.58 4.58 4.50 4.52 4.64 4.68 4.73 4.78 4.84 4.91 4.98 5.11 5.19 5.28 5.36 5.30 5.39 5.44 5.51 5.60 5.68 5.75 5.82 5.89 6.08 6.12 6.18 6.24 6.25 5.99 6.00 6.00 5.99 5.97 5.90 5.87 5.86 5.82 5.78 5.81 5.78 5.76 5.84 5.82 5.79 5.70 5.68 5.67 5.65 5.63 5.60 5.50 5.49 5.49 5.31 5.29 5.42 5.51 5.52 5.57 5.58 5.52 5.51 5.51 5.51 5.51 5.50 5.56 5.56 5.54 5.54 5.47 5.46 5.45 5.44
4.90 4.87 4.83 4.80 4.76 4.72 4.69 4.67 4.65 4.65 4.66 4.67 4.72 4.81 4.77 4.82 4.88 4.94 5.00 5.12 5.20 5.28 5.36 5.36 5.43 5.52 5.59 5.56 5.70 5.71 5.88 5.85 5.91 6.06 6.10 6.20 6.27 6.24 6.03 6.04 6.19 6.18 5.87 5.89 6.08 5.85 5.81 5.83 5.80 5.78 5.75 5.86 5.82 5.82 5.80 5.68 5.66 5.63 5.61 5.59 5.48 5.47 5.43 5.42 5.41 5.41 5.49 5.54 5.56 5.58 5.52 5.52 5.52 5.52 5.52 5.58 5.58 5.57 5.57 5.56 5.54 5.54 5.45 5.46
4.96 4.93 4.90 4.86 4.83 4.79 4.76 4.74 4.72 4.72 4.73 4.75 4.86 4.91 4.96 5.02 5.08 5.13 5.15 5.22 5.29 5.45 5.52 5.59 5.52 5.58 5.60 5.67 5.71 5.79 5.89 5.95 6.01 6.12 6.21 6.30 6.32 6.26 6.14 6.16 6.15 6.14 6.09 6.10 6.05 5.99 5.98 5.95 5.79 5.77 5.74 5.75 5.86 5.83 5.80 5.77 5.74 5.63 5.61 5.58 5.65 5.44 5.39 5.38 5.37 5.40 5.50 5.52 5.55 5.57 5.61 5.62 5.63 5.67 5.67 5.63 5.74 5.73 5.72 5.71 5.56 5.55 5.54 5.55
5.02 5.00 4.97 4.93 4.90 4.87 4.83 4.81 4.79 4.79 4.81 4.84 4.95 5.01 5.07 5.13 5.23 5.29 5.41 5.47 5.54 5.54 5.54 5.53 5.57 5.60 5.66 5.75 5.73 5.86 5.92 5.98 6.09 6.30 6.33 6.35 6.37 6.31 6.36 6.12 6.12 6.12 6.11 6.07 6.06 6.04 6.00 5.97 5.93 5.92 5.90 5.87 5.96 5.81 5.78 5.75 5.68 5.65 5.62 5.60 5.59 5.39 5.37 5.36 5.38 5.37 5.39 5.40 5.56 5.58 5.68 5.70 5.64 5.68 5.68 5.76 5.76 5.76 5.74 5.73 5.70 5.69 5.68 5.67
5.09 5.06 5.03 5.01 4.98 4.94 4.91 4.88 4.86 4.86 4.88 4.99 5.05 5.16 5.23 5.32 5.39 5.47 5.54 5.56 5.61 5.66 5.67 5.70 5.69 5.67 5.75 5.74 5.79 5.95 6.01 6.08 6.15 6.23 6.38 6.41 6.42 6.42 6.34 6.14 6.15 6.14 6.05 6.09 6.04 6.06 6.02 5.99 5.96 5.94 5.92 5.90 5.98 5.94 5.78 5.75 5.68 5.65 5.61 5.59 5.51 5.38 5.36 5.37 5.36 5.35 5.40 5.43 5.46 5.55 5.69 5.68 5.70 5.71 5.71 5.80 5.79 5.79 5.76 5.75 5.73 5.70 5.68 5.68
5.16 5.14 5.11 5.08 5.05 5.03 4.99 4.96 4.97 4.97 5.02 5.12 5.20 5.29 5.38 5.46 5.50 5.57 5.63 5.69 5.75 5.79 5.84 5.82 5.81 5.83 5.86 5.89 5.94 6.01 6.08 6.15 6.20 6.29 6.42 6.45 6.46 6.47 6.44 6.42 6.25 6.24 6.19 6.11 6.09 6.05 6.01 5.97 5.98 5.97 5.94 5.92 6.01 5.97 5.74 5.76 5.68 5.65 5.54 5.50 5.51 5.51 5.39 5.36 5.34 5.37 5.39 5.42 5.53 5.57 5.67 5.70 5.73 5.80 5.75 5.83 5.83 5.82 5.81 5.79 5.77 5.74 5.70 5.68
5.24 5.21 5.19 5.17 5.14 5.11 5.08 5.10 5.06 5.04 5.13 5.23 5.33 5.40 5.49 5.57 5.65 5.72 5.78 5.84 5.89 5.93 5.97 5.91 5.93 5.94 5.95 5.97 6.00 6.08 6.15 6.21 6.27 6.32 6.48 6.51 6.51 6.50 6.49 6.47 6.44 6.28 6.22 6.16 6.12 6.08 6.03 5.99 6.02 6.00 5.98 5.96 5.97 5.92 5.74 5.71 5.69 5.56 5.46 5.51 5.51 5.42 5.39 5.37 5.40 5.35 5.38 5.47 5.52 5.61 5.65 5.68 5.71 5.80 5.81 5.88 5.89 5.89 5.88 5.86 5.83 5.79 5.75 5.70
5.32 5.33 5.31 5.29 5.27 5.25 5.23 5.23 5.20 5.18 5.26 5.35 5.45 5.55 5.64 5.72 5.80 5.88 5.94 6.00 6.04 6.08 6.08 6.05 6.06 6.07 6.17 6.17 6.11 6.17 6.24 6.30 6.35 6.39 6.57 6.58 6.57 6.57 6.55 6.53 6.49 6.46 6.27 6.25 6.20 6.12 6.07 6.03 6.07 6.05 6.02 6.04 6.00 5.95 5.90 5.71 5.72 5.58 5.48 5.56 5.56 5.59 5.49 5.46 5.43 5.41 5.46 5.52 5.61 5.66 5.70 5.74 5.76 5.79 5.87 5.88 5.90 5.91 5.91 5.90 5.88 5.85 5.82 5.77
5.40 5.41 5.40 5.38 5.37 5.35 5.37 5.36 5.35 5.34 5.42 5.48 5.56 5.71 5.80 5.89 5.97 6.04 6.11 6.16 6.21 6.20 6.23 6.24 6.31 6.32 6.32 6.32 6.25 6.29 6.35 6.39 6.44 6.48 6.65 6.65 6.65 6.63 6.62 6.59 6.56 6.51 6.35 6.31 6.26 6.21 6.13 6.11 6.08 6.10 6.08 6.08 6.03 5.98 5.93 5.88 5.75 5.65 5.63 5.58 5.58 5.62 5.53 5.52 5.50 5.51 5.54 5.58 5.68 5.73 5.76 5.80 5.84 5.91 5.95 5.88 5.99 6.00 6.01 6.00 5.99 5.97 5.95 5.93
5.51 5.51 5.50 5.50 5.49 5.48 5.51 5.49 5.50 5.52 5.57 5.66 5.74 5.83 5.91 6.07 6.15 6.22 6.29 6.34 6.44 6.47 6.39 6.40 6.47 6.47 6.47 6.48 6.49 6.42 6.46 6.51 6.55 6.57 6.74 6.73 6.72 6.71 6.69 6.66 6.63 6.58 6.56 6.37 6.32 6.27 6.23 6.18 6.15 6.08 6.04 6.13 6.07 6.02 5.97 5.97 5.86 5.82 5.71 5.67 5.68 5.69 5.59 5.58 5.58 5.59 5.62 5.67 5.72 5.80 5.85 5.89 5.96 6.00 6.04 5.99 6.01 6.11 6.12 6.13 6.12 6.11 6.10 6.10
5.61 5.61 5.61 5.61 5.62 5.64 5.64 5.65 5.67 5.71 5.76 5.83 5.91 6.01 6.10 6.18 6.29 6.37 6.48 6.59 6.62 6.57 6.59 6.56 6.64 6.63 6.62 6.62 6.63 6.55 6.59 6.62 6.65 6.68 6.84 6.86 6.82 6.80 6.78 6.73 6.79 6.64 6.63 6.41 6.36 6.30 6.30 6.17 6.13 6.09 6.10 6.06 6.11 6.11 6.05 6.01 5.91 5.96 5.93 5.81 5.72 5.74 5.65 5.65 5.66 5.69 5.72 5.77 5.79 5.89 5.94 6.00 6.05 6.10 6.15 6.11 6.14 6.16 6.25 6.26 6.27 6.26 6.26 6.26
5.70 5.71 5.72 5.72 5.73 5.77 5.79 5.82 5.85 5.89 5.95 6.02 6.09 6.18 6.28 6.40 6.49 6.56 6.68 6.73 6.76 6.75 6.77 6.87 6.79 6.78 6.77 6.77 6.76 6.68 6.70 6.74 6.76 6.94 6.94 6.94 6.92 6.90 6.88 6.92 6.86 6.80 6.52 6.47 6.42 6.37 6.31 6.22 6.19 6.15 6.11 6.11 6.21 6.15 6.10 6.02 6.08 6.03 6.01 6.00 5.99 5.70 5.69 5.71 5.73 5.78 5.80 5.84 5.89 5.94 6.00 6.10 6.15 6.21 6.25 6.23 6.27 6.31 6.33 6.34 6.42 6.42 6.43 6.43
5.92 5.93 5.98 5.98 5.99 6.00 5.92 5.97 6.01 6.06 6.12 6.20 6.28 6.36 6.43 6.55 6.64 6.73 6.84 6.93 6.87 6.97 6.97 6.94 6.92 6.90 6.92 6.87 6.88 6.86 6.82 6.83 6.82 7.02 7.01 7.00 6.99 6.97 7.08 7.03 6.97 6.92 6.89 6.58 6.53 6.47 6.36 6.30 6.26 6.18 6.13 6.22 6.19 6.14 6.08 6.10 6.05 6.00 5.99 5.98 5.93 5.77 5.76 5.79 5.82 5.84 5.90 5.95 6.00 6.04 6.09 6.20 6.26 6.26 6.32 6.37 6.43 6.45 6.48 6.51 6.52 6.52 6.53 6.54
6.04 6.09 6.10 6.11 6.13 6.15 6.06 6.10 6.15 6.20 6.27 6.34 6.42 6.50 6.59 6.70 6.79 6.97 7.04 7.11 7.13 7.16 7.15 7.08 7.06 7.05 7.01 6.99 6.98 6.98 6.97 6.91 6.92 7.10 7.09 7.08 7.07 7.19 7.14 7.08 7.03 6.97 6.78 6.64 6.59 6.53 6.42 6.35 6.30 6.22 6.27 6.24 6.22 6.16 6.10 6.03 6.08 6.04 6.03 6.02 5.97 5.81 5.91 5.96 5.91 5.94 5.98 6.07 6.09 6.14 6.19 6.18 6.31 6.36 6.42 6.48 6.54 6.64 6.65 6.68 6.69 6.69 6.71 6.71
6.18 6.19 6.21 6.23 6.25 6.28 6.31 6.34 6.30 6.36 6.43 6.50 6.58 6.68 6.82 6.92 7.01 7.19 7.26 7.37 7.37 7.33 7.30 7.22 7.19 7.17 7.14 7.10 7.09 7.08 7.00 7.00 7.20 7.18 7.17 7.31 7.28 7.24 7.20 7.15 7.08 7.02 6.84 6.81 6.65 6.59 6.47 6.40 6.35 6.36 6.29 6.27 6.21 6.18 6.06 6.06 6.06 6.07 6.06 6.06 6.03 5.85 5.91 6.02 6.08 6.02 6.06 6.16 6.13 6.19 6.21 6.27 6.32 6.45 6.51 6.58 6.66 6.73 6.80 6.85 6.92 6.92 6.87 6.87
6.29 6.31 6.33 6.36 6.39 6.42 6.46 6.50 6.54 6.61 6.57 6.66 6.74 6.83 6.97 7.07 7.17 7.35 7.51 7.55 7.50 7.46 7.43 7.39 7.36 7.28 7.25 7.23 7.19 7.08 7.08 7.29 7.28 7.25 7.39 7.36 7.33 7.30 7.25 7.20 7.14 7.07 6.90 6.86 6.83 6.65 6.59 6.36 6.46 6.39 6.31 6.20 6.14 6.12 6.09 6.04 6.09 6.01 6.09 6.09 6.07 5.86 5.92 6.00 6.11 6.16 6.10 6.16 6.22 6.28 6.29 6.35 6.40 6.45 6.59 6.67 6.76 6.85 6.94 7.01 7.08 7.07 7.06 7.02
6.40 6.42 6.45 6.48 6.52 6.56 6.60 6.65 6.71 6.77 6.83 6.92 7.07 7.15 7.23 7.19 7.36 7.48 7.59 7.66 7.61 7.56 7.52 7.48 7.45 7.41 7.39 7.37 7.37 7.49 7.38 7.36 7.34 7.47 7.43 7.40 7.37 7.35 7.30 7.24 7.19 7.13 6.93 6.88 6.83 6.77 6.65 6.49 6.45 6.33 6.29 6.23 6.17 6.14 6.11 6.06 6.06 6.04 6.12 6.04 6.05 5.87 5.94 6.02 6.06 6.15 6.07 6.13 6.19 6.26 6.33 6.41 6.47 6.52 6.58 6.75 6.85 6.95 7.05 7.13 7.12 7.11 7.09 7.08
6.51 6.54 6.57 6.61 6.65 6.69 6.74 6.80 6.85 6.92 7.06 7.12 7.19 7.27 7.35 7.43 7.44 7.54 7.60 7.63 7.66 7.63 7.59 7.56 7.52 7.49 7.46 7.26 7.43 7.73 7.67 7.62 7.54 7.50 7.47 7.44 7.41 7.37 7.33 7.28 7.23 7.17 6.92 6.92 6.87 6.82 6.68 6.52 6.43 6.35 6.31 6.25 6.19 6.17 6.13 6.08 6.08 6.06 6.04 6.05 6.07 5.88 5.94 5.99 6.06 6.14 6.19 6.17 6.24 6.31 6.38 6.44 6.50 6.57 6.63 6.78 6.87 7.02 7.11 7.17 7.20 7.19 7.19 7.26
6.50 6.66 6.69 6.73 6.77 6.82 6.86 6.94 7.07 7.12 7.18 7.24 7.31 7.37 7.44 7.52 7.58 7.55 7.61 7.64 7.64 7.66 7.57 7.53 7.49 7.46 7.42 7.40 7.37 7.75 7.70 7.60 7.56 7.52 7.49 7.46 7.43 7.40 7.36 7.32 7.27 7.01 6.96 6.97 6.91 6.67 6.59 6.51 6.48 6.38 6.32 6.26 6.19 6.18 6.11 6.14 6.10 6.02 6.00 6.00 6.07 6.09 5.87 5.94 6.04 6.12 6.17 6.26 6.26 6.34 6.42 6.49 6.56 6.63 6.71 6.85 6.94 7.08 7.16 7.22 7.25 7.26 7.33 7.32
6.60 6.64 6.69 6.85 6.90 6.96 7.01 7.13 7.18 7.24 7.29 7.35 7.41 7.47 7.53 7.59 7.61 7.57 7.62 7.65 7.65 7.66 7.61 7.57 7.54 7.51 7.48 7.46 7.43 7.77 7.63 7.58 7.57 7.54 7.42 7.48 7.45 7.42 7.38 7.35 7.30 7.06 7.01 6.90 6.79 6.71 6.63 6.54 6.44 6.41 6.33 6.26 6.20 6.14 6.12 6.06 6.12 6.02 6.00 6.00 6.07 6.09 5.85 5.92 6.01 6.09 6.14 6.24 6.40 6.50 6.60 6.70 6.80 6.68 6.76 6.85 6.93 7.21 7.28 7.32 7.35 7.36 7.38 7.37
6.69 6.74 6.80 6.86 6.92 7.07 7.19 7.24 7.29 7.35 7.40 7.45 7.50 7.55 7.60 7.62 7.66 7.70 7.63 7.65 7.66 7.68 7.67 7.61 7.58 7.55 7.62 7.59 7.47 7.71 7.65 7.59 7.54 7.46 7.43 7.41 7.39 7.43 7.41 7.27 7.22 7.15 7.05 6.95 6.89 6.75 6.66 6.56 6.45 6.42 6.34 6.27 6.21 6.15 6.12 6.06 6.12 6.02 6.00 5.99 6.06 5.76 5.81 5.90 5.97 6.05 6.11 6.21 6.38 6.49 6.60 6.71 6.81 6.72 6.81 6.91 6.98 7.24 7.29 7.34 7.37 7.39 7.41 7.41
6.79 6.84 6.90 7.02 7.07 7.13 7.30 7.34 7.40 7.45 7.50 7.54 7.59 7.63 7.66 7.68 7.71 7.73 7.63 7.65 7.70 7.69 7.74 7.72 7.71 7.68 7.65 7.62 7.87 7.81 7.65 7.59 7.52 7.48 7.44 7.42 7.40 7.42 7.34 7.30 7.25 7.07 7.03 6.89 6.80 6.89 6.79 6.71 6.61 6.53 6.49 6.43 6.21 6.18 6.07 6.15 6.02 5.99 5.92 5.87 5.95 6.07 5.79 5.87 5.93 6.02 6.06 6.17 6.35 6.47 6.58 6.70 6.81 6.94 7.05 7.06 7.12 7.25 7.31 7.35 7.38 7.40 7.43 7.44
6.94 6.99 7.04 7.10 7.16 7.22 7.40 7.45 7.50 7.55 7.59 7.63 7.65 7.69 7.72 7.75 7.82 7.83 7.84 7.74 7.75 7.75 7.74 7.74 7.72 7.69 8.00 7.94 7.88 7.80 7.74 7.65 7.51 7.47 7.45 7.42 7.41 7.44 7.36 7.33 7.16 7.14 7.09 7.02 6.96 6.90 6.79 6.68 6.60 6.51 6.47 6.40 6.34 6.17 6.06 5.99 6.00 5.92 5.91 5.84 5.92 5.69 5.74 5.81 5.88 5.96 6.02 6.14 6.32 6.44 6.56 6.69 6.82 6.94 7.06 7.09 7.14 7.26 7.31 7.35 7.39 7.41 7.41 7.42
7.01 7.06 7.12 7.18 7.24 7.31 7.37 7.55 7.60 7.65 7.69 7.70 7.73 7.76 7.82 7.84 7.85 7.86 7.86 7.85 7.74 7.75 7.74 7.76 7.74 8.03 7.98 7.93 7.87 7.78 7.71 7.63 7.58 7.56 7.44 7.46 7.46 7.46 7.46 7.24 7.22 7.35 7.26 7.17 7.05 6.83 6.78 6.66 6.57 6.45 6.41 6.38 6.31 6.23 6.04 5.97 5.98 5.91 5.89 5.89 5.87 5.86 5.68 5.75 5.81 5.89 5.96 6.08 6.22 6.40 6.53 6.81 6.93 6.94 7.06 7.10 7.15 7.44 7.50 7.35 7.38 7.39 7.41 7.42
7.08 7.13 7.19 7.25 7.32 7.38 7.45 7.52 7.70 7.75 7.76 7.78 7.84 7.86 7.87 7.88 7.88 7.88 7.87 7.86 7.95 7.74 7.76 7.75 8.05 8.00 7.96 7.91 7.85 7.78 7.66 7.59 7.54 7.52 7.52 7.53 7.55 7.49 7.33 7.41 7.41 7.39 7.30 7.19 7.06 6.93 6.71 6.63 6.51 6.42 6.39 6.32 6.28 6.19 6.12 6.16 5.96 5.98 5.84 5.81 5.83 5.81 5.62 5.69 5.74 5.81 5.88 6.01 6.27 6.41 6.62 6.75 6.88 7.02 7.06 7.11 7.34 7.40 7.45 7.51 7.53 7.37 7.40 7.42
7.14 7.19 7.25 7.32 7.38 7.45 7.52 7.58 7.68 7.75 7.88 7.89 7.90 7.90 7.91 7.91 7.91 7.90 7.89 7.87 7.95 7.99 7.75 7.73 8.01 7.96 7.92 7.88 7.84 7.76 7.62 7.55 7.49 7.47 7.49 7.51 7.75 7.58 7.50 7.50 7.41 7.42 7.34 7.19 7.05 6.90 6.68 6.54 6.48 6.38 6.36 6.28 6.21 6.14 6.07 6.22 5.99 6.00 5.80 5.77 5.78 5.68 5.70 5.63 5.67 5.72 5.80 5.94 6.18 6.32 6.55 6.68 6.81 6.95 7.10 7.22 7.27 7.33 7.39 7.45 7.47 7.51 7.37 7.40
7.19 7.25 7.31 7.38 7.44 7.51 7.59 7.66 7.73 7.76 7.92 7.93 7.93 7.94 7.94 7.94 7.93 7.92 7.90 7.88 8.27 8.34 8.27 8.20 8.00 7.96 7.87 7.83 7.78 7.94 7.86 7.78 7.71 7.68 7.67 7.48 7.52 7.55 7.48 7.48 7.45 7.44 7.39 7.28 7.15 7.01 6.65 6.51 6.41 6.46 6.38 6.36 6.20 6.18 6.11 6.13 6.23 6.13 6.06 6.03 6.05 6.03 5.81 5.83 5.94 5.98 6.06 6.17 6.12 6.26 6.39 6.52 6.66 6.81 7.11 7.07 7.13 7.18 7.23 7.29 7.39 7.43 7.48 7.36
7.24 7.30 7.36 7.43 7.51 7.57 7.64 7.68 7.74 7.79 7.83 7.97 7.97 7.97 7.96 7.95 7.93 8.04 8.02 8.11 8.23 8.31 8.24 8.16 7.96 7.92 8.08 8.02 7.96 7.86 7.79 7.72 7.67 7.64 7.42 7.45 7.48 7.50 7.42 7.42 7.41 7.34 7.29 7.19 7.08 6.96 6.74 6.61 6.50 6.41 6.32 6.31 6.21 6.13 6.19 6.07 6.20 6.05 6.02 5.99 6.02 6.00 5.79 5.81 5.92 5.97 6.04 6.12 6.22 6.36 6.48 6.40 6.53 6.88 6.98 7.06 6.99 7.06 7.12 7.18 7.29 7.35 7.40 7.45
7.29 7.36 7.42 7.49 7.55 7.61 7.65 7.71 7.77 7.82 7.90 7.93 8.01 8.00 7.99 7.98 8.06 8.04 8.02 8.28 8.40 8.34 8.45 8.37 8.30 8.05 8.00 7.94 7.88 7.79 7.72 7.67 7.62 7.39 7.40 7.41 7.44 7.45 7.46 7.35 7.33 7.29 7.23 7.10 7.00 6.89 6.78 6.57 6.46 6.35 6.27 6.26 6.15 6.22 6.16 6.11 6.16 6.01 5.99 5.96 5.94 5.76 5.78 5.80 5.83 5.95 6.01 6.08 6.20 6.29 6.39 6.49 6.68 6.77 6.85 6.93 6.85 6.93 7.00 7.07 7.18 7.25 7.31 7.37
7.34 7.40 7.46 7.53 7.59 7.65 7.69 7.78 7.84 7.88 7.92 7.94 7.96 8.04 8.02 8.08 8.06 8.04 8.01 8.24 8.33 8.28 8.39 8.31 8.23 8.16 7.92 7.86 7.81 7.72 7.66 7.61 7.36 7.36 7.37 7.38 7.39 7.40 7.40 7.27 7.24 7.20 7.14 7.06 6.93 6.83 6.73 6.52 6.42 6.32 6.22 6.15 6.25 6.19 6.13 6.08 6.00 5.98 5.95 5.94 5.96 5.75 5.77 5.80 5.83 5.92 5.97 6.02 6.15 6.22 6.30 6.39 6.49 6.65 6.73 6.81 6.70 6.79 6.87 6.96 7.08 7.15 7.22 7.28
7.38 7.44 7.50 7.56 7.64 7.69 7.75 7.81 7.86 7.90 7.93 7.96 7.97 7.98 7.98 8.11 8.09 8.29 8.25 8.34 8.28 8.27 8.33 8.25 8.18 8.10 7.87 7.79 7.71 7.65 7.36 7.34 7.34 7.34 7.34 7.35 7.35 7.35 7.34 7.21 7.17 7.12 7.06 6.98 6.90 6.76 6.66 6.47 6.37 6.28 6.18 6.00 6.22 6.16 6.11 6.06 5.96 5.94 5.93 5.91 5.90 5.75 5.78 5.80 5.83 5.86 5.96 6.00 6.10 6.15 6.22 6.29 6.37 6.46 6.60 6.68 6.75 6.83 6.92 7.00 6.97 7.06 7.14 7.20
7.41 7.47 7.54 7.60 7.66 7.72 7.78 7.83 7.88 7.92 7.95 7.97 7.98 7.99 7.98 8.14 8.11 8.27 8.22 8.34 8.28 8.22 8.29 8.21 8.13 8.05 7.80 7.75 7.67 7.62 7.33 7.32 7.31 7.31 7.32 7.32 7.32 7.31 7.30 7.28 7.11 7.05 6.98 6.91 6.83 6.74 6.59 6.43 6.33 6.24 6.34 6.22 6.23 6.13 6.08 6.04 5.87 5.95 5.90 5.90 5.89 5.77 5.79 5.81 5.83 5.87 5.95 5.98 6.05 6.09 6.14 6.20 6.26 6.34 6.48 6.56 6.63 6.73 6.83 6.92 7.01 6.97 7.05 7.13
7.43 7.49 7.56 7.62 7.68 7.75 7.81 7.86 7.91 7.94 7.97 7.99 8.00 8.00 7.99 8.18 8.31 8.25 8.20 8.30 8.24 8.19 8.13 8.18 8.09 8.01 7.75 7.69 7.61 7.32 7.31 7.30 7.29 7.29 7.30 7.30 7.29 7.28 7.26 7.23 7.05 6.99 6.92 6.85 6.76 6.68 6.53 6.47 6.27 6.40 6.34 6.22 6.23 6.16 6.07 6.02 5.86 5.93 5.93 5.89 5.75 5.78 5.81 5.83 5.85 5.88 5.96 5.97 6.02 6.04 6.07 6.11 6.16 6.22 6.30 6.43 6.53 6.64 6.75 6.85 6.95 7.04 6.97 7.06
7.45 7.52 7.59 7.65 7.71 7.78 7.84 7.89 7.93 7.97 8.00 8.01 8.02 8.21 8.20 8.17 8.14 8.25 8.19 8.27 8.21 8.16 8.11 8.16 8.08 8.00 7.91 7.63 7.56 7.30 7.29 7.29 7.28 7.24 7.24 7.25 7.28 7.26 7.24 7.09 7.03 6.96 6.88 6.80 6.71 6.63 6.52 6.40 6.25 6.40 6.35 6.23 6.24 6.17 6.11 5.86 5.84 5.92 5.93 5.91 5.78 5.81 5.84 5.87 5.91 5.90 5.92 5.97 6.00 6.00 6.01 6.04 6.08 6.13 6.16 6.25 6.43 6.56 6.69 6.80 6.90 6.99 7.13 7.21
7.47 7.54 7.60 7.67 7.74 7.81 7.87 7.92 7.96 8.00 8.02 8.04 8.23 8.22 8.20 8.17 8.14 8.26 8.31 8.24 8.20 8.15 8.10 8.16 8.08 7.99 7.90 7.60 7.52 7.30 7.27 7.26 7.24 7.24 7.25 7.25 7.25 7.26 7.14 7.09 7.02 6.94 6.85 6.77 6.69 6.59 6.48 6.29 6.46 6.43 6.38 6.25 6.27 6.20 6.12 5.94 5.90 6.00 6.02 6.02 5.92 5.95 5.88 5.91 5.95 5.94 5.96 5.95 5.93 5.91 5.90 5.93 5.95 6.00 6.02 6.16 6.31 6.44 6.57 6.69 6.79 6.88 6.97 7.18
7.49 7.57 7.64 7.72 7.79 7.86 7.92 7.97 8.02 8.06 8.09 8.24 8.24 8.23 8.21 8.18 8.15 8.19 8.32 8.25 8.20 8.14 8.08 8.17 8.09 8.00 7.76 7.68 7.28 7.28 7.30 7.29 7.28 7.27 7.28 7.28 7.28 7.23 7.17 7.11 7.03 6.95 6.86 6.78 6.69 6.53 6.43 6.50 6.67 6.46 6.50 6.36 6.31 6.27 6.25 6.00 5.96 5.96 6.08 6.10 6.00 6.03 6.07 6.09 6.12 6.09 5.97 5.96 5.97 5.93 5.92 5.94 5.95 5.95 5.96 6.08 6.28 6.41 6.53 6.65 6.75 6.84 6.93 6.88
