data/EU espacial/pH_EU.grd
DSAA
94	94
0.0000	100.0000
0.0000	100.0000
3.7633	4.9613
[rows 0 to 37 of 94, columns 0 to 83 of 94]
4.40 4.20 4.18 4.15 4.12 4.09 4.06 4.03 4.00 3.97 3.95 3.92 3.90 3.88 3.85 3.84 3.82 3.82 3.81 3.80 3.80 3.79 3.79 3.79 3.79 3.79 3.79 3.79 3.79 3.80 3.80 3.81 3.81 3.82 3.82 3.83 3.84 3.85 3.85 3.86 3.86 3.87 3.88 3.88 3.88 3.89 3.89 3.90 3.91 3.91 3.90 3.90 3.89 3.88 3.87 3.86 3.85 3.84 3.83 3.82 3.81 3.81 3.80 3.80 3.80 3.80 3.81 3.81 3.82 3.83 3.84 3.84 3.85 3.87 3.88 3.90 3.92 3.94 3.96 3.98 4.00 4.02 4.04 4.05
4.22 4.19 4.16 4.13 4.10 4.07 4.04 4.01 3.99 3.96 3.93 3.91 3.88 3.86 3.85 3.83 3.81 3.82 3.81 3.81 3.80 3.80 3.80 3.80 3.80 3.80 3.80 3.80 3.81 3.81 3.82 3.82 3.83 3.84 3.84 3.85 3.85 3.87 3.87 3.87 3.88 3.88 3.89 3.88 3.89 3.89 3.90 3.90 3.91 3.91 3.91 3.90 3.89 3.89 3.87 3.86 3.85 3.84 3.82 3.82 3.81 3.80 3.80 3.79 3.79 3.80 3.80 3.80 3.81 3.82 3.84 3.83 3.84 3.86 3.88 3.90 3.92 3.94 3.96 3.98 4.00 4.02 4.05 4.07
4.20 4.18 4.15 4.12 4.09 4.06 4.03 4.00 3.97 3.94 3.92 3.89 3.87 3.85 3.84 3.82 3.81 3.80 3.82 3.81 3.81 3.82 3.81 3.81 3.81 3.82 3.82 3.82 3.83 3.83 3.84 3.84 3.85 3.86 3.86 3.87 3.87 3.88 3.88 3.89 3.89 3.90 3.90 3.89 3.90 3.91 3.90 3.90 3.92 3.92 3.91 3.90 3.90 3.89 3.88 3.86 3.85 3.84 3.82 3.81 3.80 3.80 3.79 3.79 3.79 3.79 3.79 3.80 3.81 3.82 3.83 3.82 3.84 3.85 3.88 3.90 3.92 3.94 3.96 3.99 4.01 4.04 4.06 4.08
4.19 4.16 4.13 4.10 4.07 4.04 4.01 3.98 3.96 3.93 3.91 3.88 3.86 3.84 3.83 3.82 3.81 3.80 3.82 3.82 3.83 3.83 3.83 3.83 3.83 3.83 3.84 3.83 3.85 3.85 3.86 3.87 3.87 3.88 3.89 3.89 3.89 3.90 3.90 3.90 3.91 3.91 3.90 3.90 3.91 3.92 3.91 3.91 3.93 3.93 3.92 3.91 3.90 3.89 3.88 3.86 3.85 3.83 3.82 3.81 3.80 3.79 3.79 3.78 3.78 3.78 3.78 3.79 3.80 3.81 3.82 3.81 3.83 3.86 3.88 3.90 3.92 3.94 3.97 4.00 4.02 4.05 4.07 4.10
4.18 4.15 4.12 4.09 4.06 4.03 4.00 3.97 3.94 3.92 3.89 3.87 3.86 3.84 3.83 3.82 3.81 3.81 3.83 3.83 3.84 3.84 3.85 3.85 3.85 3.85 3.86 3.87 3.87 3.87 3.88 3.88 3.90 3.90 3.91 3.91 3.92 3.92 3.92 3.92 3.93 3.93 3.91 3.92 3.92 3.93 3.93 3.92 3.94 3.93 3.93 3.91 3.90 3.89 3.88 3.87 3.85 3.83 3.82 3.81 3.80 3.79 3.78 3.77 3.77 3.77 3.78 3.79 3.79 3.81 3.82 3.84 3.83 3.86 3.88 3.90 3.92 3.95 3.98 4.01 4.04 4.06 4.09 4.12
4.17 4.14 4.11 4.08 4.05 4.02 3.99 3.96 3.93 3.91 3.88 3.86 3.85 3.83 3.83 3.82 3.81 3.81 3.81 3.85 3.86 3.86 3.87 3.87 3.87 3.88 3.89 3.90 3.89 3.90 3.90 3.91 3.91 3.93 3.93 3.94 3.94 3.94 3.94 3.94 3.94 3.94 3.94 3.94 3.94 3.94 3.93 3.95 3.95 3.94 3.93 3.92 3.91 3.89 3.88 3.87 3.85 3.83 3.82 3.81 3.80 3.78 3.78 3.77 3.77 3.77 3.77 3.78 3.79 3.80 3.82 3.83 3.84 3.86 3.88 3.90 3.93 3.96 3.99 4.02 4.05 4.08 4.11 4.14
4.15 4.12 4.09 4.06 4.03 4.00 3.97 3.95 3.92 3.90 3.88 3.86 3.84 3.83 3.82 3.82 3.82 3.82 3.82 3.87 3.87 3.88 3.88 3.89 3.90 3.91 3.92 3.93 3.94 3.92 3.93 3.94 3.94 3.95 3.96 3.96 3.96 3.96 3.96 3.96 3.96 3.97 3.96 3.95 3.95 3.95 3.93 3.96 3.95 3.95 3.94 3.93 3.92 3.90 3.89 3.87 3.84 3.83 3.82 3.81 3.79 3.78 3.77 3.77 3.77 3.77 3.77 3.78 3.79 3.80 3.82 3.83 3.84 3.86 3.88 3.91 3.94 3.97 4.00 4.03 4.07 4.10 4.13 4.16
4.12 4.11 4.08 4.05 4.02 3.99 3.96 3.94 3.91 3.89 3.87 3.85 3.84 3.83 3.82 3.82 3.82 3.83 3.83 3.86 3.89 3.90 3.91 3.92 3.93 3.94 3.95 3.96 3.97 3.98 3.96 3.97 3.97 3.97 3.98 3.99 3.99 3.98 3.97 3.98 3.99 3.99 3.97 3.97 3.96 3.95 3.94 3.96 3.96 3.96 3.94 3.93 3.92 3.91 3.89 3.88 3.86 3.83 3.82 3.80 3.79 3.77 3.77 3.77 3.76 3.77 3.77 3.78 3.78 3.80 3.82 3.84 3.86 3.86 3.89 3.92 3.95 3.98 4.01 4.05 4.08 4.12 4.15 4.18
4.11 4.10 4.07 4.04 4.01 3.98 3.95 3.93 3.90 3.88 3.86 3.85 3.84 3.83 3.82 3.82 3.83 3.85 3.87 3.88 3.91 3.92 3.94 3.95 3.96 3.97 3.98 3.99 4.00 4.01 4.01 4.01 4.02 4.00 4.01 4.01 4.01 4.01 3.99 4.02 4.01 3.99 3.99 3.96 3.97 3.96 3.95 3.97 3.97 3.95 3.95 3.94 3.93 3.92 3.90 3.88 3.86 3.84 3.82 3.80 3.79 3.78 3.77 3.77 3.77 3.77 3.77 3.77 3.78 3.80 3.82 3.84 3.86 3.87 3.90 3.93 3.96 3.99 4.03 4.06 4.10 4.14 4.17 4.21
4.11 4.09 4.06 4.03 4.00 3.97 3.95 3.92 3.90 3.88 3.86 3.85 3.84 3.83 3.83 3.83 3.84 3.86 3.88 3.92 3.93 3.95 3.96 3.98 3.99 4.00 4.01 4.02 4.03 4.04 4.04 4.04 4.05 4.06 4.06 4.03 4.04 4.03 4.02 4.04 4.03 4.01 3.98 3.97 3.97 3.97 3.96 3.97 3.97 3.96 3.95 3.95 3.94 3.92 3.91 3.89 3.86 3.84 3.82 3.80 3.79 3.78 3.77 3.76 3.77 3.77 3.77 3.77 3.79 3.80 3.82 3.85 3.87 3.88 3.91 3.94 3.97 4.01 4.04 4.08 4.12 4.16 4.19 4.23
4.10 4.08 4.06 4.02 3.99 3.97 3.94 3.92 3.89 3.88 3.86 3.85 3.84 3.83 3.83 3.84 3.85 3.87 3.89 3.93 3.95 3.97 3.99 4.01 4.02 4.03 4.04 4.05 4.07 4.07 4.08 4.07 4.08 4.09 4.09 4.06 4.07 4.06 4.04 4.03 4.04 4.03 4.00 3.99 3.98 3.98 3.97 3.97 3.96 3.96 3.96 3.95 3.94 3.93 3.92 3.90 3.87 3.84 3.82 3.81 3.79 3.78 3.77 3.77 3.77 3.77 3.77 3.78 3.79 3.80 3.83 3.85 3.87 3.89 3.92 3.95 3.99 4.02 4.06 4.10 4.14 4.18 4.22 4.26
4.09 4.07 4.06 4.01 3.99 3.96 3.93 3.91 3.89 3.87 3.86 3.85 3.84 3.84 3.84 3.85 3.87 3.89 3.91 3.93 3.97 3.99 4.01 4.03 4.05 4.06 4.07 4.08 4.10 4.10 4.11 4.11 4.11 4.12 4.11 4.12 4.09 4.08 4.07 4.05 4.06 4.05 4.01 4.00 3.97 3.96 3.97 3.97 3.97 3.97 3.96 3.96 3.95 3.94 3.93 3.91 3.88 3.85 3.83 3.81 3.80 3.79 3.78 3.77 3.77 3.77 3.78 3.79 3.80 3.82 3.83 3.85 3.87 3.90 3.93 3.96 4.00 4.04 4.08 4.12 4.16 4.20 4.25 4.29
4.09 4.07 4.05 4.03 3.98 3.95 3.93 3.91 3.89 3.87 3.86 3.85 3.85 3.85 3.86 3.87 3.88 3.90 3.92 3.95 4.00 4.02 4.04 4.06 4.08 4.09 4.10 4.11 4.13 4.14 4.14 4.15 4.14 4.14 4.15 4.14 4.14 4.10 4.09 4.06 4.05 4.06 4.03 4.02 3.98 3.97 3.96 3.97 3.97 3.97 3.97 3.96 3.96 3.95 3.93 3.90 3.88 3.85 3.84 3.82 3.80 3.80 3.79 3.78 3.78 3.78 3.79 3.79 3.81 3.83 3.84 3.86 3.88 3.92 3.94 3.98 4.02 4.06 4.09 4.14 4.18 4.23 4.27 4.31
4.08 4.07 4.05 4.04 4.02 4.00 3.93 3.91 3.89 3.88 3.86 3.86 3.85 3.86 3.87 3.88 3.90 3.92 3.94 3.97 4.02 4.04 4.06 4.08 4.10 4.12 4.13 4.14 4.16 4.17 4.17 4.18 4.17 4.17 4.17 4.17 4.17 4.13 4.09 4.08 4.06 4.08 4.04 4.01 3.99 3.98 3.97 3.97 3.97 3.97 3.98 3.97 3.96 3.95 3.94 3.91 3.89 3.87 3.85 3.83 3.82 3.80 3.80 3.79 3.79 3.79 3.80 3.81 3.82 3.84 3.85 3.87 3.90 3.93 3.96 3.99 4.03 4.07 4.11 4.16 4.21 4.25 4.29 4.33
4.08 4.07 4.05 4.03 4.02 3.95 3.93 3.91 3.89 3.88 3.87 3.86 3.87 3.87 3.88 3.90 3.92 3.94 3.96 3.99 4.02 4.06 4.09 4.11 4.13 4.14 4.16 4.17 4.19 4.19 4.20 4.20 4.20 4.20 4.20 4.18 4.17 4.15 4.13 4.11 4.07 4.06 4.07 4.02 4.00 3.99 3.97 3.97 3.97 3.99 3.98 3.97 3.97 3.95 3.94 3.92 3.90 3.88 3.86 3.84 3.83 3.82 3.81 3.81 3.80 3.80 3.82 3.83 3.84 3.85 3.87 3.88 3.90 3.94 3.96 4.01 4.05 4.09 4.13 4.17 4.23 4.27 4.31 4.36
4.08 4.07 4.05 4.03 4.02 4.00 3.93 3.91 3.90 3.89 3.88 3.88 3.88 3.89 3.90 3.91 3.93 3.95 3.98 4.01 4.05 4.08 4.11 4.13 4.15 4.17 4.18 4.19 4.20 4.22 4.23 4.23 4.23 4.24 4.23 4.21 4.20 4.17 4.15 4.13 4.07 4.06 4.04 4.03 4.01 4.00 3.98 3.97 3.98 3.98 3.98 3.98 3.97 3.96 3.94 3.92 3.91 3.89 3.87 3.85 3.84 3.83 3.82 3.82 3.83 3.83 3.83 3.84 3.85 3.86 3.88 3.90 3.92 3.96 3.99 4.03 4.06 4.11 4.15 4.20 4.25 4.29 4.33 4.38
4.08 4.07 4.05 4.04 4.02 4.00 3.99 3.92 3.90 3.89 3.88 3.89 3.89 3.90 3.91 3.93 3.95 3.97 4.00 4.03 4.06 4.10 4.13 4.15 4.17 4.19 4.21 4.22 4.22 4.24 4.25 4.26 4.25 4.25 4.25 4.23 4.21 4.18 4.16 4.14 4.09 4.07 4.05 4.04 4.02 4.00 4.00 3.96 3.98 3.98 3.98 3.98 3.97 3.96 3.95 3.93 3.92 3.90 3.89 3.87 3.86 3.85 3.84 3.83 3.83 3.84 3.85 3.86 3.87 3.88 3.90 3.91 3.94 3.97 4.01 4.04 4.08 4.12 4.17 4.22 4.26 4.31 4.35 4.39
4.08 4.07 4.05 4.04 4.02 4.01 3.99 3.92 3.91 3.90 3.90 3.90 3.90 3.91 3.92 3.93 3.96 3.98 4.01 4.05 4.08 4.12 4.15 4.17 4.19 4.21 4.23 4.24 4.25 4.26 4.26 4.27 4.28 4.27 4.27 4.24 4.23 4.20 4.17 4.15 4.10 4.08 4.06 4.05 4.03 4.02 4.01 4.00 3.98 3.98 3.98 3.98 3.97 3.96 3.96 3.94 3.93 3.91 3.90 3.89 3.88 3.86 3.86 3.85 3.85 3.86 3.87 3.88 3.89 3.90 3.91 3.93 3.96 3.99 4.02 4.06 4.10 4.14 4.18 4.24 4.28 4.32 4.37 4.41
4.08 4.07 4.06 4.04 4.03 4.01 3.94 3.92 3.91 3.90 3.91 3.91 3.91 3.92 3.93 3.95 3.97 3.99 4.03 4.06 4.11 4.14 4.16 4.19 4.21 4.23 4.24 4.26 4.27 4.28 4.28 4.29 4.29 4.29 4.28 4.25 4.23 4.21 4.18 4.16 4.11 4.09 4.07 4.06 4.04 4.02 4.01 3.99 3.97 3.97 3.98 3.98 3.97 3.97 3.96 3.96 3.94 3.92 3.91 3.90 3.90 3.89 3.89 3.88 3.87 3.88 3.89 3.89 3.91 3.91 3.93 3.95 3.98 4.01 4.04 4.08 4.12 4.16 4.20 4.25 4.30 4.34 4.38 4.43
4.08 4.07 4.05 4.04 4.02 4.01 3.95 3.93 3.91 3.90 3.89 3.91 3.92 3.93 3.94 3.96 3.98 4.01 4.04 4.06 4.13 4.15 4.18 4.20 4.22 4.24 4.26 4.27 4.28 4.29 4.29 4.30 4.30 4.30 4.29 4.27 4.24 4.21 4.18 4.15 4.13 4.09 4.07 4.04 4.05 4.02 4.01 3.98 3.97 3.97 3.98 3.98 3.98 3.97 3.97 3.96 3.95 3.93 3.92 3.92 3.91 3.91 3.90 3.90 3.91 3.90 3.90 3.91 3.93 3.95 3.97 3.98 4.00 4.03 4.06 4.09 4.13 4.17 4.23 4.27 4.31 4.35 4.40 4.44
4.08 4.07 4.06 4.04 4.03 4.01 4.00 3.93 3.92 3.91 3.90 3.90 3.91 3.92 3.95 3.97 3.99 4.02 4.04 4.08 4.12 4.16 4.19 4.21 4.22 4.24 4.26 4.27 4.29 4.30 4.30 4.30 4.31 4.30 4.29 4.27 4.25 4.22 4.19 4.15 4.12 4.10 4.07 4.04 4.02 4.02 4.00 3.99 3.96 3.96 3.97 3.98 3.98 3.98 3.98 3.97 3.96 3.95 3.94 3.93 3.93 3.93 3.93 3.93 3.93 3.93 3.93 3.94 3.95 3.97 3.99 4.00 4.01 4.04 4.08 4.11 4.14 4.18 4.22 4.28 4.32 4.36 4.41 4.45
4.09 4.08 4.06 4.05 4.04 4.02 4.01 3.94 3.93 3.92 3.92 3.91 3.92 3.93 3.94 3.96 3.99 4.02 4.06 4.09 4.13 4.16 4.19 4.21 4.24 4.26 4.27 4.29 4.29 4.30 4.30 4.31 4.31 4.30 4.29 4.27 4.25 4.21 4.17 4.14 4.12 4.10 4.07 4.04 4.02 4.01 3.99 3.95 3.95 3.96 3.97 3.97 3.98 3.98 3.98 3.97 3.97 3.96 3.95 3.95 3.95 3.95 3.95 3.95 3.95 3.95 3.96 3.96 3.99 4.00 4.01 4.02 4.03 4.06 4.09 4.13 4.16 4.20 4.24 4.29 4.33 4.37 4.41 4.45
4.10 4.08 4.07 4.06 4.05 4.03 3.97 3.95 3.94 3.94 3.93 3.92 3.93 3.94 3.95 3.97 4.00 4.04 4.07 4.10 4.14 4.17 4.20 4.22 4.25 4.26 4.28 4.29 4.30 4.30 4.30 4.30 4.30 4.30 4.29 4.26 4.25 4.21 4.16 4.14 4.11 4.09 4.06 4.04 4.00 3.98 3.96 3.95 3.95 3.96 3.97 3.97 3.98 3.98 3.98 3.98 3.97 3.97 3.97 3.97 3.96 3.96 3.96 3.96 3.97 3.97 3.98 3.99 4.01 4.02 4.04 4.05 4.06 4.08 4.11 4.14 4.17 4.21 4.25 4.29 4.33 4.38 4.42 4.46
4.10 4.09 4.08 4.07 4.06 4.00 3.98 3.97 3.94 3.93 3.93 3.93 3.94 3.95 3.96 3.98 4.01 4.05 4.08 4.11 4.15 4.18 4.21 4.23 4.25 4.27 4.28 4.29 4.30 4.31 4.30 4.30 4.29 4.29 4.27 4.26 4.23 4.21 4.16 4.14 4.11 4.08 4.06 4.02 3.99 3.97 3.95 3.93 3.94 3.95 3.96 3.97 3.98 3.98 3.98 3.98 3.98 3.98 3.98 3.98 3.98 3.98 3.98 3.98 4.00 4.01 4.01 4.01 4.03 4.04 4.06 4.07 4.08 4.11 4.13 4.15 4.19 4.22 4.26 4.29 4.33 4.37 4.42 4.46
4.11 4.10 4.09 4.08 4.05 4.04 3.98 3.96 3.95 3.94 3.94 3.94 3.94 3.96 3.97 3.99 4.02 4.04 4.08 4.12 4.16 4.19 4.21 4.24 4.26 4.27 4.29 4.29 4.30 4.30 4.30 4.30 4.28 4.27 4.26 4.24 4.22 4.18 4.15 4.13 4.09 4.07 4.04 4.01 3.98 3.96 3.94 3.92 3.93 3.94 3.96 3.97 3.98 3.98 3.98 3.99 3.99 3.98 3.98 3.99 3.99 3.99 4.00 4.01 4.02 4.03 4.04 4.05 4.05 4.06 4.08 4.09 4.11 4.14 4.16 4.18 4.20 4.23 4.27 4.30 4.33 4.37 4.42 4.46
4.12 4.11 4.10 4.08 4.06 4.05 4.04 4.03 3.97 3.96 3.95 3.95 3.96 3.96 3.99 4.00 4.02 4.05 4.09 4.12 4.17 4.19 4.22 4.24 4.26 4.27 4.28 4.29 4.30 4.30 4.30 4.29 4.28 4.27 4.25 4.23 4.21 4.17 4.15 4.12 4.08 4.06 4.02 4.00 3.97 3.95 3.93 3.92 3.93 3.94 3.95 3.97 3.97 3.98 3.99 3.99 3.99 3.99 3.99 3.99 4.00 4.01 4.02 4.03 4.04 4.05 4.06 4.07 4.07 4.08 4.10 4.11 4.13 4.15 4.18 4.20 4.23 4.26 4.28 4.30 4.34 4.37 4.40 4.45
4.13 4.12 4.10 4.09 4.08 4.06 4.05 4.04 4.04 3.97 3.97 3.97 3.97 3.98 3.99 4.01 4.03 4.06 4.10 4.13 4.17 4.20 4.22 4.24 4.25 4.27 4.28 4.29 4.29 4.29 4.29 4.28 4.27 4.26 4.24 4.22 4.18 4.16 4.14 4.11 4.07 4.04 4.01 3.99 3.96 3.94 3.93 3.92 3.93 3.94 3.95 3.96 3.96 3.98 3.99 3.99 3.99 3.99 4.00 4.00 4.02 4.03 4.03 4.04 4.05 4.07 4.08 4.08 4.09 4.10 4.12 4.14 4.15 4.16 4.18 4.21 4.24 4.25 4.28 4.31 4.34 4.37 4.39 4.44
4.14 4.12 4.11 4.10 4.09 4.08 4.07 4.06 4.05 4.04 4.03 3.98 3.98 3.99 4.00 4.01 4.03 4.06 4.09 4.15 4.17 4.20 4.22 4.23 4.25 4.26 4.27 4.28 4.28 4.28 4.28 4.27 4.26 4.24 4.22 4.20 4.17 4.15 4.12 4.08 4.06 4.04 3.99 3.97 3.95 3.93 3.92 3.92 3.93 3.94 3.95 3.95 3.96 3.97 3.98 3.99 3.99 4.00 4.00 4.02 4.03 4.04 4.05 4.06 4.07 4.09 4.10 4.11 4.11 4.12 4.14 4.15 4.17 4.17 4.18 4.21 4.23 4.26 4.28 4.31 4.34 4.37 4.40 4.42
4.14 4.13 4.12 4.11 4.10 4.09 4.08 4.07 4.06 4.05 3.98 3.98 3.98 3.99 4.00 4.01 4.03 4.07 4.09 4.15 4.17 4.19 4.21 4.23 4.24 4.26 4.26 4.27 4.27 4.27 4.27 4.25 4.24 4.23 4.21 4.19 4.17 4.13 4.09 4.07 4.05 4.03 3.99 3.97 3.95 3.93 3.93 3.93 3.93 3.94 3.95 3.96 3.97 3.98 3.99 4.00 3.99 4.00 4.01 4.02 4.03 4.05 4.07 4.08 4.09 4.11 4.12 4.13 4.14 4.16 4.16 4.17 4.17 4.18 4.19 4.21 4.24 4.26 4.29 4.31 4.34 4.36 4.39 4.41
4.15 4.15 4.13 4.12 4.11 4.10 4.09 4.08 4.07 4.00 3.99 3.99 3.99 3.99 4.01 4.02 4.04 4.06 4.08 4.12 4.17 4.19 4.21 4.22 4.24 4.25 4.26 4.26 4.26 4.25 4.24 4.24 4.22 4.22 4.20 4.16 4.14 4.11 4.09 4.07 4.04 4.03 3.99 3.97 3.96 3.93 3.94 3.94 3.94 3.95 3.96 3.97 3.98 3.99 3.99 3.99 4.01 4.01 4.02 4.03 4.04 4.07 4.08 4.09 4.11 4.12 4.13 4.15 4.16 4.17 4.17 4.19 4.19 4.19 4.20 4.22 4.24 4.26 4.29 4.31 4.34 4.36 4.38 4.40
4.16 4.15 4.14 4.13 4.12 4.11 4.10 4.09 4.02 4.01 4.00 4.00 4.00 4.00 4.02 4.02 4.03 4.06 4.09 4.11 4.16 4.18 4.19 4.21 4.23 4.24 4.24 4.25 4.25 4.24 4.23 4.22 4.21 4.20 4.16 4.15 4.13 4.10 4.08 4.06 4.05 4.03 3.98 3.97 3.96 3.94 3.95 3.94 3.96 3.96 3.97 3.97 3.99 3.99 4.01 4.00 4.01 4.01 4.02 4.04 4.05 4.07 4.09 4.09 4.10 4.13 4.15 4.16 4.17 4.18 4.19 4.19 4.20 4.19 4.21 4.23 4.25 4.27 4.29 4.32 4.34 4.35 4.37 4.38
4.17 4.16 4.15 4.14 4.12 4.12 4.11 4.05 4.03 4.02 4.02 4.01 4.01 4.01 4.01 4.02 4.03 4.05 4.08 4.10 4.13 4.17 4.19 4.20 4.21 4.22 4.23 4.23 4.24 4.22 4.19 4.18 4.18 4.17 4.16 4.14 4.11 4.09 4.08 4.06 4.04 4.03 3.98 3.98 3.97 3.94 3.94 3.97 3.97 3.98 3.98 3.99 4.00 4.00 4.01 4.02 4.02 4.02 4.03 4.05 4.06 4.07 4.09 4.10 4.11 4.14 4.16 4.17 4.17 4.19 4.20 4.20 4.21 4.19 4.21 4.23 4.25 4.27 4.28 4.30 4.31 4.33 4.35 4.37
4.17 4.16 4.15 4.14 4.13 4.12 4.12 4.11 4.05 4.04 4.03 4.02 4.01 4.01 4.02 4.03 4.04 4.05 4.06 4.11 4.13 4.14 4.15 4.19 4.20 4.19 4.20 4.22 4.21 4.19 4.18 4.17 4.17 4.16 4.15 4.13 4.10 4.09 4.08 4.06 4.05 4.03 3.99 3.98 3.97 3.97 3.95 3.98 3.99 3.99 4.00 4.00 4.01 4.02 4.02 4.03 4.03 4.03 4.04 4.05 4.07 4.08 4.07 4.08 4.09 4.14 4.16 4.17 4.18 4.20 4.20 4.20 4.21 4.20 4.20 4.21 4.24 4.26 4.28 4.29 4.30 4.32 4.34 4.35
4.18 4.17 4.16 4.15 4.14 4.13 4.12 4.12 4.11 4.05 4.04 4.03 3.99 3.99 4.00 4.03 4.04 4.05 4.04 4.06 4.12 4.13 4.15 4.14 4.17 4.18 4.18 4.19 4.18 4.17 4.17 4.16 4.16 4.15 4.14 4.11 4.10 4.09 4.08 4.06 4.01 4.00 4.00 3.99 3.98 4.01 3.97 4.01 4.01 4.01 4.01 4.03 4.02 4.03 4.04 4.04 4.04 4.05 4.05 4.06 4.07 4.07 4.08 4.09 4.10 4.11 4.13 4.15 4.16 4.18 4.17 4.19 4.20 4.21 4.22 4.21 4.23 4.25 4.26 4.28 4.31 4.31 4.32 4.34
4.18 4.17 4.14 4.13 4.12 4.11 4.10 4.10 4.09 4.09 4.02 4.01 4.01 4.01 4.01 4.02 4.04 4.05 4.06 4.07 4.08 4.09 4.14 4.15 4.15 4.17 4.17 4.16 4.17 4.16 4.16 4.15 4.15 4.14 4.13 4.10 4.10 4.09 4.08 4.04 4.03 4.01 4.01 4.00 3.99 4.02 4.01 4.01 4.02 4.02 4.03 4.04 4.04 4.04 4.04 4.05 4.05 4.06 4.07 4.07 4.08 4.08 4.09 4.10 4.11 4.13 4.15 4.15 4.16 4.17 4.18 4.20 4.21 4.22 4.23 4.24 4.23 4.24 4.25 4.27 4.29 4.30 4.31 4.33
4.16 4.15 4.14 4.13 4.12 4.12 4.11 4.11 4.11 4.10 4.10 4.10 4.03 4.03 4.04 4.04 4.06 4.06 4.07 4.08 4.09 4.10 4.11 4.15 4.16 4.16 4.16 4.15 4.16 4.16 4.15 4.15 4.14 4.14 4.12 4.10 4.09 4.08 4.05 4.05 4.03 4.02 4.01 4.01 4.04 4.03 4.03 4.03 4.03 4.03 4.05 4.05 4.06 4.05 4.05 4.06 4.07 4.07 4.08 4.08 4.09 4.10 4.11 4.12 4.13 4.14 4.15 4.16 4.16 4.18 4.19 4.20 4.21 4.22 4.23 4.25 4.25 4.24 4.25 4.26 4.27 4.29 4.30 4.31
4.16 4.15 4.14 4.14 4.13 4.13 4.12 4.12 4.12 4.12 4.12 4.12 4.13 4.06 4.06 4.07 4.08 4.08 4.09 4.10 4.10 4.11 4.12 4.16 4.17 4.17 4.16 4.16 4.15 4.15 4.14 4.14 4.14 4.13 4.11 4.10 4.09 4.08 4.06 4.05 4.04 4.03 4.02 4.02 4.05 4.05 4.04 4.04 4.04 4.04 4.06 4.07 4.06 4.06 4.07 4.07 4.08 4.08 4.09 4.09 4.10 4.11 4.12 4.13 4.13 4.14 4.16 4.16 4.17 4.19 4.20 4.21 4.22 4.23 4.24 4.25 4.25 4.26 4.25 4.26 4.27 4.28 4.27 4.29
4.16 4.15 4.15 4.14 4.14 4.14 4.14 4.14 4.14 4.14 4.14 4.14 4.15 4.15 4.09 4.10 4.10 4.11 4.11 4.12 4.12 4.13 4.13 4.14 4.18 4.18 4.17 4.16 4.14 4.14 4.13 4.12 4.10 4.12 4.11 4.10 4.09 4.09 4.06 4.06 4.04 4.04 4.04 4.08 4.07 4.06 4.06 4.06 4.06 4.06 4.07 4.08 4.07 4.08 4.08 4.09 4.09 4.10 4.11 4.11 4.12 4.12 4.13 4.14 4.15 4.16 4.16 4.17 4.19 4.20 4.21 4.22 4.23 4.24 4.24 4.25 4.26 4.26 4.24 4.25 4.25 4.25 4.26 4.27
