data/EU espacial/pH_EU.grd
DSAA
94	94
0.0000	100.0000
0.0000	100.0000
3.7633	4.9613
[rows 38 to 75 of 94, columns 0 to 83 of 94]
4.17 4.16 4.16 4.16 4.15 4.15 4.15 4.15 4.15 4.16 4.16 4.17 4.17 4.18 4.19 4.20 4.13 4.13 4.14 4.14 4.14 4.15 4.15 4.16 4.19 4.19 4.18 4.17 4.15 4.16 4.15 4.12 4.11 4.09 4.11 4.10 4.09 4.09 4.07 4.06 4.05 4.10 4.09 4.09 4.08 4.07 4.08 4.07 4.07 4.08 4.09 4.07 4.07 4.08 4.08 4.09 4.11 4.11 4.12 4.12 4.13 4.14 4.15 4.16 4.17 4.18 4.18 4.19 4.20 4.21 4.22 4.23 4.24 4.24 4.25 4.26 4.26 4.26 4.26 4.27 4.24 4.25 4.26 4.26
4.17 4.17 4.17 4.17 4.17 4.17 4.17 4.17 4.17 4.18 4.18 4.19 4.20 4.20 4.22 4.22 4.23 4.17 4.17 4.17 4.17 4.18 4.18 4.17 4.17 4.17 4.19 4.17 4.16 4.15 4.16 4.13 4.11 4.10 4.08 4.07 4.10 4.09 4.07 4.07 4.11 4.11 4.11 4.11 4.11 4.09 4.09 4.08 4.08 4.08 4.09 4.09 4.09 4.09 4.10 4.10 4.11 4.12 4.12 4.14 4.15 4.16 4.16 4.17 4.19 4.19 4.19 4.20 4.22 4.23 4.23 4.24 4.24 4.25 4.26 4.26 4.26 4.26 4.27 4.27 4.23 4.24 4.24 4.25
4.18 4.18 4.18 4.18 4.18 4.18 4.18 4.19 4.19 4.20 4.21 4.21 4.22 4.24 4.25 4.26 4.26 4.27 4.20 4.20 4.21 4.20 4.20 4.20 4.19 4.19 4.20 4.19 4.18 4.17 4.15 4.14 4.13 4.11 4.09 4.05 4.04 4.03 4.08 4.08 4.12 4.12 4.12 4.12 4.12 4.11 4.10 4.09 4.09 4.10 4.10 4.11 4.10 4.11 4.11 4.12 4.12 4.13 4.14 4.15 4.16 4.17 4.18 4.19 4.20 4.20 4.20 4.21 4.22 4.23 4.24 4.24 4.25 4.26 4.26 4.26 4.25 4.25 4.27 4.23 4.23 4.21 4.23 4.22
4.18 4.18 4.18 4.19 4.19 4.19 4.20 4.21 4.22 4.22 4.23 4.24 4.26 4.27 4.28 4.29 4.29 4.30 4.30 4.31 4.24 4.24 4.23 4.21 4.21 4.22 4.22 4.21 4.20 4.18 4.19 4.16 4.15 4.10 4.09 4.08 4.06 4.10 4.13 4.13 4.12 4.12 4.12 4.13 4.12 4.12 4.12 4.10 4.11 4.11 4.12 4.11 4.12 4.12 4.13 4.13 4.14 4.15 4.16 4.17 4.18 4.19 4.19 4.21 4.22 4.22 4.22 4.20 4.21 4.24 4.25 4.25 4.26 4.26 4.27 4.24 4.25 4.23 4.23 4.23 4.23 4.23 4.21 4.21
4.19 4.19 4.19 4.20 4.20 4.21 4.22 4.23 4.24 4.25 4.26 4.27 4.29 4.30 4.31 4.32 4.33 4.34 4.34 4.34 4.34 4.28 4.28 4.27 4.25 4.25 4.22 4.21 4.18 4.20 4.16 4.15 4.14 4.17 4.16 4.14 4.13 4.12 4.12 4.12 4.13 4.13 4.13 4.12 4.12 4.12 4.11 4.12 4.13 4.14 4.14 4.14 4.13 4.14 4.14 4.15 4.16 4.17 4.18 4.18 4.20 4.20 4.20 4.21 4.21 4.20 4.21 4.21 4.22 4.23 4.23 4.24 4.25 4.20 4.20 4.19 4.19 4.19 4.19 4.20 4.20 4.20 4.20 4.21
4.19 4.20 4.20 4.21 4.22 4.23 4.24 4.25 4.26 4.27 4.29 4.30 4.32 4.34 4.35 4.36 4.37 4.37 4.39 4.39 4.38 4.38 4.36 4.33 4.32 4.25 4.24 4.20 4.27 4.19 4.18 4.16 4.21 4.18 4.17 4.15 4.14 4.12 4.10 4.12 4.12 4.12 4.12 4.12 4.13 4.12 4.12 4.13 4.14 4.13 4.14 4.14 4.14 4.17 4.18 4.18 4.18 4.19 4.20 4.20 4.21 4.21 4.21 4.22 4.20 4.21 4.22 4.23 4.21 4.23 4.19 4.20 4.25 4.22 4.22 4.18 4.19 4.19 4.20 4.20 4.20 4.20 4.20 4.21
4.19 4.20 4.21 4.22 4.23 4.24 4.25 4.27 4.28 4.30 4.31 4.35 4.35 4.38 4.40 4.40 4.41 4.42 4.42 4.40 4.40 4.39 4.37 4.36 4.34 4.35 4.24 4.32 4.30 4.28 4.26 4.24 4.22 4.22 4.18 4.17 4.15 4.14 4.12 4.13 4.13 4.13 4.12 4.13 4.13 4.13 4.13 4.15 4.15 4.15 4.15 4.16 4.16 4.16 4.19 4.20 4.20 4.21 4.21 4.21 4.20 4.22 4.22 4.21 4.21 4.22 4.22 4.22 4.23 4.21 4.20 4.22 4.22 4.22 4.23 4.19 4.20 4.20 4.20 4.20 4.20 4.20 4.20 4.21
4.20 4.21 4.22 4.23 4.24 4.26 4.27 4.29 4.32 4.34 4.36 4.39 4.40 4.41 4.43 4.44 4.43 4.44 4.44 4.44 4.44 4.43 4.42 4.39 4.39 4.37 4.34 4.32 4.32 4.30 4.28 4.26 4.25 4.24 4.21 4.18 4.17 4.15 4.14 4.12 4.14 4.14 4.13 4.13 4.12 4.14 4.15 4.15 4.17 4.17 4.17 4.17 4.17 4.18 4.19 4.21 4.21 4.22 4.23 4.22 4.22 4.22 4.22 4.22 4.23 4.22 4.23 4.23 4.21 4.21 4.23 4.23 4.24 4.22 4.22 4.20 4.21 4.21 4.20 4.20 4.20 4.20 4.21 4.21
4.20 4.22 4.23 4.24 4.25 4.27 4.28 4.33 4.35 4.37 4.40 4.42 4.43 4.44 4.45 4.46 4.47 4.47 4.48 4.48 4.47 4.46 4.45 4.43 4.42 4.40 4.37 4.35 4.34 4.32 4.30 4.29 4.27 4.25 4.22 4.20 4.18 4.17 4.15 4.14 4.13 4.14 4.14 4.13 4.13 4.16 4.16 4.16 4.17 4.18 4.18 4.18 4.19 4.20 4.20 4.21 4.23 4.23 4.23 4.23 4.23 4.23 4.23 4.23 4.20 4.23 4.24 4.21 4.22 4.22 4.22 4.23 4.23 4.24 4.23 4.22 4.21 4.21 4.21 4.21 4.21 4.21 4.21 4.21
4.21 4.23 4.24 4.26 4.28 4.31 4.32 4.34 4.36 4.38 4.42 4.43 4.45 4.47 4.48 4.50 4.50 4.51 4.51 4.51 4.50 4.50 4.49 4.46 4.45 4.43 4.41 4.38 4.36 4.34 4.31 4.31 4.29 4.27 4.23 4.21 4.20 4.18 4.16 4.15 4.14 4.12 4.15 4.16 4.16 4.17 4.17 4.17 4.19 4.19 4.19 4.20 4.20 4.21 4.21 4.24 4.24 4.24 4.24 4.24 4.24 4.20 4.20 4.20 4.21 4.21 4.22 4.22 4.22 4.23 4.24 4.24 4.25 4.25 4.25 4.24 4.24 4.23 4.23 4.22 4.22 4.22 4.22 4.22
4.22 4.23 4.25 4.27 4.29 4.32 4.33 4.35 4.38 4.39 4.42 4.45 4.47 4.50 4.52 4.53 4.54 4.54 4.55 4.54 4.54 4.54 4.52 4.50 4.47 4.45 4.43 4.41 4.38 4.36 4.33 4.33 4.31 4.28 4.25 4.23 4.21 4.19 4.17 4.16 4.15 4.13 4.17 4.17 4.17 4.18 4.18 4.17 4.18 4.20 4.20 4.21 4.22 4.24 4.24 4.25 4.24 4.24 4.24 4.25 4.25 4.22 4.22 4.22 4.22 4.23 4.23 4.23 4.24 4.24 4.25 4.26 4.26 4.25 4.26 4.26 4.24 4.24 4.23 4.23 4.23 4.23 4.23 4.23
4.22 4.24 4.26 4.29 4.31 4.33 4.35 4.37 4.39 4.41 4.44 4.47 4.49 4.51 4.53 4.56 4.57 4.58 4.58 4.58 4.57 4.56 4.54 4.53 4.50 4.48 4.46 4.43 4.42 4.37 4.34 4.32 4.31 4.30 4.26 4.24 4.22 4.20 4.18 4.16 4.16 4.14 4.14 4.18 4.18 4.19 4.19 4.18 4.18 4.20 4.21 4.22 4.23 4.25 4.25 4.25 4.24 4.25 4.26 4.22 4.23 4.23 4.23 4.24 4.24 4.23 4.24 4.24 4.24 4.26 4.27 4.27 4.26 4.27 4.27 4.26 4.26 4.25 4.24 4.24 4.24 4.24 4.24 4.24
4.23 4.25 4.28 4.30 4.32 4.35 4.37 4.39 4.41 4.46 4.48 4.51 4.53 4.54 4.56 4.57 4.60 4.61 4.61 4.61 4.60 4.59 4.57 4.56 4.53 4.49 4.47 4.44 4.44 4.39 4.35 4.32 4.31 4.28 4.24 4.22 4.21 4.19 4.18 4.17 4.16 4.16 4.15 4.18 4.19 4.19 4.20 4.19 4.20 4.20 4.22 4.22 4.25 4.24 4.25 4.26 4.25 4.26 4.26 4.23 4.23 4.24 4.25 4.24 4.24 4.25 4.25 4.25 4.26 4.28 4.28 4.27 4.28 4.28 4.28 4.28 4.27 4.27 4.25 4.25 4.25 4.25 4.25 4.25
4.24 4.26 4.29 4.31 4.34 4.36 4.39 4.42 4.45 4.48 4.50 4.53 4.55 4.57 4.59 4.62 4.63 4.64 4.64 4.64 4.63 4.62 4.60 4.58 4.54 4.52 4.49 4.45 4.44 4.40 4.37 4.33 4.30 4.26 4.23 4.21 4.21 4.20 4.18 4.17 4.17 4.16 4.18 4.19 4.19 4.19 4.20 4.19 4.20 4.21 4.21 4.21 4.25 4.25 4.26 4.26 4.22 4.23 4.23 4.24 4.25 4.24 4.25 4.25 4.26 4.26 4.27 4.28 4.28 4.28 4.30 4.29 4.29 4.29 4.30 4.29 4.29 4.28 4.28 4.26 4.26 4.26 4.26 4.26
4.26 4.28 4.30 4.33 4.35 4.38 4.41 4.44 4.47 4.50 4.53 4.55 4.58 4.60 4.63 4.65 4.66 4.66 4.66 4.66 4.66 4.64 4.63 4.59 4.56 4.54 4.49 4.48 4.44 4.42 4.37 4.34 4.33 4.28 4.25 4.23 4.21 4.20 4.18 4.17 4.16 4.15 4.14 4.19 4.19 4.19 4.20 4.19 4.20 4.20 4.21 4.21 4.25 4.26 4.26 4.23 4.24 4.23 4.24 4.25 4.24 4.24 4.26 4.27 4.27 4.27 4.29 4.29 4.30 4.31 4.32 4.31 4.31 4.32 4.32 4.32 4.32 4.30 4.28 4.28 4.28 4.27 4.28 4.28
4.27 4.29 4.32 4.34 4.37 4.40 4.43 4.46 4.49 4.51 4.54 4.57 4.59 4.61 4.63 4.66 4.67 4.68 4.69 4.68 4.67 4.66 4.64 4.60 4.58 4.55 4.53 4.50 4.47 4.44 4.41 4.36 4.33 4.29 4.26 4.23 4.21 4.19 4.17 4.17 4.16 4.15 4.18 4.19 4.19 4.20 4.20 4.21 4.20 4.20 4.21 4.21 4.25 4.26 4.27 4.23 4.25 4.24 4.25 4.25 4.25 4.25 4.26 4.27 4.29 4.28 4.29 4.30 4.33 4.33 4.34 4.35 4.33 4.34 4.34 4.34 4.34 4.31 4.31 4.30 4.30 4.29 4.30 4.30
4.29 4.31 4.33 4.36 4.39 4.41 4.44 4.47 4.50 4.53 4.56 4.59 4.61 4.63 4.66 4.67 4.68 4.70 4.70 4.69 4.68 4.67 4.66 4.62 4.60 4.57 4.54 4.52 4.49 4.45 4.41 4.38 4.33 4.30 4.27 4.24 4.21 4.19 4.17 4.16 4.16 4.16 4.18 4.18 4.20 4.20 4.20 4.21 4.20 4.20 4.21 4.21 4.22 4.27 4.25 4.23 4.23 4.25 4.26 4.26 4.26 4.26 4.27 4.28 4.29 4.30 4.31 4.32 4.34 4.34 4.37 4.37 4.37 4.36 4.36 4.36 4.36 4.34 4.33 4.33 4.32 4.32 4.32 4.30
4.30 4.32 4.35 4.37 4.40 4.43 4.46 4.49 4.52 4.55 4.58 4.61 4.63 4.65 4.67 4.68 4.69 4.69 4.71 4.71 4.71 4.69 4.68 4.65 4.63 4.58 4.55 4.52 4.50 4.46 4.42 4.37 4.33 4.31 4.27 4.24 4.22 4.19 4.18 4.16 4.15 4.16 4.18 4.18 4.19 4.20 4.20 4.20 4.20 4.20 4.21 4.21 4.21 4.26 4.26 4.26 4.24 4.24 4.27 4.27 4.27 4.29 4.30 4.31 4.32 4.33 4.35 4.35 4.36 4.36 4.38 4.39 4.39 4.39 4.38 4.38 4.36 4.36 4.35 4.35 4.34 4.34 4.34 4.32
4.32 4.34 4.36 4.39 4.42 4.45 4.48 4.51 4.54 4.57 4.60 4.63 4.64 4.66 4.68 4.70 4.70 4.71 4.71 4.73 4.72 4.71 4.69 4.67 4.64 4.62 4.58 4.55 4.51 4.47 4.43 4.38 4.34 4.31 4.28 4.25 4.22 4.20 4.18 4.16 4.15 4.14 4.18 4.18 4.18 4.20 4.21 4.21 4.20 4.20 4.20 4.21 4.21 4.26 4.26 4.27 4.24 4.25 4.28 4.29 4.30 4.30 4.31 4.32 4.34 4.36 4.37 4.38 4.38 4.39 4.39 4.40 4.41 4.41 4.41 4.38 4.38 4.38 4.38 4.37 4.37 4.37 4.37 4.37
4.33 4.35 4.38 4.40 4.43 4.46 4.49 4.52 4.55 4.58 4.61 4.63 4.66 4.68 4.70 4.71 4.71 4.72 4.73 4.72 4.74 4.72 4.70 4.68 4.66 4.63 4.59 4.55 4.52 4.48 4.44 4.40 4.35 4.31 4.28 4.25 4.22 4.20 4.18 4.17 4.15 4.14 4.17 4.18 4.18 4.19 4.20 4.21 4.21 4.20 4.20 4.20 4.21 4.22 4.26 4.27 4.25 4.26 4.27 4.30 4.31 4.31 4.33 4.34 4.36 4.38 4.39 4.40 4.41 4.41 4.42 4.42 4.42 4.42 4.42 4.41 4.41 4.40 4.40 4.40 4.40 4.40 4.40 4.39
4.34 4.37 4.39 4.42 4.45 4.48 4.51 4.54 4.56 4.59 4.62 4.65 4.67 4.69 4.71 4.73 4.73 4.74 4.74 4.74 4.73 4.73 4.72 4.69 4.67 4.63 4.60 4.56 4.52 4.48 4.44 4.39 4.35 4.31 4.29 4.26 4.23 4.20 4.18 4.17 4.15 4.17 4.17 4.18 4.18 4.18 4.19 4.19 4.20 4.20 4.19 4.20 4.20 4.23 4.26 4.24 4.25 4.27 4.28 4.30 4.31 4.32 4.35 4.36 4.38 4.39 4.41 4.42 4.43 4.43 4.44 4.44 4.44 4.44 4.44 4.43 4.43 4.43 4.43 4.42 4.42 4.42 4.42 4.42
4.36 4.38 4.41 4.43 4.46 4.49 4.52 4.55 4.58 4.61 4.63 4.66 4.68 4.71 4.72 4.74 4.75 4.75 4.75 4.74 4.74 4.71 4.71 4.70 4.67 4.64 4.61 4.56 4.53 4.48 4.44 4.40 4.36 4.32 4.29 4.26 4.23 4.21 4.19 4.17 4.16 4.18 4.17 4.17 4.18 4.18 4.18 4.19 4.19 4.18 4.19 4.19 4.19 4.20 4.26 4.27 4.25 4.27 4.28 4.31 4.32 4.33 4.36 4.38 4.40 4.41 4.43 4.44 4.44 4.45 4.46 4.46 4.46 4.46 4.46 4.46 4.46 4.45 4.45 4.45 4.45 4.45 4.44 4.44
4.37 4.40 4.42 4.45 4.48 4.50 4.53 4.56 4.59 4.62 4.65 4.67 4.69 4.71 4.73 4.75 4.76 4.77 4.76 4.75 4.74 4.71 4.69 4.70 4.67 4.64 4.59 4.55 4.53 4.48 4.44 4.40 4.36 4.32 4.29 4.26 4.23 4.21 4.19 4.17 4.15 4.14 4.18 4.17 4.17 4.18 4.18 4.18 4.18 4.18 4.18 4.19 4.19 4.20 4.26 4.27 4.25 4.27 4.29 4.32 4.32 4.35 4.37 4.39 4.41 4.43 4.45 4.46 4.46 4.47 4.48 4.48 4.49 4.48 4.48 4.48 4.48 4.48 4.47 4.47 4.47 4.47 4.47 4.46
4.39 4.41 4.44 4.46 4.49 4.51 4.54 4.57 4.60 4.63 4.66 4.68 4.70 4.72 4.72 4.76 4.77 4.77 4.76 4.76 4.73 4.71 4.70 4.68 4.65 4.62 4.59 4.55 4.50 4.46 4.44 4.40 4.36 4.32 4.29 4.26 4.23 4.19 4.19 4.17 4.16 4.17 4.17 4.17 4.17 4.16 4.16 4.16 4.17 4.16 4.17 4.18 4.19 4.22 4.24 4.21 4.26 4.28 4.29 4.33 4.33 4.36 4.38 4.40 4.43 4.45 4.47 4.48 4.48 4.49 4.50 4.50 4.51 4.51 4.50 4.50 4.49 4.50 4.50 4.50 4.49 4.49 4.49 4.49
4.41 4.43 4.45 4.47 4.50 4.52 4.55 4.57 4.60 4.62 4.66 4.69 4.70 4.71 4.73 4.74 4.75 4.75 4.75 4.74 4.72 4.72 4.70 4.68 4.66 4.63 4.59 4.55 4.51 4.46 4.42 4.39 4.36 4.32 4.29 4.26 4.23 4.20 4.19 4.17 4.18 4.18 4.17 4.17 4.16 4.16 4.15 4.15 4.16 4.16 4.17 4.18 4.19 4.22 4.24 4.25 4.24 4.28 4.30 4.33 4.34 4.38 4.40 4.41 4.43 4.45 4.48 4.49 4.50 4.51 4.52 4.53 4.53 4.53 4.53 4.52 4.52 4.52 4.52 4.52 4.52 4.51 4.52 4.52
4.42 4.44 4.46 4.49 4.51 4.53 4.56 4.58 4.60 4.63 4.65 4.68 4.70 4.72 4.74 4.75 4.75 4.75 4.75 4.75 4.73 4.72 4.70 4.68 4.66 4.62 4.59 4.55 4.51 4.46 4.43 4.39 4.35 4.32 4.29 4.25 4.22 4.20 4.18 4.18 4.19 4.17 4.16 4.16 4.15 4.14 4.15 4.15 4.17 4.14 4.16 4.18 4.19 4.22 4.24 4.26 4.24 4.28 4.32 4.33 4.35 4.38 4.41 4.42 4.44 4.46 4.49 4.51 4.52 4.53 4.54 4.55 4.55 4.55 4.55 4.54 4.54 4.53 4.53 4.54 4.54 4.54 4.54 4.54
4.44 4.46 4.47 4.50 4.52 4.54 4.56 4.59 4.61 4.63 4.66 4.68 4.71 4.72 4.74 4.75 4.75 4.75 4.75 4.75 4.73 4.72 4.70 4.68 4.65 4.62 4.59 4.55 4.51 4.48 4.44 4.40 4.35 4.32 4.29 4.26 4.23 4.21 4.21 4.20 4.19 4.18 4.17 4.16 4.16 4.15 4.16 4.15 4.14 4.14 4.15 4.16 4.19 4.22 4.24 4.23 4.25 4.30 4.33 4.35 4.36 4.39 4.42 4.43 4.46 4.48 4.51 4.52 4.53 4.55 4.56 4.56 4.57 4.57 4.57 4.56 4.55 4.55 4.55 4.55 4.55 4.56 4.56 4.56
4.45 4.47 4.49 4.51 4.53 4.55 4.57 4.59 4.62 4.64 4.67 4.69 4.71 4.72 4.74 4.75 4.75 4.75 4.75 4.75 4.73 4.72 4.70 4.68 4.65 4.62 4.59 4.55 4.52 4.48 4.44 4.40 4.36 4.33 4.30 4.27 4.25 4.22 4.22 4.21 4.20 4.19 4.18 4.17 4.17 4.16 4.17 4.16 4.15 4.15 4.16 4.17 4.18 4.23 4.24 4.23 4.29 4.32 4.34 4.36 4.37 4.38 4.40 4.44 4.47 4.49 4.52 4.53 4.55 4.56 4.57 4.58 4.58 4.59 4.59 4.57 4.57 4.57 4.57 4.56 4.57 4.57 4.58 4.58
4.46 4.48 4.50 4.52 4.54 4.56 4.58 4.61 4.64 4.66 4.68 4.69 4.71 4.72 4.73 4.74 4.75 4.75 4.75 4.74 4.73 4.71 4.69 4.67 4.63 4.60 4.59 4.55 4.52 4.49 4.45 4.41 4.37 4.33 4.30 4.25 4.24 4.22 4.22 4.22 4.20 4.19 4.18 4.18 4.17 4.16 4.18 4.18 4.16 4.17 4.17 4.19 4.20 4.22 4.24 4.23 4.23 4.29 4.33 4.36 4.37 4.39 4.41 4.43 4.47 4.49 4.52 4.53 4.56 4.57 4.58 4.59 4.59 4.60 4.57 4.56 4.59 4.59 4.58 4.58 4.59 4.57 4.57 4.57
4.47 4.49 4.51 4.53 4.55 4.57 4.59 4.62 4.64 4.66 4.68 4.70 4.71 4.72 4.74 4.74 4.75 4.75 4.75 4.74 4.72 4.70 4.68 4.66 4.63 4.60 4.58 4.55 4.51 4.49 4.45 4.41 4.37 4.33 4.29 4.27 4.26 4.24 4.24 4.23 4.22 4.21 4.20 4.20 4.19 4.18 4.18 4.18 4.17 4.18 4.19 4.20 4.23 4.24 4.24 4.24 4.25 4.28 4.35 4.37 4.38 4.40 4.42 4.44 4.48 4.50 4.53 4.55 4.56 4.58 4.58 4.60 4.61 4.59 4.59 4.58 4.58 4.60 4.60 4.59 4.59 4.60 4.60 4.60
4.48 4.50 4.52 4.54 4.55 4.57 4.60 4.62 4.64 4.65 4.67 4.69 4.70 4.72 4.73 4.74 4.74 4.74 4.74 4.72 4.70 4.69 4.66 4.64 4.62 4.60 4.57 4.54 4.51 4.49 4.45 4.41 4.38 4.33 4.31 4.29 4.28 4.26 4.25 4.25 4.24 4.24 4.23 4.22 4.21 4.20 4.20 4.19 4.19 4.19 4.21 4.22 4.25 4.25 4.27 4.28 4.27 4.30 4.32 4.38 4.41 4.41 4.44 4.46 4.48 4.52 4.55 4.56 4.58 4.59 4.60 4.60 4.61 4.60 4.60 4.60 4.60 4.60 4.61 4.61 4.61 4.62 4.62 4.62
4.50 4.51 4.52 4.54 4.55 4.58 4.60 4.61 4.63 4.65 4.67 4.68 4.70 4.71 4.72 4.73 4.74 4.74 4.73 4.71 4.69 4.68 4.65 4.63 4.61 4.59 4.57 4.54 4.52 4.49 4.45 4.42 4.37 4.35 4.33 4.32 4.29 4.28 4.27 4.27 4.27 4.26 4.25 4.24 4.23 4.22 4.22 4.21 4.21 4.22 4.22 4.24 4.26 4.27 4.29 4.30 4.30 4.32 4.34 4.36 4.38 4.43 4.45 4.47 4.50 4.53 4.55 4.57 4.59 4.60 4.61 4.61 4.62 4.62 4.62 4.61 4.62 4.63 4.63 4.63 4.63 4.63 4.64 4.64
4.51 4.52 4.53 4.55 4.56 4.58 4.59 4.61 4.63 4.64 4.66 4.67 4.69 4.71 4.72 4.72 4.73 4.70 4.70 4.70 4.68 4.65 4.65 4.63 4.61 4.59 4.57 4.54 4.54 4.50 4.43 4.41 4.39 4.37 4.36 4.34 4.32 4.30 4.29 4.30 4.29 4.28 4.27 4.27 4.26 4.25 4.24 4.24 4.24 4.24 4.25 4.26 4.29 4.30 4.31 4.33 4.33 4.34 4.36 4.38 4.40 4.44 4.47 4.49 4.51 4.53 4.57 4.58 4.60 4.61 4.62 4.63 4.63 4.62 4.63 4.64 4.64 4.65 4.65 4.66 4.66 4.66 4.66 4.66
4.51 4.53 4.54 4.55 4.57 4.58 4.60 4.61 4.63 4.64 4.66 4.67 4.68 4.70 4.71 4.72 4.69 4.69 4.69 4.68 4.67 4.64 4.64 4.63 4.61 4.59 4.58 4.55 4.54 4.50 4.46 4.44 4.42 4.40 4.38 4.36 4.34 4.33 4.32 4.31 4.31 4.30 4.30 4.29 4.28 4.28 4.26 4.26 4.27 4.27 4.27 4.29 4.30 4.33 4.34 4.36 4.38 4.37 4.38 4.40 4.42 4.43 4.48 4.51 4.53 4.55 4.58 4.59 4.61 4.62 4.63 4.64 4.64 4.64 4.65 4.66 4.66 4.67 4.68 4.68 4.68 4.68 4.69 4.69
4.52 4.53 4.54 4.55 4.57 4.58 4.60 4.61 4.62 4.64 4.65 4.66 4.68 4.68 4.68 4.68 4.68 4.68 4.67 4.67 4.66 4.65 4.64 4.63 4.62 4.60 4.58 4.56 4.55 4.50 4.49 4.47 4.45 4.43 4.41 4.38 4.37 4.36 4.34 4.33 4.34 4.33 4.32 4.32 4.31 4.30 4.29 4.30 4.29 4.29 4.30 4.32 4.33 4.35 4.37 4.38 4.41 4.39 4.41 4.43 4.44 4.46 4.48 4.52 4.54 4.57 4.59 4.61 4.60 4.62 4.63 4.64 4.65 4.67 4.68 4.68 4.69 4.70 4.70 4.70 4.70 4.70 4.71 4.71
4.53 4.54 4.54 4.56 4.57 4.58 4.59 4.61 4.62 4.63 4.65 4.66 4.66 4.67 4.68 4.67 4.67 4.68 4.66 4.66 4.65 4.65 4.63 4.63 4.61 4.60 4.58 4.56 4.56 4.53 4.51 4.49 4.47 4.44 4.42 4.41 4.40 4.38 4.37 4.36 4.35 4.34 4.33 4.34 4.34 4.33 4.32 4.32 4.32 4.32 4.33 4.35 4.37 4.38 4.39 4.43 4.44 4.42 4.44 4.44 4.46 4.48 4.50 4.52 4.54 4.58 4.61 4.61 4.62 4.64 4.65 4.66 4.67 4.69 4.71 4.71 4.71 4.72 4.73 4.73 4.73 4.73 4.73 4.73
4.53 4.53 4.54 4.56 4.57 4.58 4.59 4.60 4.62 4.63 4.64 4.65 4.65 4.66 4.67 4.67 4.67 4.65 4.65 4.65 4.65 4.64 4.63 4.63 4.62 4.61 4.59 4.58 4.58 4.56 4.52 4.50 4.49 4.47 4.45 4.43 4.42 4.41 4.40 4.39 4.38 4.37 4.36 4.35 4.34 4.34 4.36 4.35 4.35 4.36 4.36 4.38 4.40 4.41 4.44 4.46 4.48 4.45 4.47 4.48 4.49 4.51 4.52 4.54 4.56 4.60 4.62 4.63 4.64 4.65 4.67 4.68 4.69 4.71 4.73 4.73 4.74 4.74 4.75 4.75 4.76 4.76 4.76 4.75
4.53 4.53 4.54 4.55 4.56 4.58 4.59 4.60 4.61 4.62 4.63 4.62 4.63 4.63 4.64 4.64 4.65 4.65 4.65 4.65 4.64 4.64 4.64 4.64 4.63 4.62 4.61 4.60 4.61 4.58 4.55 4.53 4.51 4.50 4.48 4.46 4.45 4.46 4.43 4.42 4.41 4.40 4.39 4.38 4.37 4.37 4.39 4.37 4.39 4.39 4.42 4.42 4.44 4.45 4.46 4.50 4.51 4.53 4.50 4.52 4.52 4.54 4.55 4.57 4.59 4.59 4.59 4.62 4.64 4.65 4.68 4.70 4.71 4.72 4.74 4.75 4.76 4.76 4.77 4.77 4.76 4.76 4.76 4.76
