data/EU espacial/SB_EU.grd
DSAA
94	94
0.0000	100.0000
0.0000	100.0000
18.8705	59.7227
[rows 0 to 33 of 94, columns 0 to 76 of 94]
46.80 30.22 29.68 29.16 28.67 28.20 27.76 27.12 26.74 26.39 26.09 25.83 25.61 25.43 25.36 25.26 25.20 25.01 25.01 24.99 24.94 24.83 24.83 24.86 24.92 25.39 25.55 24.08 24.37 24.39 24.67 24.94 24.85 25.06 25.39 25.54 25.67 25.48 25.64 25.66 25.66 25.65 25.60 26.01 25.87 25.71 25.58 25.40 24.69 24.67 24.91 24.81 24.69 24.56 24.44 24.46 24.27 24.04 24.16 24.05 23.91 23.80 23.71 23.62 23.61 23.64 24.10 24.22 24.36 24.54 24.73 25.99 26.33 26.70 27.09 27.48 27.87
30.11 29.75 29.26 28.75 28.26 27.79 27.34 26.93 26.55 25.98 25.67 25.41 25.19 25.02 24.95 24.85 24.80 24.63 24.62 24.61 24.60 24.52 24.55 24.61 24.69 24.80 25.37 24.09 24.40 24.71 24.76 25.05 24.99 25.22 25.52 25.67 25.81 25.64 25.82 25.84 25.84 25.83 25.81 26.20 26.05 25.89 25.75 25.56 24.75 25.04 24.95 24.84 24.70 24.55 24.58 24.37 24.15 23.90 23.99 23.85 23.69 23.57 23.48 23.39 23.39 23.45 23.87 23.99 24.14 24.33 24.53 25.84 26.21 26.60 27.02 27.45 27.86
29.45 29.14 28.72 28.26 27.78 27.32 26.87 26.46 26.08 25.74 25.22 24.96 24.75 24.58 24.51 24.42 24.38 24.37 24.20 24.21 24.23 24.30 24.25 24.34 24.46 24.60 23.37 24.10 24.44 24.78 24.87 25.18 25.48 25.49 25.66 25.82 25.95 25.81 26.00 26.02 26.02 26.01 26.04 26.40 26.24 26.15 25.93 25.73 24.46 25.09 25.00 24.87 24.72 24.76 24.52 24.27 24.01 23.75 23.55 23.63 23.45 23.31 23.22 23.15 23.17 23.21 23.28 23.75 23.92 24.11 24.32 25.70 26.09 26.49 26.97 27.39 27.83
28.81 28.52 28.14 27.71 27.25 26.80 26.36 25.95 25.57 25.23 24.94 24.69 24.28 24.12 24.06 23.98 23.94 23.94 23.78 23.80 23.87 23.95 24.05 24.07 24.23 23.09 23.42 24.22 24.50 24.86 25.23 25.33 25.64 25.65 25.82 25.98 26.12 26.23 26.19 26.21 26.22 26.20 26.76 26.60 26.48 26.31 26.12 25.91 24.88 24.80 25.06 24.92 24.74 24.74 24.47 24.18 23.88 23.65 23.36 23.09 23.19 23.04 22.94 22.91 22.91 22.96 23.04 23.15 23.68 23.88 24.11 25.56 25.97 26.45 26.90 27.35 27.80
28.19 27.90 27.54 27.13 26.70 26.25 25.82 25.41 25.03 24.69 24.40 24.17 23.98 23.65 23.61 23.53 23.49 23.50 23.36 23.40 23.48 23.59 23.74 23.81 22.76 23.12 23.49 23.86 24.58 25.03 25.43 25.81 25.77 25.83 26.01 26.17 26.30 26.41 26.40 26.42 26.42 26.40 26.98 26.81 26.65 26.48 26.30 26.99 24.99 24.91 24.79 24.99 25.02 24.74 24.42 24.08 23.74 23.48 23.15 22.85 22.60 22.75 22.68 22.64 22.64 22.69 22.79 22.92 23.43 23.65 23.89 24.14 25.86 26.37 26.84 27.31 27.79
27.60 27.30 26.95 26.55 26.13 25.70 25.26 24.85 24.47 24.14 23.86 23.63 23.46 23.34 23.26 23.08 23.05 23.07 23.13 22.99 23.09 23.24 23.43 22.55 22.78 23.18 23.58 23.99 24.31 25.24 25.67 26.08 26.46 26.04 26.22 26.38 26.50 26.75 26.63 26.64 26.63 26.61 26.69 26.99 26.82 26.64 26.46 25.12 25.10 25.04 24.92 24.98 25.08 24.75 24.38 23.99 23.60 23.29 22.93 22.61 22.33 22.49 22.39 22.35 22.36 22.43 22.53 22.68 22.86 23.43 23.68 23.94 25.75 26.31 26.79 27.28 27.78
27.03 26.72 26.37 25.98 25.57 25.14 24.71 24.29 23.91 23.57 23.30 23.10 22.95 22.84 22.78 22.76 22.63 22.65 22.73 22.59 22.73 22.92 22.09 22.52 22.98 23.26 23.72 24.16 24.50 25.49 25.96 26.39 26.57 26.86 26.47 26.62 26.73 26.97 26.88 26.88 26.86 26.43 26.84 27.17 26.99 26.80 27.52 25.21 25.22 25.18 25.07 25.13 24.81 24.78 24.35 23.91 23.54 23.10 22.71 22.35 22.13 21.91 22.09 22.05 22.08 22.16 22.28 22.45 22.65 23.21 23.47 23.75 25.65 26.26 26.75 27.26 27.78
27.59 26.18 25.82 25.44 25.03 24.60 24.16 23.74 23.34 23.00 22.74 22.57 22.45 22.37 22.33 22.32 22.34 22.27 22.35 22.43 22.40 21.61 22.05 22.52 23.03 23.40 23.90 24.39 24.76 25.21 26.31 26.77 26.93 27.22 27.07 26.89 26.98 27.22 27.26 27.13 26.65 26.63 27.00 27.34 27.14 27.92 27.61 25.29 25.32 25.32 25.52 25.31 24.96 24.49 24.33 23.82 23.39 22.92 22.49 22.17 21.86 21.63 21.50 21.78 21.81 21.90 22.04 22.23 22.45 22.69 23.29 24.02 24.37 26.21 26.73 27.26 27.80
27.14 25.66 25.31 24.92 24.52 24.09 23.65 23.21 22.79 22.42 22.19 22.07 21.99 21.94 21.92 21.93 21.97 21.99 21.91 22.09 20.97 21.61 22.09 22.58 23.15 23.76 24.18 24.69 25.08 25.58 26.05 27.18 27.57 27.64 27.50 27.60 27.74 27.49 27.47 26.91 26.87 27.26 27.14 27.57 27.29 28.00 27.68 25.34 25.40 25.75 25.70 25.53 25.14 24.59 24.01 23.38 23.24 22.76 22.31 21.96 21.60 21.37 21.27 21.53 21.57 21.66 21.82 22.05 22.29 22.54 23.37 23.92 24.27 26.19 26.73 27.28 27.84
26.71 26.27 24.83 24.45 24.04 23.62 23.19 22.74 22.30 21.87 21.69 21.64 21.60 21.58 21.58 21.62 21.67 21.70 21.75 20.47 20.97 21.73 22.23 22.71 23.38 24.09 24.73 25.11 25.48 26.06 26.56 27.65 28.04 27.99 28.17 28.06 27.85 28.13 27.69 27.15 27.08 27.47 27.95 27.72 27.50 28.07 27.73 25.36 25.44 25.81 25.83 25.79 25.29 24.65 24.03 23.34 23.11 22.65 22.19 21.82 21.37 21.15 21.12 21.09 21.40 21.44 21.67 21.92 22.17 22.43 23.30 23.84 24.21 26.19 26.75 27.32 27.90
26.31 25.87 25.40 24.01 23.62 23.21 22.78 22.36 21.94 21.56 21.38 21.32 21.30 21.30 21.33 21.39 21.49 20.26 20.55 20.86 21.42 22.00 22.56 23.14 23.85 24.60 25.28 25.75 26.20 26.72 27.20 28.24 28.59 28.49 28.63 28.56 28.24 28.08 28.28 28.17 27.78 27.62 28.11 27.85 27.61 28.13 27.78 25.39 25.74 25.77 25.77 25.67 25.24 24.64 23.90 23.26 22.86 22.45 22.19 21.84 21.42 21.18 21.11 21.07 21.04 21.44 21.62 21.86 22.11 22.36 23.28 23.62 25.90 26.21 26.78 27.37 27.97
25.95 25.51 25.03 23.62 23.24 22.84 22.45 22.06 21.69 21.39 21.20 21.11 21.08 21.10 21.15 21.25 20.04 20.36 20.74 21.50 21.77 22.40 23.06 23.75 24.50 25.27 26.01 26.68 27.05 27.55 27.98 28.93 29.23 29.05 29.13 28.82 28.66 28.48 28.37 28.48 27.95 27.77 28.25 27.97 28.67 28.29 25.22 25.32 25.65 25.64 25.58 25.41 25.06 24.47 23.91 23.34 23.01 22.61 22.12 21.66 21.62 21.37 21.23 21.16 21.12 21.52 21.66 21.86 22.09 22.95 23.29 23.63 25.90 26.26 26.84 27.44 28.06
25.62 25.17 24.70 24.21 22.90 22.53 22.16 21.81 21.49 21.23 21.05 20.95 20.92 20.95 19.50 19.79 20.12 20.50 21.17 21.83 22.18 22.87 23.62 24.41 25.23 26.06 26.86 27.58 27.98 28.45 28.82 29.08 29.93 29.67 29.32 29.23 28.50 28.89 28.72 28.75 29.01 27.89 28.38 28.08 28.73 28.33 27.97 25.52 25.51 25.48 25.38 25.19 24.79 24.38 23.92 23.66 23.17 22.81 22.34 21.90 21.52 21.59 21.41 21.30 21.25 21.62 21.74 21.91 22.11 23.00 23.33 23.66 25.94 26.55 26.91 27.53 28.17
25.33 24.88 24.42 23.93 22.74 22.30 21.91 21.59 21.31 21.08 20.91 20.82 20.79 19.25 19.52 19.84 20.21 20.65 21.45 22.17 22.60 23.36 24.19 25.08 26.00 26.91 27.78 28.57 29.00 29.43 29.74 29.93 30.69 30.33 29.83 29.65 28.90 29.29 29.30 29.04 29.22 28.01 28.50 29.21 28.77 28.35 27.96 25.39 25.37 25.31 25.08 24.90 24.65 24.32 23.93 23.77 23.33 22.89 22.58 22.16 21.78 21.47 21.61 21.48 21.41 21.75 21.85 21.99 22.80 23.09 23.40 23.72 25.99 26.60 27.00 27.63 28.24
25.06 24.61 24.15 23.67 23.18 21.97 21.67 21.38 21.14 20.93 20.78 20.70 19.05 19.28 19.56 19.90 20.30 20.78 21.70 22.50 23.38 23.85 24.76 25.75 26.77 27.80 28.77 29.64 30.07 30.50 30.74 30.82 30.79 30.22 30.01 30.05 29.81 29.68 29.71 29.40 29.32 29.00 27.69 29.26 28.79 28.36 27.95 25.25 25.22 25.03 24.91 24.75 24.54 24.27 23.95 23.88 23.50 23.10 22.82 22.42 22.05 21.73 21.47 21.67 21.57 21.53 21.98 22.10 22.92 23.20 23.50 23.81 24.13 26.55 27.27 27.60 28.31
24.81 24.37 23.92 23.45 22.97 22.48 21.43 21.17 20.94 20.77 20.64 18.91 19.08 19.30 19.59 19.95 20.38 21.19 21.94 22.79 23.74 24.30 25.30 26.38 27.52 28.69 29.81 30.85 31.37 31.64 31.79 31.75 30.79 30.84 30.50 30.29 29.93 30.12 29.73 29.39 29.65 29.32 29.52 29.29 28.81 28.36 27.92 25.14 24.95 24.87 24.76 24.62 24.44 24.23 24.30 24.01 23.68 23.31 23.08 22.67 22.30 21.97 21.71 21.49 21.75 21.70 22.09 22.20 23.07 23.33 23.62 23.92 26.18 26.60 27.27 27.78 28.49
24.59 24.16 23.71 23.25 22.78 22.31 21.83 20.97 20.76 20.60 20.48 18.94 19.10 19.31 19.60 19.98 20.43 21.36 22.14 23.04 24.05 24.70 25.76 26.94 28.22 29.56 30.86 31.99 32.62 32.85 32.86 31.92 31.55 30.77 30.97 30.68 30.21 30.29 29.88 29.51 29.83 29.47 29.60 29.92 28.83 28.35 28.89 25.01 24.82 24.73 24.61 24.49 24.35 24.21 24.38 24.17 23.89 23.55 23.16 22.92 22.54 22.21 21.93 21.71 21.54 21.85 22.22 22.32 23.24 23.50 23.77 24.22 26.15 26.76 27.42 28.13 28.69
24.41 23.98 23.54 23.08 22.62 22.16 21.69 20.79 20.60 20.44 18.87 18.97 19.12 19.32 19.60 20.27 20.85 21.52 22.32 23.25 24.32 24.61 25.75 27.02 28.80 30.34 31.87 33.25 33.81 33.93 33.74 32.75 31.92 31.34 31.38 31.02 30.45 30.40 29.99 29.61 30.01 29.63 29.69 30.02 29.42 28.25 28.74 28.59 24.70 24.59 24.47 24.35 24.32 24.29 24.24 24.35 24.13 23.79 23.30 22.90 22.52 22.42 22.15 21.94 21.76 22.01 22.34 23.15 23.39 23.85 24.13 24.43 26.36 26.95 27.58 28.30 28.89
24.24 23.82 23.39 22.94 22.49 22.03 21.60 21.30 21.03 20.30 18.92 19.01 19.29 19.54 19.88 20.41 21.03 21.72 22.48 23.43 23.86 24.95 26.11 27.36 28.92 30.65 32.42 34.02 35.33 35.02 33.91 33.42 32.48 31.81 31.73 31.32 30.48 30.45 29.86 29.71 30.20 30.26 29.78 30.14 29.65 28.25 28.66 28.43 24.59 24.49 24.37 24.26 24.27 24.32 24.35 24.36 24.41 23.95 23.53 23.11 22.72 22.41 22.19 22.00 21.98 22.17 22.50 23.38 23.62 24.11 24.39 24.67 26.62 27.17 27.75 28.47 29.13
24.06 23.64 23.21 22.77 22.33 21.88 21.53 21.23 20.97 19.48 19.09 19.24 19.44 19.70 20.05 20.60 21.25 21.95 22.73 23.45 24.17 25.28 26.46 27.72 29.33 31.11 32.92 34.57 35.42 35.00 34.38 33.28 32.33 31.60 31.08 31.14 30.60 30.12 29.90 29.67 29.60 29.76 29.31 29.78 29.71 29.06 29.48 28.41 24.51 24.42 24.32 24.22 24.27 24.35 24.42 24.48 24.33 24.12 23.72 23.32 22.94 22.65 22.44 22.25 21.90 22.36 23.30 23.74 23.98 24.21 24.52 24.83 26.93 27.47 28.03 28.75 29.58
23.99 23.57 23.15 22.72 22.28 21.83 21.39 19.69 19.63 19.60 19.17 19.37 19.63 19.96 20.33 20.86 21.50 22.22 22.76 23.77 24.91 25.61 26.83 28.17 29.71 31.34 32.98 34.46 34.75 34.38 33.97 33.38 32.49 31.77 31.23 31.23 30.54 30.32 29.82 29.72 29.58 29.15 29.29 29.71 29.11 29.40 28.08 27.98 24.26 24.22 24.18 24.29 24.32 24.39 24.44 24.36 24.24 23.98 23.86 23.52 23.20 22.73 22.51 22.33 22.17 22.73 23.73 24.12 24.35 24.59 24.89 25.19 27.30 27.85 28.45 29.15 29.91
23.94 23.53 23.11 22.68 22.24 21.81 21.37 19.81 19.74 19.71 19.72 19.48 19.77 20.14 20.60 21.17 21.85 22.13 23.03 24.04 25.18 25.92 27.13 28.46 29.89 31.39 32.83 34.07 34.13 33.92 33.68 33.29 32.49 31.83 31.33 31.28 30.61 30.44 30.24 29.76 29.55 29.10 29.26 29.64 29.02 29.23 27.73 23.82 24.12 24.12 24.13 24.15 24.20 24.26 24.33 24.29 24.18 23.97 23.71 23.46 23.19 22.95 22.75 22.58 22.43 23.09 23.90 24.07 24.32 24.59 25.28 25.58 27.70 28.27 28.88 29.56 30.28
23.32 23.51 23.09 22.66 22.23 21.80 20.04 19.93 19.86 19.83 19.85 19.58 19.90 20.29 20.78 21.35 22.03 22.35 23.25 24.26 25.38 26.09 27.29 28.58 29.94 31.32 32.61 33.02 33.65 33.43 33.36 33.05 32.63 32.00 31.35 31.25 30.61 30.49 30.29 29.78 29.51 29.03 29.23 29.57 29.75 29.01 28.33 23.62 23.99 24.02 24.06 24.11 24.17 24.22 24.29 24.24 24.14 23.98 23.79 23.57 23.35 23.15 22.98 22.82 23.49 23.46 24.30 24.46 24.73 24.99 25.27 25.55 28.08 28.69 29.30 29.96 30.66
23.24 22.88 22.50 22.11 22.24 20.31 20.17 20.05 20.29 20.33 20.44 20.63 20.02 20.43 20.93 21.51 22.18 22.52 23.41 24.40 25.50 26.18 27.35 28.60 29.89 31.19 31.59 32.52 32.76 33.04 33.04 32.80 32.41 31.92 31.33 31.16 30.44 29.85 30.34 29.81 29.44 28.98 29.03 30.32 29.51 28.76 28.08 23.68 23.79 23.92 23.98 24.05 24.12 24.18 24.21 24.21 24.13 23.99 23.85 23.67 23.49 23.32 23.18 23.05 23.50 23.53 24.54 24.85 25.14 25.40 25.66 25.94 28.51 28.78 29.45 30.35 31.03
23.19 22.82 22.45 22.06 20.14 19.98 20.51 20.44 20.41 20.45 20.57 20.76 21.04 20.55 21.06 21.64 22.30 23.05 23.51 24.48 25.14 26.18 27.32 28.52 29.78 30.25 31.32 32.22 32.24 32.72 32.74 32.55 32.40 31.75 31.24 30.63 30.25 30.18 30.16 29.63 29.19 28.68 29.57 30.07 29.25 28.49 27.82 23.46 23.59 23.73 23.89 23.98 24.07 24.13 24.18 24.20 24.12 24.01 23.89 23.74 23.60 23.46 23.78 23.81 23.86 24.65 24.85 25.05 25.55 25.79 26.05 26.32 28.62 29.19 29.82 30.47 30.42
23.15 22.79 22.42 20.43 20.26 20.08 19.92 19.76 20.54 20.57 20.69 20.89 21.18 21.55 21.17 21.75 22.39 23.12 23.57 24.50 25.11 26.12 27.21 28.37 28.85 30.00 31.07 31.98 31.99 32.47 32.47 32.28 32.13 31.51 31.03 30.45 30.13 30.02 29.48 29.44 28.98 28.91 29.22 28.55 28.97 28.21 27.53 23.23 23.39 23.55 23.73 23.91 24.01 24.09 24.14 24.19 24.13 24.05 23.93 23.80 23.67 24.00 24.05 24.12 24.20 25.05 25.25 25.46 25.28 26.17 26.42 26.69 28.97 29.53 30.15 29.79 30.39
23.13 22.78 20.73 20.56 20.39 20.21 20.03 19.86 19.72 20.69 20.81 21.03 21.34 21.71 22.14 21.85 22.47 23.16 23.59 24.48 25.04 26.01 27.04 27.42 28.55 29.72 30.84 31.81 31.83 32.27 32.23 32.16 31.82 31.23 30.71 30.22 30.06 29.81 29.29 28.66 29.18 28.59 28.87 28.19 28.69 27.91 25.09 24.91 23.17 23.37 23.57 23.76 23.92 24.04 24.11 24.15 24.14 24.07 23.95 23.82 24.15 24.20 24.29 24.41 24.53 25.43 25.64 25.42 25.59 25.77 26.27 26.52 26.78 29.26 29.91 29.94 30.53
23.14 21.03 20.88 20.71 20.53 20.34 20.16 19.97 19.81 19.68 19.69 21.20 21.52 21.89 22.31 22.79 23.33 23.19 23.90 24.09 24.97 25.89 26.12 27.06 28.19 29.41 30.60 31.08 31.75 32.04 31.88 31.60 31.47 30.95 30.45 30.14 29.78 29.56 28.94 29.40 29.25 28.65 29.16 27.83 28.98 28.17 25.48 25.30 22.96 23.19 23.41 23.62 23.79 23.93 24.06 24.13 24.16 24.07 23.94 24.26 24.27 24.35 24.49 24.65 24.83 25.33 25.51 25.67 25.86 26.03 26.51 26.75 27.02 29.46 29.38 29.92 30.48
21.74 21.19 21.04 20.87 20.69 20.50 20.31 20.13 19.94 19.77 20.33 20.66 21.03 21.45 21.89 22.36 22.88 23.97 24.53 23.56 24.37 25.02 25.84 26.65 27.76 28.98 30.16 30.76 31.61 31.48 31.44 31.39 31.05 30.49 30.02 29.76 29.27 29.71 29.67 29.14 29.03 28.46 28.66 28.00 28.78 27.98 25.36 25.17 23.67 23.87 24.08 24.28 24.31 24.42 23.78 23.90 24.33 24.63 23.98 23.97 23.97 24.03 24.18 24.36 25.22 25.57 25.72 25.87 26.05 26.24 25.70 25.84 26.33 27.46 29.40 29.92 30.47
21.90 21.70 21.22 21.05 20.87 20.68 20.50 20.32 20.16 20.34 20.51 20.79 21.14 21.53 21.97 22.43 22.94 23.50 23.70 23.25 24.12 24.89 25.68 26.54 27.51 28.59 29.66 30.08 30.67 30.99 30.88 30.81 30.50 29.98 29.55 30.22 29.80 29.31 29.11 28.64 28.81 28.26 28.46 27.83 27.22 27.88 25.43 25.24 23.63 23.82 24.00 24.17 24.24 24.35 24.45 24.24 24.54 23.93 23.94 23.95 24.00 24.08 24.22 24.40 25.28 25.58 25.80 26.00 26.19 26.40 25.80 25.95 26.95 27.54 29.39 29.90 30.43
22.08 21.78 21.61 21.24 21.07 20.88 20.71 20.54 20.54 20.58 20.73 20.97 21.28 21.65 22.08 22.31 22.79 23.22 23.27 23.89 23.75 24.50 25.30 26.39 27.25 28.19 28.72 29.32 29.79 30.15 30.14 30.15 29.90 30.29 29.97 29.77 29.40 28.89 28.45 28.29 28.17 27.70 28.27 27.68 27.12 27.89 25.53 25.34 25.04 23.79 23.94 24.08 24.16 23.97 23.81 24.27 24.35 24.55 24.55 24.49 23.98 24.08 24.22 25.14 25.43 25.57 25.83 26.06 26.28 25.72 25.87 26.90 27.05 29.09 29.35 29.84 30.35
22.13 21.98 21.82 21.63 21.44 21.25 20.92 20.76 20.75 20.81 20.94 21.15 21.44 21.56 21.92 22.33 22.79 22.90 23.24 23.83 24.26 24.32 25.08 25.88 26.71 27.42 28.10 28.68 29.00 29.34 29.60 30.25 30.12 29.76 29.47 29.31 28.88 28.47 28.07 27.95 27.88 27.45 27.55 27.09 27.24 27.91 27.35 25.30 25.15 25.16 23.58 23.67 23.74 23.79 24.08 24.18 24.25 24.31 24.36 24.49 24.55 24.63 24.80 25.09 25.37 25.55 25.82 26.08 25.59 25.77 25.95 26.92 27.20 29.01 29.48 29.76 30.25
22.35 22.20 22.04 21.85 21.65 21.46 21.28 21.13 20.96 21.01 20.85 21.01 21.34 21.62 21.95 22.35 22.39 22.83 23.32 23.57 24.12 24.71 25.34 25.56 26.31 26.67 27.30 27.99 28.38 28.75 28.83 29.60 29.51 29.21 28.95 28.85 28.40 28.04 27.68 27.34 27.58 27.20 27.34 26.90 27.17 26.76 27.42 25.43 24.91 24.74 24.60 23.55 23.60 23.89 23.98 24.06 24.14 24.19 24.27 24.36 24.54 24.63 25.39 25.63 25.88 25.58 25.08 25.29 25.50 25.70 26.63 27.57 27.85 28.28 29.72 30.24 30.36
22.58 22.44 22.26 22.06 21.86 21.67 21.49 21.34 21.09 20.88 20.97 21.12 24.49 24.75 25.06 21.97 22.33 22.75 26.08 26.61 23.96 24.50 25.08 28.49 25.53 26.12 26.65 27.11 28.13 28.68 28.84 28.91 28.93 28.67 28.31 28.25 27.93 27.61 27.30 27.00 27.59 27.21 26.97 26.71 26.54 24.73 26.63 25.17 24.97 24.78 24.61 23.33 23.74 23.81 23.87 23.86 23.94 24.08 24.17 24.27 24.41 26.04 25.36 25.60 25.85 27.52 26.58 26.81 26.34 26.59 27.62 27.73 28.02 28.31 28.58 30.31 30.77
