data/EU espacial/SB_EU.grd
DSAA
94	94
0.0000	100.0000
0.0000	100.0000
18.8705	59.7227
[rows 34 to 67 of 94, columns 0 to 76 of 94]
22.82 22.67 24.64 24.53 24.43 24.35 24.30 23.92 23.86 23.84 24.72 24.84 25.02 25.26 25.56 25.93 25.65 26.02 26.44 26.93 27.49 28.09 28.03 28.64 29.24 25.58 26.05 27.11 27.49 28.08 28.24 28.32 28.28 28.16 28.00 27.78 27.46 27.18 26.92 26.96 26.98 27.07 26.72 26.40 26.41 24.80 24.89 24.72 25.03 24.82 23.28 23.28 23.28 23.66 23.69 23.73 23.79 23.88 23.99 24.22 24.32 26.19 26.39 27.08 27.38 27.57 26.65 27.19 27.41 27.54 27.72 27.73 28.04 28.20 29.00 29.30 30.63
25.32 25.25 25.14 25.03 24.94 24.59 24.47 24.39 24.34 24.34 24.38 24.47 25.57 25.80 26.10 26.44 26.10 26.43 26.82 27.27 27.80 28.37 28.97 28.82 29.36 29.24 29.60 29.89 26.91 27.41 27.58 27.78 27.74 27.64 27.31 27.27 27.02 26.78 26.79 26.56 26.64 26.78 26.50 26.22 24.77 25.21 24.92 24.75 24.95 24.74 23.27 23.25 23.21 23.58 23.58 23.59 23.64 23.73 23.86 25.52 25.74 25.80 26.02 26.91 27.56 27.74 27.06 27.28 27.44 27.63 27.82 28.43 28.59 28.86 29.11 29.38 29.67
25.84 25.76 25.64 25.33 25.17 25.03 24.92 24.85 24.82 24.84 24.90 25.00 25.14 26.37 26.66 26.32 26.58 26.88 27.22 27.64 28.15 28.69 29.25 29.06 29.54 29.34 29.65 29.89 26.32 26.57 27.05 27.12 27.25 27.17 26.82 26.79 26.54 26.32 26.35 26.20 26.33 26.12 26.30 26.06 24.81 25.13 24.79 24.73 25.01 24.78 23.29 23.24 23.57 23.53 23.49 23.46 23.48 23.59 23.74 25.60 25.83 26.24 26.51 27.12 27.92 28.24 27.15 27.33 27.52 27.70 27.70 27.90 28.69 28.97 29.88 30.12 30.31
26.12 26.12 25.92 25.73 25.57 25.45 25.36 25.30 25.29 25.33 25.41 25.53 25.69 25.89 27.25 26.87 27.12 27.39 27.67 28.05 28.56 29.08 29.59 30.09 28.85 29.15 29.41 29.04 25.81 30.52 30.38 30.37 30.09 26.55 26.39 26.38 26.14 25.88 25.96 25.90 26.07 25.92 26.13 24.64 24.59 25.16 25.05 24.98 24.78 23.29 23.26 23.26 23.58 23.52 23.45 23.36 23.33 24.90 25.18 25.87 26.13 26.39 26.66 26.83 27.08 28.44 27.23 27.41 27.38 27.58 27.78 27.97 28.75 29.68 30.01 30.23 30.37
26.51 26.37 26.20 26.04 25.96 25.85 25.78 25.74 25.76 25.81 25.92 26.06 26.25 26.47 26.23 26.43 27.72 27.98 28.27 28.63 29.08 29.54 30.00 29.40 29.05 29.29 29.79 29.97 29.60 29.68 29.61 30.40 30.11 29.51 26.02 26.04 25.85 25.67 25.73 25.69 25.88 24.53 24.51 24.68 24.96 24.80 24.67 24.87 23.33 23.36 23.31 24.51 24.94 24.94 24.94 24.94 24.87 25.09 25.35 26.06 26.31 26.56 26.58 26.81 27.04 26.13 26.69 26.93 27.47 27.65 27.84 29.13 29.43 29.74 30.03 30.24 30.38
26.70 26.61 26.49 26.37 26.26 26.18 26.13 26.17 26.20 26.29 26.42 26.60 26.82 27.07 26.85 27.08 27.31 28.66 28.96 29.31 29.69 29.15 29.44 29.71 29.85 30.13 29.93 29.88 29.66 29.63 29.63 29.54 29.97 29.58 29.19 28.93 25.65 25.55 25.60 25.55 24.55 24.56 24.57 24.44 24.38 24.88 24.74 24.89 24.70 24.57 24.70 24.72 24.73 25.19 25.20 25.23 25.46 25.66 25.91 26.30 26.33 26.53 26.73 26.95 26.14 26.26 27.24 27.08 27.25 27.46 28.62 29.20 29.49 29.76 30.01 30.21 30.36
26.91 26.85 26.76 26.67 26.59 26.54 26.51 26.53 26.60 26.72 26.89 27.14 27.40 27.24 27.49 27.75 28.01 28.26 29.70 30.03 29.42 29.66 29.89 30.09 30.15 30.36 29.97 30.02 29.77 29.72 29.63 29.60 29.43 29.72 29.35 29.27 29.04 28.68 25.47 25.44 24.60 24.62 24.64 24.51 24.46 24.95 24.82 24.93 24.73 24.81 24.86 24.97 25.21 25.26 25.60 25.68 25.80 25.97 26.19 26.23 26.54 26.72 26.90 26.20 26.29 26.50 27.37 27.54 27.99 28.29 28.33 29.15 29.54 29.79 30.01 30.19 30.63
27.14 27.10 27.04 26.98 26.92 26.89 26.89 26.92 27.01 27.16 27.38 27.65 27.87 27.88 28.17 28.47 28.76 29.03 29.29 28.76 30.04 30.23 30.40 30.69 30.80 29.92 30.02 30.21 29.51 29.86 29.15 29.72 29.56 29.98 29.60 29.02 28.68 27.17 24.52 24.57 25.34 25.50 24.57 24.60 25.77 25.04 24.92 26.07 24.99 25.07 25.12 25.42 25.47 25.63 25.73 26.03 26.15 26.14 26.29 26.47 26.78 26.92 26.38 26.42 26.50 26.58 27.42 28.34 28.59 28.34 28.41 29.18 29.47 29.74 29.97 30.46 30.61
27.38 27.36 27.33 27.29 27.26 27.25 27.26 27.31 27.42 27.60 27.86 28.19 28.17 28.53 28.89 29.24 29.57 29.84 29.35 29.51 29.62 30.01 30.08 30.12 30.10 30.15 30.41 30.43 30.02 29.85 29.85 29.71 29.57 28.34 28.02 28.48 28.17 27.47 25.60 25.63 25.16 25.21 25.27 25.91 25.79 25.65 26.47 25.37 24.85 24.92 24.97 25.12 25.86 25.94 26.04 26.16 26.18 26.44 26.57 26.72 26.66 26.54 26.60 26.66 26.73 27.45 28.16 28.39 28.64 28.90 29.34 29.64 29.92 30.55 30.79 30.86 31.33
28.57 27.65 27.64 27.62 27.61 27.61 27.64 27.70 27.82 28.03 28.33 28.73 28.79 29.21 29.63 30.04 29.80 30.06 29.67 29.78 29.84 29.61 30.10 30.27 30.13 30.67 30.62 30.65 28.85 30.00 29.84 29.70 28.58 29.05 28.73 28.44 28.16 28.12 28.28 25.66 25.69 25.74 26.33 26.22 25.89 26.59 26.56 25.49 25.76 25.84 25.89 25.93 26.23 25.77 25.81 25.92 26.24 26.37 26.52 26.74 26.88 26.76 26.79 26.81 27.21 27.26 27.71 27.90 28.88 28.78 29.61 29.89 29.99 30.58 30.81 31.34 31.46
28.93 28.84 28.75 27.98 27.99 28.01 28.04 28.10 28.22 28.45 28.81 28.50 29.43 29.19 29.59 29.72 30.01 30.28 30.44 30.72 30.77 30.75 31.21 31.05 30.61 30.06 30.89 29.40 29.14 29.34 29.16 29.01 28.86 28.40 29.03 28.73 28.57 28.26 28.12 25.76 25.80 25.86 26.10 26.32 26.23 26.79 26.79 25.84 25.91 26.19 26.22 26.25 26.55 26.61 26.06 26.18 26.52 26.65 26.79 27.01 27.56 27.00 27.00 27.40 27.37 27.39 28.00 28.20 28.43 28.84 29.85 29.83 30.53 30.79 31.01 31.54 31.88
29.31 29.24 29.08 29.06 29.04 28.44 28.49 28.54 28.04 28.19 28.48 28.84 29.37 29.67 30.11 30.50 31.00 31.26 31.45 31.55 31.58 31.52 31.39 31.75 31.08 30.78 30.56 30.26 29.86 29.64 29.47 29.31 28.93 28.70 28.94 28.83 28.45 28.51 28.62 28.28 26.20 26.23 26.33 26.42 27.24 26.03 26.21 26.30 26.25 26.29 26.54 26.57 26.85 26.92 26.33 26.42 26.80 26.93 26.86 27.80 27.87 27.93 27.71 27.63 27.56 27.99 28.17 28.41 28.86 29.17 29.82 30.12 30.38 30.80 31.54 32.04 32.71
29.71 29.53 29.53 29.54 29.56 29.58 29.60 28.43 28.45 28.52 28.79 29.44 29.87 30.58 31.09 31.53 31.89 32.17 32.36 32.45 32.45 32.36 32.18 32.07 31.75 31.38 31.08 30.66 30.18 29.98 29.82 29.44 29.23 29.02 29.23 29.07 28.68 28.33 28.75 28.41 28.11 26.28 26.37 27.30 27.38 26.36 26.60 26.69 26.60 26.59 26.59 26.86 26.86 26.89 26.55 26.70 27.07 26.95 27.58 28.14 28.21 28.11 28.04 27.94 28.34 28.16 28.41 29.10 29.43 29.48 29.76 30.01 30.20 31.22 31.84 33.00 32.92
30.19 29.89 29.85 29.80 29.76 29.71 29.76 29.67 29.69 29.75 29.44 30.18 30.83 31.43 31.98 32.46 32.85 33.15 33.34 33.43 33.40 33.27 32.57 32.87 32.49 32.05 31.99 31.47 30.76 30.52 30.32 29.81 29.56 29.32 29.75 29.32 28.91 28.54 28.87 28.52 28.22 28.40 26.38 25.96 26.23 26.59 26.84 26.94 26.84 26.84 26.85 26.83 27.11 27.15 27.21 26.55 27.11 27.29 27.87 28.18 28.30 29.43 29.00 28.95 28.86 29.00 29.29 29.65 29.69 30.01 30.29 30.51 30.79 30.90 30.71 33.12 33.07
30.64 30.52 30.51 30.51 30.52 30.54 30.59 30.69 30.83 31.11 31.37 31.57 32.24 32.38 32.95 33.46 33.89 34.20 34.40 34.48 34.42 33.75 33.49 33.62 33.74 33.24 32.70 32.18 31.43 31.07 30.77 30.22 29.92 29.68 30.03 29.56 29.13 28.74 28.98 28.62 28.30 28.44 25.87 26.13 26.39 26.65 26.93 27.25 27.30 27.02 27.06 27.04 27.07 27.11 27.15 27.21 27.43 28.02 28.22 28.49 28.64 29.95 29.59 29.59 29.73 29.84 30.07 30.63 30.35 30.64 31.02 31.19 31.31 31.16 31.24 32.49 33.37
30.97 30.99 31.02 31.08 31.15 31.24 31.36 31.60 31.85 32.20 32.69 32.62 33.29 33.96 34.60 34.54 34.99 35.33 35.53 35.60 35.56 35.29 34.91 34.50 34.59 34.03 33.46 32.91 32.24 31.84 31.43 30.98 30.45 29.97 30.30 29.80 29.34 28.92 29.07 28.70 28.38 28.45 28.14 26.27 26.52 26.74 26.93 27.34 27.42 27.09 27.15 27.21 27.26 27.34 27.40 27.89 28.57 28.71 28.27 29.31 29.58 29.84 30.25 30.42 30.55 30.97 31.17 31.40 31.62 31.48 31.66 31.79 31.67 31.75 31.81 32.92 32.94
31.41 31.47 31.55 31.66 31.80 31.91 32.20 32.48 32.83 32.93 33.37 33.89 34.46 35.05 35.73 36.34 36.07 36.37 36.74 36.83 36.66 36.50 36.06 35.40 35.46 35.06 34.42 33.81 32.87 32.42 32.16 31.71 31.01 30.61 31.13 30.91 30.04 29.56 29.12 27.84 28.24 27.73 28.27 26.35 26.57 26.73 27.00 27.15 27.23 27.28 27.27 27.35 27.41 27.91 28.03 28.16 28.82 28.91 29.10 29.37 30.05 30.39 30.16 31.46 31.65 31.85 32.05 32.24 32.14 32.23 32.37 32.26 32.34 32.39 32.43 33.40 33.42
31.86 31.95 32.09 32.27 32.47 32.68 32.90 33.20 33.56 33.99 34.48 35.04 35.64 36.25 36.87 36.93 37.41 37.76 37.96 37.88 37.59 37.66 37.30 36.82 36.57 35.87 35.17 34.73 33.84 33.19 32.61 32.66 32.16 32.68 32.06 31.46 29.40 28.96 28.57 28.58 28.24 27.92 26.16 26.37 26.57 26.75 27.00 27.14 27.34 27.41 27.48 27.89 27.96 28.07 28.21 28.26 29.37 29.84 30.15 30.13 30.51 30.35 31.02 31.40 31.75 32.75 32.73 32.89 33.01 33.10 32.86 33.01 33.05 33.07 33.08 33.92 33.93
32.42 32.54 32.66 32.89 33.17 33.48 33.77 34.08 34.51 35.00 35.54 36.14 36.78 37.44 37.70 38.14 38.70 39.43 39.62 39.42 38.81 38.43 37.78 37.38 37.05 36.21 36.92 34.76 34.92 33.06 33.55 32.95 31.06 31.74 31.09 30.51 29.99 29.13 29.39 28.98 28.63 28.31 29.23 26.73 26.92 27.09 27.07 27.49 27.58 27.53 27.60 28.03 27.78 27.90 28.06 28.66 29.11 29.81 30.19 30.61 31.48 31.47 31.73 32.19 32.62 33.63 33.69 33.83 33.92 33.62 33.68 33.80 33.79 34.14 34.08 34.03 34.00
32.86 32.96 33.21 33.50 33.85 34.22 34.57 35.03 35.50 36.04 36.64 37.29 37.97 38.69 39.42 39.55 40.23 40.84 41.11 41.06 40.49 39.79 38.99 38.66 37.80 37.36 36.30 35.41 34.33 33.57 32.87 32.21 31.61 32.02 31.33 30.70 30.13 30.40 29.93 29.03 28.68 28.36 27.24 26.89 27.07 27.23 27.19 27.29 27.71 27.64 27.94 28.17 27.92 28.06 28.22 29.20 29.34 30.00 30.43 31.00 31.97 32.04 33.03 33.65 33.51 34.64 34.85 34.56 34.44 34.50 34.52 34.83 34.94 34.73 34.64 34.58 34.55
33.23 33.45 33.77 34.14 34.55 34.99 35.46 35.97 36.35 36.93 37.56 38.24 38.96 39.69 40.60 41.35 42.08 42.24 42.66 42.89 42.31 41.22 40.26 39.52 38.57 38.05 37.10 35.99 34.83 34.03 33.55 32.58 33.07 32.28 31.54 31.67 30.98 30.39 29.92 29.55 28.73 28.42 27.40 27.64 27.23 27.39 27.32 27.42 27.85 28.00 28.05 28.30 28.41 28.20 28.86 29.35 29.85 30.29 30.80 31.36 32.27 32.57 33.28 34.39 35.08 35.68 35.38 35.57 36.08 36.03 35.64 35.52 35.38 35.32 35.20 35.13 35.12
33.63 33.94 34.34 34.77 35.22 35.70 36.21 36.76 37.34 37.90 38.41 39.09 39.81 40.58 41.61 42.42 43.24 44.28 44.40 44.40 43.26 42.18 41.08 39.99 38.94 38.62 37.63 36.70 35.25 34.76 33.94 34.55 33.66 32.51 32.55 31.75 31.01 30.36 29.90 29.57 29.28 28.50 27.58 27.81 28.03 27.56 27.69 27.60 28.06 28.11 28.17 28.87 28.95 28.71 29.01 29.19 30.02 30.73 31.16 31.79 32.76 32.80 33.57 34.35 35.62 37.05 36.95 36.93 36.89 36.84 36.36 36.22 36.04 35.84 35.76 35.69 36.17
34.11 34.51 34.96 35.42 35.90 36.40 36.94 37.47 38.05 38.66 39.31 39.94 41.00 41.74 42.51 43.12 44.14 45.02 45.91 45.16 43.98 42.80 41.64 40.52 39.43 38.62 37.52 36.47 36.26 36.42 35.77 34.80 33.90 33.53 32.67 31.86 31.09 30.38 29.96 29.64 29.35 29.08 28.25 28.50 28.73 28.18 28.86 28.18 28.00 28.67 28.90 28.97 29.07 28.84 29.20 29.38 30.39 31.03 31.53 32.42 33.06 33.24 34.05 34.89 36.60 36.83 37.10 37.06 37.02 36.99 36.93 36.90 36.73 36.52 36.28 36.88 36.90
34.92 35.24 35.65 36.11 36.59 37.10 37.62 38.17 38.74 39.34 40.27 40.91 41.58 42.28 43.01 43.75 44.47 45.19 45.52 45.43 44.05 43.02 41.93 40.83 40.09 38.95 37.85 37.54 36.51 37.50 36.45 35.46 34.90 33.98 32.80 32.00 31.27 30.63 30.15 29.79 29.48 29.19 27.27 28.61 28.82 29.03 28.89 28.26 28.28 28.74 29.00 29.09 29.19 29.47 29.43 29.68 30.83 31.41 32.08 32.79 33.44 33.61 34.42 35.98 36.11 36.86 37.76 37.57 37.61 37.63 37.60 37.51 37.37 37.21 37.09 37.52 37.49
35.01 36.00 36.38 36.83 37.30 37.80 38.32 38.82 39.68 40.23 40.81 41.42 42.05 42.70 43.34 43.98 44.56 44.85 45.12 44.97 44.38 42.95 42.10 41.07 40.02 39.43 38.37 37.35 37.19 37.52 36.49 35.94 34.98 34.09 32.93 32.16 31.47 30.87 30.38 29.98 29.64 27.51 27.51 28.75 28.93 29.33 29.45 28.96 29.15 28.82 29.75 29.20 30.29 29.70 30.32 31.14 31.61 32.23 32.63 33.65 34.37 35.03 34.95 35.70 36.17 36.88 37.88 38.20 38.09 38.19 38.24 38.23 38.19 38.12 38.08 38.51 38.45
35.70 36.05 36.47 37.53 37.97 38.44 38.92 39.71 40.22 40.74 41.29 41.85 42.42 42.99 43.55 44.06 44.33 44.62 44.73 44.54 44.05 43.44 42.08 41.03 40.54 39.48 38.45 38.14 37.22 37.49 37.23 36.30 35.04 34.17 33.92 32.32 31.66 31.09 30.60 30.19 29.83 27.81 27.78 29.46 29.26 29.35 29.45 28.98 28.99 29.68 29.77 29.88 30.40 30.62 30.51 30.81 31.90 32.50 33.10 33.88 34.59 35.23 35.04 35.75 36.21 36.91 37.97 38.38 39.17 39.45 39.68 39.89 40.05 39.72 39.63 39.60 39.55
36.35 36.71 37.13 37.57 38.05 39.07 39.79 40.24 40.71 41.20 41.70 42.21 42.72 43.21 43.67 43.90 44.22 44.40 44.38 44.16 43.71 43.28 42.50 41.02 40.47 39.45 39.24 38.20 37.18 38.03 37.08 36.20 35.38 34.74 33.94 33.21 32.55 31.28 30.80 30.96 30.59 30.25 28.08 29.60 29.67 29.40 29.46 29.01 29.02 29.70 29.80 29.93 30.51 30.76 30.69 31.02 32.16 32.74 33.32 34.08 34.78 34.40 35.09 35.47 36.22 36.93 38.04 38.53 39.48 39.85 40.19 40.49 40.75 40.62 40.59 40.61 40.56
36.99 37.34 37.73 38.54 39.00 39.48 40.66 40.74 41.17 41.61 42.06 42.51 42.95 43.37 44.03 43.89 44.10 44.19 44.07 43.83 43.70 43.13 42.63 41.80 41.37 40.31 39.26 38.24 39.06 38.00 36.90 36.07 35.79 34.99 33.95 33.24 32.61 32.13 31.47 31.07 30.71 28.82 28.75 28.60 28.43 29.87 29.84 30.19 30.32 30.89 31.06 31.31 30.63 30.78 31.00 32.31 32.53 33.04 33.93 34.10 34.43 34.85 34.79 35.45 36.02 36.68 38.09 38.65 39.75 40.22 40.67 41.08 41.44 42.42 42.59 42.48 42.33
37.98 38.33 38.70 39.11 39.55 40.01 41.23 41.63 42.04 42.47 42.38 42.77 43.47 43.86 44.20 44.47 44.80 44.83 44.70 44.60 44.16 43.21 42.52 42.33 41.33 40.30 41.28 40.08 38.97 37.89 36.98 36.76 35.74 34.99 34.28 33.28 32.66 32.28 31.55 31.18 29.21 29.19 29.10 28.94 29.03 29.89 29.93 29.94 30.29 30.85 31.03 31.31 31.61 30.93 31.15 31.52 33.13 33.60 34.09 34.19 34.51 34.17 34.84 35.49 36.19 36.91 38.09 38.69 40.00 40.56 41.11 41.62 42.83 43.18 43.43 43.36 43.20
38.56 38.90 39.27 39.66 40.08 40.52 40.97 42.14 42.51 42.89 43.29 43.40 43.78 44.11 44.54 44.73 44.82 44.79 44.63 44.32 44.08 43.21 42.46 42.47 41.53 42.35 41.11 39.90 38.81 37.78 36.95 36.80 35.98 35.01 34.33 33.81 33.25 32.42 32.03 29.82 29.60 30.15 29.94 29.73 29.44 29.05 29.93 29.92 30.25 30.84 31.08 31.32 31.63 31.76 31.29 31.66 33.27 33.76 33.58 34.05 34.59 35.14 34.88 35.51 36.20 36.91 38.14 38.81 39.49 40.85 41.49 42.95 43.53 43.90 44.26 44.24 44.02
39.11 39.45 39.81 40.19 40.59 41.00 41.42 41.85 42.96 43.29 43.40 43.75 44.22 44.50 44.71 44.85 44.89 44.82 44.63 44.31 43.60 43.21 43.34 42.50 43.47 42.24 40.99 39.74 38.63 37.81 37.69 36.91 36.15 35.19 34.52 33.87 33.26 32.95 30.32 30.60 30.63 30.63 30.38 30.10 29.73 29.34 28.88 29.89 30.67 30.90 31.36 31.67 31.67 31.79 32.18 33.39 33.40 33.32 33.69 34.16 34.65 35.18 34.92 35.54 36.18 36.87 38.14 38.89 40.51 41.26 42.57 43.24 43.93 44.61 45.07 45.07 45.38
39.08 39.98 40.33 40.70 41.08 41.47 41.86 42.26 42.73 43.09 43.92 44.24 44.51 44.74 44.91 45.00 45.01 44.91 44.70 44.37 43.64 43.99 43.42 42.61 43.44 42.25 41.00 39.71 38.47 37.88 37.84 37.12 36.40 35.44 34.78 34.14 34.61 32.85 30.69 30.71 31.06 31.11 30.89 30.47 30.04 29.59 29.03 28.81 30.77 31.02 31.49 31.80 32.13 31.85 32.22 33.33 32.99 33.78 33.78 34.24 34.72 35.95 36.52 35.59 36.19 36.78 38.15 38.96 40.47 41.26 42.69 43.39 44.13 44.93 45.78 46.16 45.71
39.64 39.99 40.34 40.71 41.07 41.44 41.81 42.18 42.36 42.72 43.45 44.73 44.99 45.02 45.15 45.20 45.18 45.06 44.84 44.51 47.02 46.18 45.33 44.39 43.80 42.71 41.22 40.03 38.98 40.47 39.67 38.89 38.12 37.37 36.63 33.05 32.70 32.31 31.58 31.60 31.21 31.20 31.06 30.69 30.24 29.78 29.42 29.19 30.03 31.10 31.34 31.86 31.98 32.18 32.54 34.15 35.75 35.56 36.02 36.49 37.05 37.51 37.55 38.09 38.50 39.02 40.42 41.03 40.43 41.21 42.83 43.50 44.19 44.91 46.79 47.29 45.90
40.03 40.37 40.72 41.06 41.40 41.75 42.09 42.27 42.61 42.94 43.27 43.95 45.33 45.51 45.63 45.69 45.67 45.83 45.64 46.05 47.00 46.19 45.39 44.51 44.05 43.03 42.92 41.83 40.84 40.89 40.02 39.22 38.45 37.70 34.11 33.76 33.43 33.07 32.22 32.17 32.12 31.62 31.43 31.13 30.74 30.34 29.91 29.64 30.44 31.42 31.63 32.12 32.14 32.46 34.30 34.26 36.06 36.37 36.28 36.75 37.31 37.79 37.86 38.41 38.91 39.46 40.80 41.31 41.86 43.36 43.82 43.22 43.84 46.15 46.42 47.05 47.17
