data/EU espacial/T03062017.grd
DSAA
94	94
0.0000	100.0000
0.0000	100.0000
21.1987	22.8015
[rows 34 to 67 of 94, columns 0 to 76 of 94]
21.60 21.60 21.59 21.59 21.58 21.58 21.57 21.57 21.56 21.55 21.54 21.53 21.52 21.50 21.49 21.47 21.46 21.45 21.44 21.43 21.43 21.44 21.45 21.47 21.49 21.52 21.55 21.60 21.64 21.69 21.75 21.81 21.87 21.93 21.98 22.05 22.09 22.13 22.16 22.19 22.22 22.23 22.23 22.22 22.21 22.19 22.17 22.15 22.11 22.08 22.04 22.00 21.97 21.93 21.89 21.86 21.83 21.81 21.79 21.79 21.78 21.78 21.77 21.78 21.78 21.78 21.79 21.80 21.80 21.82 21.82 21.82 21.81 21.80 21.79 21.77 21.75
21.58 21.57 21.56 21.56 21.55 21.54 21.53 21.53 21.52 21.51 21.49 21.48 21.47 21.45 21.43 21.42 21.41 21.40 21.39 21.39 21.39 21.40 21.41 21.43 21.45 21.48 21.52 21.56 21.61 21.67 21.72 21.79 21.84 21.91 21.96 22.02 22.06 22.10 22.13 22.17 22.19 22.20 22.21 22.20 22.19 22.17 22.15 22.12 22.09 22.06 22.02 21.98 21.95 21.91 21.88 21.85 21.82 21.80 21.78 21.77 21.77 21.77 21.77 21.78 21.78 21.79 21.79 21.80 21.82 21.82 21.82 21.82 21.82 21.81 21.80 21.78 21.75
21.56 21.55 21.54 21.52 21.51 21.50 21.50 21.49 21.48 21.46 21.45 21.44 21.42 21.40 21.39 21.38 21.36 21.36 21.35 21.35 21.35 21.36 21.37 21.39 21.42 21.45 21.49 21.54 21.60 21.65 21.70 21.76 21.83 21.88 21.93 21.99 22.03 22.07 22.10 22.14 22.16 22.17 22.18 22.17 22.16 22.15 22.13 22.11 22.07 22.03 22.00 21.96 21.92 21.89 21.86 21.83 21.81 21.79 21.77 21.76 21.76 21.76 21.76 21.77 21.78 21.78 21.79 21.81 21.82 21.82 21.82 21.82 21.82 21.81 21.81 21.79 21.77
21.53 21.51 21.50 21.49 21.48 21.47 21.46 21.45 21.44 21.42 21.41 21.39 21.38 21.36 21.35 21.34 21.32 21.32 21.31 21.31 21.32 21.33 21.34 21.36 21.39 21.42 21.46 21.52 21.57 21.62 21.68 21.74 21.80 21.85 21.92 21.96 22.00 22.04 22.07 22.11 22.13 22.14 22.15 22.15 22.14 22.12 22.10 22.08 22.05 22.00 21.97 21.94 21.90 21.87 21.84 21.81 21.79 21.77 21.76 21.75 21.75 21.75 21.75 21.76 21.77 21.77 21.80 21.80 21.81 21.81 21.82 21.82 21.81 21.81 21.80 21.78 21.76
21.49 21.48 21.48 21.47 21.46 21.44 21.43 21.42 21.41 21.39 21.38 21.36 21.34 21.33 21.31 21.30 21.29 21.28 21.28 21.28 21.29 21.30 21.32 21.34 21.36 21.40 21.44 21.50 21.55 21.60 21.66 21.73 21.78 21.84 21.89 21.93 21.98 22.01 22.04 22.08 22.10 22.11 22.12 22.11 22.11 22.09 22.07 22.04 22.02 21.97 21.94 21.90 21.87 21.84 21.81 21.78 21.77 21.75 21.74 21.73 21.73 21.73 21.73 21.74 21.75 21.76 21.79 21.79 21.80 21.80 21.80 21.82 21.81 21.80 21.79 21.77 21.75
21.48 21.47 21.46 21.45 21.43 21.42 21.41 21.39 21.38 21.36 21.35 21.33 21.31 21.30 21.28 21.27 21.26 21.25 21.25 21.25 21.26 21.28 21.29 21.32 21.35 21.38 21.43 21.48 21.53 21.58 21.64 21.70 21.76 21.81 21.86 21.90 21.95 21.98 22.02 22.04 22.07 22.08 22.08 22.08 22.07 22.05 22.03 22.01 21.98 21.95 21.91 21.87 21.84 21.81 21.78 21.76 21.74 21.72 21.71 21.71 21.70 21.70 21.71 21.72 21.73 21.74 21.77 21.78 21.80 21.80 21.80 21.80 21.79 21.79 21.77 21.76 21.74
21.47 21.46 21.44 21.43 21.42 21.40 21.39 21.37 21.36 21.34 21.32 21.31 21.29 21.27 21.26 21.25 21.24 21.23 21.23 21.23 21.24 21.26 21.28 21.30 21.34 21.37 21.41 21.46 21.51 21.56 21.62 21.68 21.74 21.79 21.83 21.88 21.92 21.96 21.99 22.01 22.03 22.04 22.04 22.04 22.03 22.02 22.00 21.97 21.94 21.92 21.88 21.84 21.82 21.79 21.76 21.73 21.71 21.70 21.68 21.67 21.68 21.68 21.68 21.69 21.70 21.73 21.76 21.77 21.77 21.77 21.78 21.78 21.77 21.77 21.76 21.74 21.71
21.46 21.45 21.43 21.42 21.40 21.39 21.37 21.36 21.34 21.32 21.31 21.29 21.27 21.26 21.24 21.23 21.22 21.22 21.22 21.21 21.23 21.24 21.27 21.29 21.33 21.36 21.40 21.45 21.51 21.56 21.62 21.67 21.72 21.77 21.81 21.85 21.89 21.93 21.95 21.98 21.99 22.00 22.01 22.00 22.00 21.98 21.96 21.94 21.91 21.88 21.85 21.81 21.78 21.76 21.73 21.70 21.68 21.66 21.65 21.64 21.65 21.65 21.65 21.68 21.69 21.70 21.73 21.73 21.74 21.74 21.75 21.76 21.75 21.75 21.74 21.71 21.70
21.46 21.45 21.43 21.41 21.40 21.38 21.36 21.35 21.33 21.31 21.30 21.28 21.26 21.25 21.23 21.22 21.21 21.20 21.20 21.21 21.22 21.24 21.26 21.29 21.32 21.36 21.40 21.44 21.49 21.54 21.60 21.65 21.70 21.75 21.79 21.82 21.86 21.90 21.92 21.94 21.96 21.97 21.97 21.97 21.96 21.94 21.93 21.90 21.87 21.84 21.81 21.78 21.75 21.72 21.70 21.68 21.65 21.63 21.62 21.61 21.61 21.62 21.65 21.65 21.66 21.68 21.69 21.69 21.70 21.71 21.71 21.71 21.71 21.71 21.70 21.68 21.65
21.49 21.45 21.43 21.41 21.40 21.38 21.36 21.34 21.33 21.31 21.29 21.27 21.26 21.24 21.23 21.22 21.20 21.20 21.21 21.21 21.22 21.24 21.26 21.29 21.33 21.35 21.40 21.45 21.49 21.54 21.59 21.64 21.68 21.73 21.77 21.80 21.84 21.87 21.89 21.91 21.92 21.93 21.93 21.93 21.92 21.91 21.89 21.86 21.83 21.81 21.78 21.75 21.72 21.69 21.66 21.64 21.63 21.61 21.60 21.60 21.60 21.61 21.61 21.62 21.64 21.65 21.66 21.67 21.66 21.68 21.67 21.67 21.68 21.68 21.67 21.64 21.63
21.50 21.48 21.45 21.42 21.40 21.38 21.36 21.35 21.33 21.31 21.29 21.27 21.26 21.25 21.23 21.22 21.21 21.21 21.21 21.23 21.24 21.25 21.27 21.30 21.33 21.36 21.40 21.44 21.48 21.54 21.58 21.63 21.67 21.71 21.75 21.78 21.82 21.84 21.86 21.88 21.89 21.89 21.89 21.89 21.88 21.87 21.85 21.82 21.80 21.77 21.74 21.71 21.68 21.65 21.62 21.60 21.59 21.57 21.56 21.57 21.56 21.57 21.58 21.59 21.60 21.61 21.61 21.62 21.63 21.64 21.63 21.65 21.65 21.65 21.65 21.62 21.61
21.51 21.48 21.45 21.43 21.41 21.39 21.37 21.35 21.33 21.31 21.30 21.28 21.27 21.25 21.23 21.22 21.23 21.22 21.22 21.23 21.24 21.25 21.27 21.30 21.33 21.36 21.40 21.44 21.49 21.53 21.57 21.62 21.66 21.70 21.73 21.77 21.80 21.82 21.84 21.85 21.86 21.87 21.86 21.85 21.84 21.83 21.81 21.78 21.76 21.74 21.71 21.68 21.64 21.62 21.60 21.56 21.55 21.54 21.52 21.52 21.52 21.52 21.54 21.55 21.56 21.56 21.57 21.58 21.59 21.60 21.61 21.62 21.63 21.61 21.61 21.60 21.60
21.52 21.49 21.47 21.45 21.43 21.40 21.39 21.36 21.34 21.33 21.31 21.29 21.28 21.26 21.25 21.24 21.23 21.23 21.23 21.23 21.24 21.26 21.28 21.30 21.33 21.36 21.40 21.44 21.49 21.53 21.57 21.61 21.65 21.69 21.72 21.75 21.78 21.80 21.82 21.83 21.84 21.84 21.84 21.82 21.81 21.79 21.77 21.75 21.73 21.70 21.67 21.64 21.62 21.59 21.56 21.54 21.51 21.50 21.48 21.48 21.48 21.50 21.50 21.51 21.52 21.52 21.53 21.54 21.55 21.55 21.56 21.57 21.59 21.60 21.59 21.58 21.59
21.55 21.50 21.48 21.46 21.44 21.42 21.39 21.38 21.36 21.34 21.33 21.31 21.29 21.28 21.26 21.25 21.24 21.24 21.24 21.24 21.25 21.27 21.28 21.31 21.34 21.37 21.42 21.45 21.49 21.53 21.57 21.61 21.65 21.68 21.72 21.74 21.77 21.79 21.81 21.82 21.82 21.82 21.81 21.80 21.78 21.76 21.74 21.72 21.70 21.67 21.64 21.62 21.58 21.56 21.53 21.50 21.48 21.46 21.44 21.45 21.45 21.45 21.46 21.47 21.48 21.47 21.49 21.50 21.50 21.52 21.53 21.55 21.56 21.57 21.58 21.58 21.59
21.57 21.52 21.50 21.48 21.46 21.44 21.42 21.40 21.38 21.36 21.34 21.33 21.31 21.29 21.28 21.27 21.26 21.25 21.25 21.26 21.27 21.28 21.30 21.33 21.36 21.39 21.42 21.46 21.50 21.54 21.58 21.61 21.65 21.68 21.71 21.74 21.76 21.78 21.80 21.80 21.81 21.80 21.79 21.78 21.76 21.74 21.71 21.69 21.66 21.64 21.61 21.59 21.56 21.52 21.49 21.47 21.44 21.43 21.42 21.41 21.41 21.41 21.42 21.43 21.43 21.44 21.45 21.45 21.47 21.49 21.50 21.52 21.53 21.55 21.56 21.58 21.59
21.56 21.54 21.52 21.50 21.48 21.46 21.44 21.42 21.40 21.38 21.36 21.35 21.33 21.31 21.30 21.29 21.28 21.27 21.27 21.28 21.29 21.30 21.32 21.34 21.37 21.40 21.44 21.47 21.51 21.54 21.58 21.61 21.66 21.69 21.72 21.74 21.76 21.78 21.79 21.80 21.80 21.79 21.78 21.76 21.74 21.72 21.70 21.67 21.64 21.62 21.59 21.56 21.53 21.49 21.46 21.43 21.41 21.40 21.39 21.38 21.37 21.38 21.38 21.38 21.39 21.39 21.41 21.42 21.44 21.46 21.48 21.49 21.51 21.53 21.56 21.58 21.60
21.59 21.57 21.55 21.52 21.50 21.49 21.47 21.45 21.43 21.41 21.39 21.37 21.35 21.34 21.32 21.31 21.30 21.30 21.30 21.30 21.31 21.32 21.33 21.36 21.39 21.41 21.45 21.48 21.52 21.55 21.58 21.62 21.66 21.69 21.73 21.75 21.78 21.79 21.80 21.80 21.80 21.79 21.77 21.75 21.73 21.71 21.68 21.65 21.62 21.59 21.57 21.54 21.50 21.46 21.43 21.41 21.39 21.37 21.36 21.35 21.34 21.34 21.35 21.34 21.35 21.36 21.38 21.39 21.41 21.44 21.45 21.48 21.50 21.53 21.56 21.58 21.61
21.61 21.59 21.57 21.57 21.54 21.52 21.50 21.48 21.46 21.43 21.41 21.39 21.38 21.36 21.35 21.34 21.33 21.32 21.32 21.33 21.33 21.34 21.35 21.38 21.41 21.43 21.46 21.49 21.53 21.56 21.59 21.64 21.67 21.71 21.73 21.76 21.78 21.79 21.79 21.79 21.78 21.79 21.77 21.75 21.72 21.70 21.67 21.63 21.61 21.58 21.54 21.51 21.48 21.44 21.41 21.39 21.36 21.35 21.33 21.32 21.31 21.31 21.30 21.31 21.31 21.33 21.35 21.37 21.39 21.41 21.43 21.46 21.49 21.53 21.56 21.59 21.62
21.65 21.63 21.63 21.61 21.58 21.56 21.53 21.51 21.48 21.46 21.44 21.42 21.41 21.39 21.38 21.37 21.36 21.36 21.35 21.35 21.36 21.37 21.38 21.40 21.42 21.45 21.48 21.51 21.54 21.59 21.62 21.66 21.69 21.72 21.75 21.77 21.78 21.79 21.80 21.79 21.79 21.78 21.78 21.76 21.73 21.71 21.67 21.64 21.60 21.56 21.53 21.49 21.46 21.43 21.39 21.36 21.35 21.32 21.31 21.30 21.29 21.28 21.28 21.28 21.29 21.31 21.33 21.35 21.37 21.40 21.43 21.45 21.48 21.53 21.56 21.60 21.64
21.68 21.69 21.66 21.64 21.61 21.59 21.56 21.54 21.52 21.49 21.47 21.46 21.44 21.42 21.41 21.40 21.40 21.39 21.38 21.38 21.39 21.40 21.41 21.43 21.45 21.49 21.50 21.53 21.57 21.61 21.64 21.67 21.71 21.74 21.76 21.78 21.79 21.80 21.80 21.80 21.80 21.79 21.78 21.76 21.73 21.72 21.68 21.64 21.59 21.56 21.52 21.48 21.45 21.42 21.38 21.36 21.34 21.32 21.30 21.28 21.27 21.26 21.25 21.26 21.27 21.29 21.31 21.34 21.36 21.39 21.43 21.46 21.50 21.53 21.57 21.61 21.65
21.74 21.71 21.69 21.67 21.64 21.62 21.60 21.57 21.55 21.53 21.51 21.49 21.47 21.46 21.44 21.43 21.43 21.42 21.42 21.42 21.42 21.43 21.45 21.46 21.48 21.52 21.55 21.56 21.60 21.63 21.66 21.70 21.73 21.75 21.78 21.80 21.81 21.82 21.82 21.82 21.81 21.80 21.79 21.77 21.74 21.73 21.69 21.64 21.60 21.56 21.52 21.48 21.45 21.41 21.38 21.35 21.33 21.31 21.29 21.28 21.26 21.25 21.25 21.25 21.26 21.28 21.30 21.32 21.35 21.39 21.43 21.47 21.51 21.55 21.59 21.63 21.68
21.77 21.75 21.72 21.70 21.68 21.65 21.63 21.61 21.58 21.57 21.54 21.52 21.51 21.49 21.48 21.47 21.46 21.46 21.46 21.46 21.46 21.47 21.49 21.50 21.53 21.55 21.58 21.61 21.63 21.66 21.69 21.72 21.75 21.77 21.80 21.82 21.83 21.84 21.83 21.83 21.82 21.81 21.80 21.78 21.75 21.74 21.70 21.65 21.60 21.58 21.52 21.48 21.44 21.41 21.39 21.36 21.33 21.30 21.29 21.27 21.25 21.24 21.24 21.24 21.24 21.26 21.29 21.33 21.36 21.40 21.44 21.49 21.53 21.57 21.61 21.66 21.70
21.80 21.78 21.76 21.73 21.71 21.69 21.66 21.65 21.62 21.60 21.58 21.56 21.55 21.53 21.52 21.51 21.50 21.49 21.49 21.50 21.50 21.51 21.53 21.54 21.57 21.59 21.61 21.64 21.67 21.69 21.72 21.75 21.77 21.79 21.81 21.83 21.84 21.85 21.85 21.85 21.84 21.83 21.82 21.80 21.77 21.75 21.72 21.69 21.63 21.59 21.55 21.51 21.45 21.43 21.40 21.36 21.33 21.30 21.29 21.27 21.26 21.24 21.24 21.25 21.25 21.27 21.30 21.33 21.37 21.41 21.46 21.50 21.55 21.59 21.64 21.69 21.73
21.83 21.81 21.79 21.77 21.74 21.72 21.70 21.68 21.66 21.64 21.62 21.60 21.58 21.57 21.55 21.54 21.54 21.53 21.54 21.54 21.55 21.56 21.57 21.59 21.60 21.62 21.65 21.67 21.70 21.73 21.75 21.77 21.79 21.81 21.83 21.85 21.86 21.87 21.87 21.87 21.86 21.85 21.83 21.81 21.79 21.76 21.74 21.70 21.66 21.61 21.57 21.53 21.47 21.45 21.41 21.38 21.34 21.31 21.29 21.28 21.27 21.25 21.25 21.24 21.26 21.28 21.31 21.35 21.39 21.43 21.48 21.53 21.58 21.63 21.67 21.72 21.76
21.87 21.84 21.82 21.81 21.79 21.77 21.74 21.73 21.70 21.68 21.66 21.64 21.62 21.61 21.59 21.58 21.58 21.58 21.58 21.58 21.59 21.60 21.62 21.63 21.65 21.67 21.69 21.72 21.74 21.76 21.77 21.80 21.82 21.84 21.86 21.87 21.88 21.89 21.90 21.89 21.88 21.87 21.85 21.83 21.81 21.78 21.75 21.71 21.68 21.63 21.59 21.55 21.49 21.46 21.43 21.39 21.35 21.32 21.30 21.29 21.27 21.26 21.27 21.28 21.28 21.30 21.33 21.37 21.41 21.45 21.50 21.56 21.61 21.66 21.71 21.75 21.80
21.90 21.88 21.86 21.85 21.82 21.81 21.79 21.76 21.73 21.71 21.69 21.68 21.66 21.65 21.63 21.62 21.62 21.62 21.62 21.63 21.64 21.65 21.66 21.68 21.69 21.72 21.74 21.76 21.77 21.79 21.81 21.83 21.85 21.87 21.88 21.90 21.91 21.91 21.92 21.91 21.90 21.89 21.87 21.85 21.83 21.80 21.77 21.73 21.69 21.67 21.61 21.57 21.53 21.47 21.44 21.41 21.38 21.34 21.32 21.31 21.29 21.29 21.29 21.30 21.30 21.32 21.35 21.40 21.44 21.48 21.54 21.59 21.64 21.70 21.75 21.79 21.84
21.93 21.91 21.91 21.89 21.87 21.85 21.81 21.79 21.77 21.75 21.74 21.72 21.70 21.69 21.68 21.67 21.67 21.66 21.67 21.68 21.68 21.70 21.72 21.72 21.74 21.76 21.78 21.80 21.81 21.83 21.85 21.86 21.88 21.90 21.91 21.92 21.93 21.93 21.94 21.93 21.92 21.91 21.89 21.87 21.85 21.82 21.79 21.75 21.72 21.68 21.64 21.60 21.56 21.52 21.47 21.44 21.41 21.37 21.35 21.34 21.32 21.32 21.32 21.32 21.33 21.35 21.38 21.41 21.47 21.52 21.57 21.62 21.68 21.73 21.79 21.83 21.88
21.98 21.96 21.94 21.90 21.88 21.87 21.85 21.83 21.81 21.80 21.78 21.76 21.75 21.73 21.72 21.72 21.71 21.71 21.72 21.72 21.74 21.75 21.76 21.77 21.79 21.81 21.83 21.84 21.85 21.87 21.88 21.90 21.92 21.93 21.95 21.95 21.96 21.96 21.96 21.96 21.94 21.93 21.91 21.90 21.87 21.84 21.81 21.78 21.73 21.68 21.66 21.63 21.59 21.55 21.50 21.47 21.43 21.40 21.39 21.37 21.34 21.35 21.35 21.36 21.36 21.38 21.41 21.45 21.49 21.53 21.59 21.66 21.71 21.77 21.82 21.87 21.92
21.98 21.96 21.95 21.94 21.92 21.90 21.89 21.87 21.85 21.84 21.82 21.81 21.79 21.78 21.77 21.76 21.76 21.76 21.77 21.78 21.78 21.79 21.81 21.83 21.84 21.85 21.87 21.88 21.89 21.90 21.92 21.94 21.95 21.96 21.97 21.97 21.98 21.99 21.98 21.98 21.96 21.95 21.93 21.91 21.88 21.86 21.83 21.80 21.77 21.72 21.67 21.65 21.62 21.58 21.53 21.50 21.46 21.44 21.42 21.41 21.38 21.39 21.39 21.40 21.40 21.42 21.45 21.48 21.52 21.57 21.62 21.67 21.75 21.80 21.86 21.90 21.95
22.01 22.00 21.99 21.97 21.96 21.94 21.93 21.91 21.90 21.88 21.87 21.85 21.84 21.83 21.82 21.82 21.82 21.82 21.82 21.82 21.83 21.85 21.86 21.87 21.89 21.90 21.90 21.92 21.93 21.94 21.95 21.96 21.97 21.98 21.99 22.00 22.00 22.02 22.00 21.99 21.98 21.97 21.95 21.93 21.90 21.87 21.85 21.82 21.79 21.73 21.70 21.69 21.65 21.63 21.59 21.54 21.50 21.47 21.46 21.43 21.42 21.41 21.43 21.44 21.45 21.46 21.49 21.52 21.56 21.61 21.66 21.71 21.76 21.84 21.89 21.93 21.98
22.04 22.03 22.02 22.01 22.00 21.98 21.97 21.96 21.94 21.93 21.91 21.90 21.89 21.88 21.88 21.87 21.87 21.87 21.87 21.87 21.88 21.90 21.91 21.92 21.93 21.94 21.95 21.96 21.97 21.98 21.98 21.99 22.00 22.01 22.01 22.01 22.02 22.03 22.02 22.01 21.99 21.98 21.96 21.94 21.92 21.89 21.87 21.84 21.81 21.76 21.73 21.72 21.68 21.64 21.62 21.57 21.54 21.52 21.50 21.47 21.46 21.46 21.47 21.48 21.49 21.51 21.53 21.56 21.60 21.65 21.69 21.74 21.79 21.85 21.92 21.96 22.01
22.05 22.07 22.06 22.05 22.04 22.03 22.01 22.00 21.99 21.98 21.96 21.95 21.94 21.93 21.93 21.92 21.92 21.92 21.92 21.93 21.93 21.95 21.96 21.97 21.97 21.98 21.99 22.00 22.00 22.01 22.01 22.02 22.02 22.03 22.03 22.02 22.03 22.03 22.03 22.02 22.00 21.99 21.97 21.95 21.93 21.91 21.88 21.86 21.81 21.78 21.75 21.72 21.71 21.70 21.67 21.63 21.59 21.56 21.54 21.53 21.50 21.50 21.50 21.52 21.53 21.56 21.58 21.60 21.64 21.69 21.73 21.78 21.83 21.88 21.93 21.99 22.04
22.10 22.09 22.09 22.08 22.07 22.07 22.06 22.04 22.03 22.02 22.01 22.00 22.00 21.99 21.98 21.98 21.98 21.97 21.98 21.98 21.99 21.99 22.01 22.01 22.01 22.02 22.03 22.03 22.04 22.04 22.04 22.04 22.04 22.04 22.04 22.04 22.03 22.03 22.04 22.03 22.02 22.00 21.98 21.96 21.95 21.93 21.90 21.88 21.83 21.80 21.77 21.76 21.73 21.71 21.69 21.67 21.64 21.60 21.59 21.55 21.54 21.54 21.54 21.56 21.58 21.60 21.63 21.64 21.68 21.72 21.76 21.81 21.85 21.90 21.93 21.98 22.02
22.13 22.13 22.13 22.12 22.12 22.11 22.10 22.09 22.08 22.07 22.06 22.05 22.05 22.04 22.04 22.04 22.03 22.03 22.03 22.03 22.04 22.04 22.05 22.05 22.05 22.06 22.06 22.07 22.07 22.07 22.06 22.06 22.06 22.05 22.05 22.04 22.04 22.03 22.04 22.03 22.02 22.01 22.00 21.98 21.96 21.93 21.91 21.89 21.87 21.82 21.80 21.77 21.75 21.75 21.73 21.70 21.68 21.66 21.64 21.60 21.59 21.59 21.59 21.61 21.62 21.64 21.67 21.68 21.72 21.76 21.80 21.84 21.89 21.92 21.96 22.01 22.04
