data/EU espacial/T03062017.grd
DSAA
94	94
0.0000	100.0000
0.0000	100.0000
21.1987	22.8015
[rows 0 to 33 of 94, columns 0 to 76 of 94]
22.29 22.46 22.48 22.51 22.54 22.57 22.59 22.62 22.64 22.65 22.67 22.68 22.68 22.68 22.68 22.68 22.67 22.63 22.61 22.59 22.58 22.55 22.52 22.49 22.47 22.45 22.42 22.40 22.41 22.40 22.40 22.39 22.39 22.38 22.39 22.40 22.40 22.41 22.42 22.44 22.46 22.48 22.50 22.51 22.53 22.53 22.52 22.53 22.53 22.54 22.54 22.52 22.51 22.47 22.47 22.46 22.46 22.44 22.43 22.43 22.42 22.41 22.40 22.40 22.40 22.39 22.38 22.37 22.34 22.34 22.33 22.31 22.29 22.27 22.26 22.24 22.22
22.31 22.46 22.49 22.52 22.55 22.58 22.61 22.64 22.66 22.68 22.69 22.70 22.71 22.71 22.71 22.70 22.69 22.66 22.64 22.61 22.58 22.57 22.54 22.51 22.48 22.46 22.43 22.41 22.38 22.39 22.37 22.38 22.38 22.37 22.38 22.39 22.39 22.40 22.42 22.44 22.45 22.48 22.49 22.51 22.52 22.51 22.52 22.53 22.53 22.53 22.52 22.51 22.51 22.50 22.47 22.46 22.45 22.44 22.43 22.42 22.41 22.40 22.39 22.38 22.37 22.36 22.35 22.33 22.32 22.31 22.30 22.28 22.26 22.24 22.23 22.21 22.19
22.31 22.35 22.50 22.53 22.57 22.60 22.63 22.65 22.68 22.70 22.72 22.73 22.74 22.74 22.74 22.73 22.71 22.69 22.66 22.64 22.61 22.58 22.55 22.52 22.49 22.46 22.43 22.41 22.39 22.37 22.37 22.37 22.37 22.37 22.37 22.37 22.39 22.40 22.41 22.43 22.45 22.47 22.48 22.50 22.51 22.51 22.51 22.51 22.53 22.53 22.51 22.51 22.50 22.50 22.46 22.45 22.45 22.44 22.42 22.41 22.40 22.39 22.37 22.36 22.35 22.33 22.32 22.31 22.29 22.27 22.26 22.24 22.22 22.21 22.19 22.17 22.15
22.32 22.36 22.40 22.44 22.57 22.61 22.64 22.67 22.69 22.72 22.74 22.75 22.76 22.76 22.76 22.75 22.74 22.71 22.69 22.66 22.63 22.59 22.57 22.53 22.50 22.46 22.44 22.41 22.39 22.37 22.36 22.35 22.35 22.36 22.36 22.36 22.38 22.39 22.41 22.42 22.44 22.46 22.47 22.49 22.49 22.50 22.50 22.50 22.51 22.51 22.50 22.50 22.49 22.49 22.46 22.45 22.44 22.42 22.41 22.39 22.38 22.37 22.35 22.34 22.32 22.31 22.29 22.27 22.26 22.24 22.22 22.20 22.18 22.17 22.15 22.13 22.11
22.32 22.36 22.41 22.45 22.58 22.61 22.65 22.68 22.71 22.73 22.75 22.77 22.78 22.78 22.78 22.77 22.76 22.73 22.71 22.68 22.64 22.61 22.58 22.54 22.50 22.47 22.44 22.41 22.39 22.36 22.35 22.34 22.34 22.35 22.35 22.36 22.37 22.38 22.40 22.42 22.43 22.45 22.46 22.47 22.48 22.49 22.49 22.50 22.50 22.50 22.50 22.49 22.48 22.47 22.46 22.44 22.42 22.41 22.39 22.38 22.36 22.34 22.32 22.31 22.29 22.27 22.25 22.24 22.22 22.20 22.18 22.16 22.14 22.12 22.10 22.08 22.06
22.32 22.36 22.41 22.45 22.50 22.57 22.65 22.68 22.71 22.74 22.76 22.78 22.79 22.79 22.79 22.78 22.77 22.75 22.72 22.69 22.66 22.62 22.58 22.55 22.51 22.47 22.44 22.41 22.38 22.36 22.35 22.34 22.33 22.34 22.34 22.35 22.36 22.38 22.39 22.40 22.42 22.43 22.45 22.46 22.47 22.48 22.49 22.49 22.49 22.48 22.48 22.47 22.47 22.46 22.44 22.42 22.41 22.39 22.37 22.36 22.33 22.31 22.30 22.28 22.26 22.24 22.22 22.20 22.18 22.15 22.13 22.11 22.09 22.07 22.05 22.03 22.02
22.32 22.36 22.41 22.45 22.50 22.54 22.61 22.65 22.68 22.74 22.76 22.78 22.79 22.80 22.80 22.79 22.78 22.76 22.73 22.70 22.67 22.63 22.59 22.55 22.51 22.48 22.44 22.41 22.38 22.35 22.34 22.33 22.32 22.33 22.34 22.34 22.35 22.37 22.38 22.39 22.41 22.42 22.44 22.45 22.47 22.47 22.48 22.48 22.48 22.47 22.46 22.45 22.45 22.44 22.42 22.40 22.39 22.37 22.35 22.33 22.31 22.28 22.26 22.24 22.22 22.20 22.18 22.15 22.13 22.11 22.09 22.06 22.04 22.02 22.00 21.98 21.96
22.31 22.35 22.40 22.45 22.49 22.54 22.60 22.64 22.68 22.71 22.74 22.77 22.79 22.80 22.80 22.80 22.78 22.76 22.74 22.71 22.67 22.63 22.59 22.55 22.51 22.47 22.44 22.41 22.38 22.35 22.33 22.32 22.32 22.32 22.33 22.33 22.34 22.36 22.37 22.38 22.39 22.41 22.43 22.44 22.45 22.46 22.47 22.47 22.47 22.46 22.45 22.44 22.43 22.42 22.40 22.39 22.36 22.34 22.32 22.30 22.28 22.25 22.23 22.21 22.18 22.16 22.13 22.11 22.08 22.06 22.04 22.01 21.99 21.97 21.95 21.93 21.91
22.30 22.34 22.39 22.44 22.48 22.53 22.59 22.63 22.67 22.71 22.74 22.76 22.78 22.79 22.80 22.79 22.78 22.76 22.74 22.71 22.67 22.63 22.59 22.55 22.51 22.47 22.43 22.40 22.37 22.34 22.32 22.31 22.32 22.31 22.32 22.33 22.34 22.35 22.36 22.38 22.39 22.40 22.41 22.43 22.44 22.45 22.46 22.45 22.45 22.44 22.43 22.42 22.41 22.39 22.38 22.36 22.34 22.31 22.29 22.27 22.24 22.22 22.19 22.17 22.14 22.12 22.09 22.06 22.04 22.01 21.99 21.96 21.94 21.92 21.90 21.87 21.85
22.28 22.33 22.37 22.42 22.47 22.52 22.56 22.62 22.66 22.69 22.73 22.75 22.77 22.78 22.79 22.78 22.77 22.76 22.73 22.70 22.66 22.63 22.59 22.55 22.51 22.46 22.43 22.39 22.36 22.33 22.31 22.30 22.30 22.30 22.31 22.31 22.32 22.34 22.35 22.37 22.39 22.39 22.42 22.42 22.43 22.44 22.44 22.44 22.44 22.43 22.42 22.40 22.38 22.36 22.34 22.33 22.31 22.28 22.25 22.23 22.21 22.18 22.15 22.13 22.10 22.07 22.04 22.02 21.99 21.96 21.94 21.92 21.89 21.87 21.84 21.82 21.80
22.26 22.31 22.35 22.40 22.45 22.50 22.55 22.60 22.64 22.67 22.71 22.73 22.75 22.77 22.77 22.77 22.76 22.74 22.72 22.68 22.65 22.62 22.58 22.54 22.49 22.45 22.41 22.38 22.34 22.32 22.29 22.28 22.29 22.29 22.30 22.30 22.32 22.33 22.34 22.36 22.38 22.40 22.41 22.41 22.42 22.43 22.43 22.43 22.42 22.41 22.40 22.38 22.36 22.33 22.31 22.29 22.25 22.24 22.22 22.19 22.17 22.14 22.12 22.09 22.06 22.03 22.00 21.97 21.94 21.92 21.89 21.87 21.84 21.81 21.79 21.77 21.75
22.24 22.29 22.33 22.38 22.43 22.48 22.52 22.57 22.61 22.65 22.68 22.71 22.73 22.74 22.75 22.75 22.74 22.72 22.70 22.66 22.62 22.60 22.56 22.52 22.48 22.44 22.40 22.37 22.33 22.30 22.29 22.29 22.28 22.28 22.28 22.29 22.30 22.32 22.33 22.35 22.37 22.39 22.40 22.40 22.41 22.42 22.42 22.41 22.40 22.39 22.37 22.35 22.33 22.31 22.28 22.25 22.22 22.21 22.18 22.16 22.13 22.10 22.08 22.05 22.01 21.98 21.95 21.92 21.90 21.87 21.84 21.81 21.79 21.76 21.74 21.72 21.70
22.22 22.26 22.31 22.35 22.40 22.45 22.49 22.54 22.58 22.62 22.65 22.68 22.70 22.71 22.72 22.72 22.71 22.69 22.67 22.63 22.60 22.56 22.54 22.50 22.46 22.42 22.39 22.35 22.31 22.29 22.27 22.27 22.26 22.26 22.26 22.28 22.30 22.31 22.33 22.34 22.37 22.37 22.39 22.39 22.39 22.40 22.40 22.40 22.38 22.37 22.35 22.33 22.30 22.28 22.25 22.22 22.19 22.16 22.15 22.12 22.09 22.06 22.04 22.01 21.97 21.94 21.91 21.88 21.85 21.82 21.79 21.77 21.74 21.72 21.69 21.67 21.66
22.19 22.23 22.28 22.32 22.37 22.41 22.46 22.50 22.55 22.58 22.61 22.64 22.66 22.67 22.68 22.68 22.67 22.66 22.64 22.60 22.56 22.53 22.49 22.47 22.44 22.40 22.36 22.33 22.29 22.27 22.25 22.26 22.24 22.24 22.25 22.26 22.28 22.30 22.32 22.33 22.35 22.36 22.38 22.38 22.38 22.39 22.39 22.38 22.37 22.35 22.32 22.30 22.27 22.25 22.23 22.20 22.16 22.13 22.11 22.08 22.05 22.02 21.99 21.97 21.93 21.90 21.87 21.84 21.81 21.78 21.75 21.73 21.70 21.67 21.65 21.63 21.61
22.16 22.20 22.24 22.29 22.33 22.38 22.42 22.46 22.51 22.54 22.57 22.60 22.62 22.63 22.64 22.64 22.63 22.62 22.60 22.56 22.53 22.49 22.46 22.43 22.41 22.37 22.34 22.31 22.29 22.27 22.26 22.24 22.23 22.22 22.23 22.26 22.27 22.29 22.31 22.32 22.36 22.37 22.37 22.37 22.37 22.38 22.37 22.36 22.35 22.32 22.30 22.27 22.25 22.22 22.20 22.17 22.13 22.10 22.06 22.04 22.01 21.98 21.95 21.93 21.90 21.86 21.83 21.80 21.78 21.74 21.72 21.69 21.66 21.63 21.61 21.59 21.57
22.13 22.17 22.21 22.25 22.30 22.34 22.38 22.42 22.46 22.50 22.53 22.55 22.57 22.58 22.59 22.59 22.58 22.57 22.55 22.51 22.48 22.45 22.42 22.39 22.36 22.34 22.31 22.28 22.27 22.25 22.23 22.21 22.21 22.21 22.22 22.25 22.26 22.28 22.31 22.33 22.35 22.36 22.36 22.36 22.37 22.37 22.36 22.35 22.33 22.30 22.28 22.25 22.22 22.20 22.17 22.14 22.10 22.07 22.03 22.01 21.97 21.94 21.91 21.88 21.86 21.83 21.79 21.77 21.74 21.71 21.68 21.65 21.62 21.60 21.58 21.56 21.54
22.10 22.13 22.17 22.21 22.26 22.30 22.34 22.38 22.41 22.45 22.48 22.50 22.52 22.53 22.54 22.54 22.53 22.52 22.50 22.46 22.44 22.41 22.38 22.35 22.32 22.29 22.28 22.25 22.24 22.22 22.21 22.19 22.19 22.20 22.20 22.23 22.24 22.26 22.30 22.31 22.35 22.35 22.35 22.35 22.35 22.36 22.35 22.33 22.31 22.28 22.25 22.22 22.19 22.16 22.14 22.11 22.07 22.04 22.00 21.96 21.94 21.91 21.88 21.85 21.83 21.79 21.76 21.74 21.70 21.68 21.65 21.62 21.59 21.57 21.55 21.52 21.51
22.07 22.10 22.14 22.18 22.22 22.25 22.29 22.33 22.37 22.40 22.43 22.45 22.46 22.48 22.48 22.48 22.47 22.46 22.44 22.41 22.38 22.36 22.33 22.30 22.28 22.25 22.23 22.22 22.21 22.20 22.18 22.17 22.17 22.18 22.19 22.22 22.23 22.25 22.28 22.32 22.33 22.33 22.34 22.35 22.34 22.35 22.33 22.31 22.29 22.26 22.23 22.19 22.16 22.13 22.09 22.08 22.04 22.01 21.97 21.93 21.89 21.86 21.84 21.82 21.79 21.76 21.74 21.71 21.68 21.65 21.62 21.58 21.57 21.55 21.53 21.50 21.49
22.04 22.07 22.11 22.14 22.18 22.22 22.25 22.29 22.32 22.35 22.37 22.39 22.41 22.42 22.42 22.42 22.41 22.40 22.38 22.35 22.33 22.30 22.28 22.25 22.23 22.21 22.19 22.18 22.18 22.17 22.16 22.16 22.15 22.16 22.18 22.20 22.21 22.25 22.27 22.30 22.33 22.32 22.33 22.33 22.34 22.34 22.32 22.30 22.27 22.24 22.20 22.17 22.14 22.10 22.07 22.03 22.02 21.97 21.94 21.90 21.87 21.83 21.80 21.77 21.76 21.74 21.71 21.68 21.65 21.63 21.60 21.57 21.54 21.52 21.50 21.49 21.48
22.01 22.04 22.07 22.11 22.14 22.17 22.21 22.24 22.27 22.30 22.34 22.36 22.37 22.38 22.38 22.38 22.38 22.36 22.35 22.32 22.29 22.27 22.25 22.23 22.21 22.19 22.17 22.17 22.17 22.14 22.13 22.13 22.13 22.14 22.17 22.19 22.23 22.24 22.26 22.30 22.32 22.32 22.32 22.33 22.33 22.33 22.31 22.29 22.25 22.22 22.18 22.15 22.11 22.07 22.04 22.01 21.99 21.95 21.91 21.88 21.84 21.81 21.78 21.75 21.72 21.69 21.69 21.66 21.63 21.60 21.58 21.56 21.53 21.51 21.50 21.49 21.47
21.98 22.01 22.04 22.07 22.10 22.13 22.16 22.20 22.23 22.25 22.27 22.30 22.31 22.32 22.32 22.32 22.31 22.30 22.28 22.25 22.23 22.21 22.19 22.17 22.15 22.14 22.12 22.12 22.13 22.11 22.10 22.11 22.13 22.13 22.15 22.18 22.22 22.23 22.26 22.29 22.31 22.31 22.32 22.32 22.32 22.32 22.30 22.28 22.24 22.21 22.16 22.13 22.09 22.05 22.02 22.01 21.97 21.93 21.89 21.85 21.82 21.79 21.76 21.73 21.70 21.68 21.66 21.63 21.62 21.60 21.57 21.55 21.53 21.51 21.49 21.49 21.48
21.94 21.97 22.00 22.03 22.06 22.09 22.12 22.15 22.17 22.20 22.22 22.23 22.25 22.26 22.26 22.25 22.25 22.23 22.22 22.19 22.17 22.15 22.13 22.11 22.10 22.09 22.09 22.09 22.10 22.09 22.10 22.09 22.11 22.11 22.13 22.17 22.21 22.23 22.26 22.28 22.30 22.30 22.31 22.31 22.30 22.30 22.28 22.26 22.23 22.19 22.16 22.12 22.07 22.03 22.03 21.99 21.95 21.91 21.88 21.83 21.80 21.77 21.74 21.72 21.70 21.67 21.64 21.63 21.60 21.59 21.57 21.55 21.53 21.51 21.50 21.49 21.48
21.92 21.94 21.97 21.99 22.02 22.05 22.08 22.10 22.12 22.14 22.16 22.17 22.18 22.20 22.19 22.19 22.18 22.17 22.15 22.12 22.10 22.08 22.07 22.06 22.04 22.05 22.04 22.04 22.06 22.06 22.07 22.08 22.09 22.10 22.12 22.15 22.20 22.23 22.25 22.27 22.28 22.29 22.31 22.30 22.30 22.29 22.27 22.25 22.22 22.18 22.14 22.10 22.06 22.05 22.01 21.97 21.93 21.90 21.86 21.82 21.79 21.76 21.73 21.71 21.69 21.67 21.64 21.63 21.61 21.60 21.57 21.56 21.54 21.52 21.51 21.50 21.49
21.89 21.91 21.94 21.96 21.98 22.01 22.03 22.05 22.07 22.09 22.10 22.12 22.12 22.13 22.13 22.12 22.11 22.10 22.08 22.05 22.04 22.02 22.01 22.00 22.00 22.00 22.00 22.00 22.03 22.04 22.05 22.07 22.09 22.11 22.11 22.17 22.21 22.23 22.26 22.26 22.28 22.29 22.30 22.30 22.29 22.28 22.26 22.24 22.21 22.17 22.13 22.09 22.05 22.00 21.99 21.95 21.92 21.88 21.85 21.81 21.78 21.75 21.73 21.71 21.69 21.67 21.65 21.63 21.62 21.60 21.58 21.57 21.55 21.54 21.52 21.52 21.51
21.86 21.88 21.90 21.93 21.95 21.97 21.99 22.01 22.02 22.04 22.05 22.06 22.06 22.06 22.06 22.06 22.05 22.03 22.01 21.98 21.97 21.96 21.94 21.95 21.95 21.95 21.95 21.96 21.97 21.98 22.01 22.05 22.08 22.12 22.15 22.19 22.20 22.23 22.25 22.27 22.29 22.30 22.29 22.29 22.28 22.27 22.24 22.24 22.20 22.16 22.12 22.08 22.03 21.99 21.98 21.94 21.90 21.87 21.83 21.80 21.77 21.75 21.73 21.71 21.69 21.67 21.65 21.64 21.62 21.61 21.60 21.59 21.57 21.56 21.55 21.55 21.54
21.83 21.85 21.87 21.89 21.91 21.93 21.95 21.96 21.98 21.99 21.99 22.00 22.00 22.00 21.99 21.99 21.98 21.97 21.95 21.92 21.90 21.89 21.90 21.89 21.89 21.90 21.91 21.93 21.93 21.95 21.98 22.03 22.07 22.10 22.14 22.18 22.20 22.22 22.25 22.27 22.29 22.30 22.29 22.29 22.28 22.26 22.24 22.23 22.19 22.15 22.11 22.07 22.02 21.98 21.94 21.93 21.89 21.86 21.82 21.79 21.77 21.75 21.74 21.71 21.70 21.68 21.67 21.65 21.64 21.63 21.62 21.61 21.60 21.59 21.59 21.58 21.57
21.81 21.82 21.84 21.86 21.87 21.89 21.90 21.91 21.93 21.93 21.94 21.94 21.94 21.94 21.93 21.92 21.91 21.90 21.89 21.86 21.84 21.84 21.84 21.84 21.84 21.85 21.86 21.89 21.90 21.93 21.97 22.02 22.06 22.09 22.13 22.17 22.20 22.24 22.25 22.27 22.29 22.29 22.29 22.28 22.27 22.26 22.24 22.21 22.19 22.15 22.11 22.06 22.02 21.98 21.94 21.92 21.88 21.85 21.82 21.79 21.78 21.76 21.74 21.72 21.71 21.69 21.68 21.67 21.66 21.65 21.64 21.64 21.62 21.62 21.61 21.60 21.59
21.78 21.79 21.81 21.82 21.84 21.85 21.86 21.87 21.88 21.88 21.88 21.88 21.88 21.88 21.87 21.86 21.85 21.84 21.82 21.80 21.79 21.79 21.79 21.79 21.79 21.80 21.82 21.85 21.86 21.90 21.94 22.00 22.03 22.09 22.13 22.18 22.20 22.23 22.25 22.27 22.28 22.29 22.28 22.28 22.27 22.25 22.22 22.19 22.19 22.15 22.10 22.06 22.02 21.97 21.93 21.90 21.88 21.85 21.83 21.80 21.78 21.76 21.74 21.73 21.71 21.70 21.69 21.68 21.68 21.67 21.66 21.67 21.66 21.66 21.64 21.63 21.62
21.77 21.77 21.78 21.79 21.80 21.81 21.82 21.82 21.83 21.83 21.83 21.83 21.82 21.81 21.81 21.80 21.78 21.78 21.77 21.74 21.73 21.73 21.73 21.73 21.74 21.75 21.77 21.81 21.83 21.87 21.91 21.97 22.01 22.07 22.11 22.17 22.20 22.23 22.25 22.28 22.29 22.29 22.28 22.27 22.26 22.24 22.22 22.19 22.17 22.13 22.09 22.05 22.01 21.97 21.94 21.90 21.88 21.85 21.82 21.80 21.78 21.76 21.74 21.73 21.72 21.71 21.71 21.70 21.70 21.70 21.71 21.70 21.69 21.68 21.67 21.66 21.65
21.75 21.75 21.75 21.75 21.76 21.77 21.77 21.78 21.78 21.78 21.78 21.77 21.76 21.76 21.75 21.74 21.72 21.72 21.70 21.69 21.68 21.68 21.68 21.68 21.69 21.71 21.74 21.77 21.80 21.84 21.88 21.95 21.99 22.04 22.10 22.15 22.19 22.22 22.26 22.26 22.28 22.29 22.27 22.27 22.26 22.24 22.21 22.18 22.16 22.12 22.08 22.04 22.01 21.97 21.93 21.90 21.86 21.85 21.82 21.80 21.78 21.76 21.75 21.74 21.73 21.73 21.72 21.72 21.73 21.72 21.72 21.73 21.72 21.71 21.70 21.68 21.67
21.72 21.71 21.71 21.72 21.73 21.73 21.73 21.73 21.73 21.73 21.72 21.72 21.71 21.70 21.69 21.69 21.67 21.66 21.64 21.63 21.62 21.62 21.62 21.63 21.65 21.67 21.70 21.73 21.76 21.80 21.86 21.91 21.98 22.04 22.08 22.13 22.17 22.20 22.24 22.27 22.29 22.28 22.28 22.26 22.25 22.23 22.20 22.17 22.15 22.12 22.08 22.04 22.00 21.96 21.93 21.89 21.86 21.85 21.82 21.80 21.79 21.77 21.76 21.75 21.74 21.74 21.74 21.75 21.74 21.74 21.75 21.75 21.74 21.73 21.72 21.71 21.69
21.68 21.68 21.68 21.68 21.69 21.69 21.69 21.69 21.68 21.68 21.67 21.67 21.66 21.65 21.64 21.63 21.61 21.60 21.59 21.57 21.57 21.57 21.57 21.58 21.61 21.63 21.66 21.69 21.73 21.78 21.83 21.88 21.95 22.01 22.07 22.11 22.15 22.19 22.23 22.25 22.27 22.27 22.27 22.26 22.24 22.22 22.20 22.17 22.14 22.11 22.08 22.04 22.00 21.96 21.92 21.89 21.85 21.84 21.82 21.80 21.79 21.77 21.77 21.76 21.75 21.75 21.76 21.76 21.76 21.77 21.77 21.76 21.76 21.76 21.74 21.73 21.71
21.65 21.65 21.65 21.65 21.65 21.65 21.65 21.64 21.64 21.64 21.63 21.62 21.61 21.60 21.59 21.57 21.56 21.54 21.53 21.52 21.52 21.53 21.53 21.54 21.56 21.59 21.63 21.66 21.70 21.75 21.80 21.86 21.93 21.99 22.04 22.08 22.13 22.17 22.21 22.23 22.26 22.27 22.26 22.26 22.25 22.23 22.19 22.16 22.15 22.11 22.07 22.03 21.99 21.95 21.91 21.88 21.85 21.84 21.81 21.80 21.79 21.78 21.77 21.77 21.77 21.77 21.77 21.78 21.78 21.78 21.80 21.79 21.79 21.78 21.76 21.75 21.73
21.63 21.62 21.62 21.62 21.62 21.61 21.61 21.60 21.60 21.59 21.58 21.57 21.57 21.55 21.54 21.52 21.51 21.50 21.49 21.48 21.48 21.48 21.49 21.51 21.52 21.55 21.59 21.63 21.67 21.72 21.78 21.83 21.89 21.96 22.02 22.08 22.10 22.15 22.18 22.22 22.24 22.25 22.24 22.24 22.23 22.21 22.19 22.16 22.13 22.10 22.06 22.02 21.98 21.94 21.90 21.87 21.84 21.83 21.81 21.79 21.79 21.78 21.77 21.77 21.77 21.78 21.78 21.79 21.79 21.79 21.81 21.81 21.80 21.79 21.78 21.76 21.74
