data/EU espacial/T10062017.grd
DSAA
94	94
0.0000	100.0000
0.0000	100.0000
20.6351	22.1562
[rows 0 to 33 of 94, columns 0 to 76 of 94]
21.78 21.80 21.81 21.81 21.83 21.84 21.85 21.85 21.86 21.85 21.85 21.84 21.82 21.80 21.79 21.76 21.76 21.74 21.72 21.70 21.69 21.68 21.66 21.65 21.62 21.64 21.63 21.62 21.61 21.59 21.58 21.57 21.59 21.57 21.55 21.54 21.53 21.52 21.52 21.51 21.51 21.51 21.52 21.50 21.50 21.51 21.49 21.50 21.43 21.44 21.46 21.46 21.47 21.48 21.47 21.43 21.43 21.43 21.43 21.39 21.37 21.35 21.32 21.24 21.19 21.15 21.11 21.05 21.00 20.99 20.94 20.89 20.85 20.82 20.80 20.78 20.78
21.80 21.82 21.83 21.85 21.87 21.87 21.89 21.89 21.90 21.90 21.89 21.88 21.87 21.85 21.83 21.81 21.81 21.78 21.76 21.74 21.72 21.71 21.69 21.68 21.65 21.64 21.64 21.64 21.63 21.62 21.60 21.59 21.60 21.58 21.56 21.55 21.53 21.53 21.52 21.52 21.51 21.51 21.52 21.50 21.51 21.51 21.50 21.51 21.45 21.47 21.48 21.49 21.50 21.51 21.47 21.47 21.47 21.47 21.42 21.44 21.42 21.39 21.36 21.28 21.23 21.20 21.14 21.08 21.02 21.00 20.95 20.90 20.86 20.83 20.79 20.79 20.79
21.81 21.83 21.86 21.88 21.90 21.92 21.93 21.94 21.94 21.94 21.94 21.93 21.92 21.90 21.89 21.86 21.84 21.83 21.80 21.78 21.76 21.75 21.73 21.71 21.68 21.67 21.65 21.67 21.66 21.64 21.62 21.61 21.59 21.59 21.58 21.56 21.55 21.54 21.53 21.53 21.52 21.52 21.52 21.51 21.51 21.53 21.51 21.52 21.52 21.49 21.50 21.52 21.53 21.52 21.53 21.52 21.52 21.52 21.50 21.49 21.47 21.44 21.40 21.32 21.29 21.24 21.18 21.11 21.09 21.03 20.97 20.92 20.87 20.84 20.81 20.80 20.79
21.82 21.85 21.88 21.90 21.93 21.95 21.97 21.98 21.99 21.99 21.99 21.98 21.97 21.96 21.94 21.92 21.89 21.88 21.85 21.82 21.80 21.78 21.77 21.75 21.72 21.70 21.69 21.68 21.68 21.64 21.63 21.63 21.62 21.61 21.60 21.58 21.57 21.56 21.55 21.54 21.54 21.53 21.52 21.52 21.53 21.54 21.52 21.53 21.54 21.56 21.53 21.55 21.57 21.56 21.57 21.57 21.57 21.56 21.55 21.54 21.52 21.49 21.45 21.39 21.34 21.28 21.22 21.16 21.12 21.06 21.00 20.94 20.90 20.86 20.83 20.81 20.81
21.88 21.86 21.89 21.92 21.95 21.98 22.00 22.02 22.03 22.04 22.04 22.03 22.02 22.01 21.99 21.97 21.94 21.91 21.90 21.87 21.85 21.82 21.80 21.79 21.76 21.74 21.72 21.71 21.71 21.68 21.66 21.65 21.68 21.64 21.62 21.61 21.59 21.58 21.57 21.56 21.55 21.55 21.54 21.54 21.55 21.55 21.56 21.56 21.56 21.58 21.60 21.58 21.58 21.60 21.62 21.63 21.63 21.62 21.61 21.60 21.57 21.55 21.49 21.44 21.39 21.33 21.26 21.20 21.15 21.09 21.03 20.98 20.93 20.88 20.85 20.83 20.83
21.88 21.87 21.91 21.94 21.97 22.00 22.03 22.05 22.07 22.08 22.08 22.08 22.07 22.05 22.04 22.01 21.99 21.96 21.93 21.91 21.89 21.86 21.84 21.82 21.80 21.78 21.76 21.74 21.72 21.71 21.70 21.69 21.67 21.67 21.66 21.64 21.62 21.61 21.60 21.58 21.57 21.57 21.56 21.56 21.56 21.57 21.58 21.57 21.59 21.61 21.63 21.63 21.63 21.65 21.67 21.69 21.69 21.68 21.67 21.66 21.63 21.59 21.54 21.49 21.44 21.37 21.31 21.24 21.17 21.13 21.07 21.01 20.97 20.92 20.88 20.86 20.85
21.88 21.91 21.91 21.95 21.99 22.02 22.05 22.07 22.09 22.11 22.11 22.11 22.11 22.09 22.08 22.06 22.03 22.00 21.97 21.96 21.93 21.90 21.88 21.86 21.84 21.82 21.80 21.78 21.76 21.75 21.74 21.73 21.70 21.69 21.69 21.67 21.65 21.64 21.63 21.61 21.60 21.60 21.58 21.58 21.58 21.58 21.60 21.59 21.61 21.63 21.66 21.67 21.69 21.70 21.72 21.74 21.74 21.74 21.73 21.71 21.68 21.64 21.60 21.54 21.48 21.42 21.35 21.28 21.21 21.17 21.11 21.05 21.01 20.95 20.92 20.89 20.88
21.87 21.91 21.91 21.95 21.99 22.03 22.06 22.09 22.11 22.13 22.14 22.14 22.13 22.12 22.11 22.09 22.07 22.04 22.01 21.99 21.96 21.94 21.91 21.89 21.87 21.85 21.84 21.82 21.80 21.79 21.78 21.77 21.75 21.73 21.72 21.71 21.69 21.67 21.66 21.64 21.64 21.62 21.61 21.60 21.60 21.60 21.61 21.61 21.63 21.66 21.67 21.70 21.73 21.76 21.77 21.79 21.80 21.80 21.79 21.76 21.74 21.70 21.65 21.59 21.53 21.46 21.39 21.32 21.25 21.19 21.14 21.08 21.03 20.99 20.95 20.93 20.91
21.86 21.90 21.91 21.95 21.99 22.03 22.06 22.09 22.12 22.14 22.15 22.15 22.15 22.14 22.13 22.11 22.09 22.07 22.04 22.02 21.99 21.97 21.95 21.93 21.91 21.89 21.87 21.86 21.84 21.83 21.82 21.79 21.78 21.77 21.77 21.75 21.72 21.71 21.69 21.68 21.66 21.64 21.63 21.62 21.61 21.62 21.63 21.63 21.65 21.67 21.70 21.73 21.77 21.80 21.83 21.85 21.85 21.85 21.84 21.82 21.79 21.75 21.69 21.64 21.57 21.50 21.43 21.36 21.29 21.22 21.17 21.12 21.07 21.02 20.99 20.96 20.94
21.85 21.88 21.92 21.93 21.98 22.02 22.05 22.09 22.11 22.13 22.15 22.16 22.16 22.15 22.14 22.12 22.10 22.08 22.06 22.04 22.01 21.99 21.97 21.95 21.94 21.92 21.91 21.90 21.88 21.87 21.86 21.84 21.82 21.82 21.80 21.79 21.77 21.74 21.72 21.71 21.69 21.66 21.65 21.64 21.64 21.64 21.65 21.65 21.67 21.69 21.73 21.76 21.80 21.83 21.86 21.88 21.89 21.90 21.89 21.87 21.83 21.79 21.74 21.67 21.61 21.54 21.47 21.39 21.32 21.25 21.20 21.15 21.10 21.05 21.02 20.99 20.98
21.82 21.86 21.90 21.91 21.95 21.99 22.03 22.07 22.10 22.12 22.14 22.14 22.15 22.14 22.14 22.12 22.11 22.09 22.07 22.04 22.02 22.00 21.99 21.97 21.96 21.95 21.94 21.93 21.92 21.91 21.90 21.88 21.87 21.86 21.84 21.83 21.81 21.79 21.76 21.73 21.71 21.69 21.67 21.66 21.65 21.65 21.66 21.67 21.68 21.71 21.75 21.79 21.83 21.87 21.89 21.92 21.93 21.94 21.92 21.91 21.87 21.82 21.77 21.71 21.64 21.57 21.49 21.42 21.35 21.28 21.22 21.16 21.13 21.08 21.05 21.02 21.01
21.75 21.79 21.87 21.91 21.92 21.96 22.00 22.04 22.07 22.09 22.11 22.12 22.13 22.12 22.12 22.11 22.09 22.08 22.06 22.04 22.02 22.01 21.99 21.98 21.97 21.96 21.96 21.95 21.95 21.94 21.92 21.92 21.91 21.90 21.89 21.87 21.85 21.83 21.80 21.76 21.74 21.71 21.69 21.68 21.66 21.66 21.66 21.68 21.70 21.73 21.77 21.81 21.85 21.89 21.92 21.94 21.96 21.97 21.96 21.94 21.90 21.85 21.79 21.73 21.66 21.58 21.51 21.44 21.37 21.30 21.24 21.18 21.15 21.11 21.08 21.05 21.03
21.72 21.75 21.79 21.83 21.89 21.93 21.96 22.00 22.03 22.05 22.07 22.08 22.09 22.09 22.09 22.08 22.07 22.06 22.04 22.03 22.01 22.00 21.99 21.98 21.98 21.97 21.97 21.97 21.97 21.96 21.95 21.95 21.94 21.94 21.92 21.91 21.89 21.87 21.83 21.80 21.76 21.73 21.71 21.69 21.68 21.68 21.68 21.68 21.71 21.75 21.79 21.83 21.87 21.91 21.94 21.97 21.98 21.99 21.98 21.95 21.92 21.87 21.81 21.74 21.67 21.59 21.52 21.45 21.38 21.31 21.25 21.20 21.17 21.13 21.10 21.07 21.06
21.68 21.72 21.75 21.79 21.83 21.88 21.92 21.95 21.98 22.00 22.02 22.04 22.04 22.05 22.05 22.04 22.03 22.02 22.01 22.00 21.99 21.98 21.98 21.98 21.97 21.97 21.98 21.98 21.98 21.98 21.98 21.98 21.97 21.97 21.96 21.94 21.92 21.90 21.86 21.83 21.78 21.76 21.73 21.70 21.69 21.69 21.69 21.70 21.73 21.76 21.80 21.84 21.88 21.92 21.95 21.98 22.00 22.00 21.99 21.96 21.93 21.88 21.82 21.75 21.67 21.60 21.52 21.45 21.38 21.32 21.26 21.21 21.18 21.15 21.11 21.09 21.09
21.66 21.69 21.72 21.76 21.79 21.83 21.86 21.90 21.92 21.95 21.97 21.98 21.99 21.99 21.99 21.99 21.99 21.98 21.97 21.97 21.96 21.96 21.96 21.96 21.96 21.97 21.97 21.98 21.98 21.99 21.99 21.99 21.99 21.99 21.98 21.97 21.95 21.92 21.89 21.85 21.81 21.77 21.75 21.72 21.70 21.70 21.70 21.71 21.73 21.77 21.81 21.85 21.89 21.92 21.95 21.99 22.00 22.00 21.99 21.96 21.92 21.87 21.82 21.74 21.67 21.59 21.51 21.44 21.38 21.32 21.26 21.21 21.17 21.15 21.13 21.12 21.10
21.63 21.65 21.68 21.71 21.74 21.78 21.81 21.84 21.86 21.89 21.90 21.92 21.93 21.93 21.93 21.93 21.93 21.93 21.93 21.92 21.92 21.92 21.92 21.93 21.94 21.95 21.96 21.97 21.97 21.99 21.99 22.00 22.01 22.01 22.00 21.99 21.97 21.94 21.90 21.86 21.82 21.78 21.75 21.73 21.72 21.71 21.71 21.72 21.74 21.77 21.81 21.85 21.89 21.92 21.97 21.99 22.00 22.00 21.98 21.95 21.91 21.86 21.80 21.73 21.65 21.58 21.51 21.44 21.37 21.31 21.26 21.21 21.18 21.17 21.15 21.13 21.12
21.59 21.61 21.64 21.66 21.69 21.72 21.75 21.78 21.80 21.82 21.84 21.85 21.86 21.86 21.87 21.87 21.87 21.87 21.87 21.87 21.87 21.87 21.88 21.89 21.90 21.92 21.93 21.95 21.96 21.97 21.99 22.00 22.01 22.01 22.01 22.00 21.98 21.95 21.92 21.88 21.83 21.80 21.77 21.74 21.73 21.72 21.71 21.72 21.74 21.77 21.81 21.84 21.88 21.91 21.96 21.98 21.99 21.98 21.96 21.94 21.89 21.84 21.78 21.71 21.64 21.56 21.49 21.42 21.35 21.30 21.25 21.22 21.20 21.17 21.15 21.14 21.13
21.54 21.56 21.60 21.62 21.65 21.67 21.70 21.72 21.74 21.76 21.77 21.78 21.79 21.80 21.80 21.80 21.80 21.81 21.81 21.81 21.82 21.81 21.82 21.84 21.86 21.88 21.90 21.92 21.93 21.95 21.97 21.99 22.00 22.01 22.01 22.00 21.98 21.95 21.92 21.88 21.84 21.81 21.78 21.75 21.73 21.72 21.71 21.73 21.74 21.77 21.80 21.83 21.87 21.90 21.92 21.96 21.97 21.96 21.93 21.90 21.86 21.81 21.75 21.68 21.61 21.53 21.46 21.40 21.34 21.29 21.25 21.21 21.19 21.17 21.16 21.15 21.14
21.52 21.53 21.55 21.57 21.60 21.62 21.64 21.66 21.68 21.69 21.71 21.71 21.72 21.72 21.73 21.73 21.73 21.74 21.74 21.75 21.74 21.75 21.77 21.78 21.80 21.83 21.85 21.88 21.89 21.92 21.95 21.96 21.98 21.99 21.99 21.99 21.96 21.95 21.90 21.88 21.85 21.82 21.78 21.76 21.75 21.73 21.72 21.73 21.74 21.76 21.79 21.82 21.85 21.88 21.91 21.92 21.94 21.93 21.91 21.87 21.83 21.77 21.71 21.65 21.58 21.50 21.43 21.37 21.31 21.27 21.23 21.20 21.18 21.17 21.16 21.15 21.14
21.49 21.51 21.52 21.53 21.57 21.59 21.60 21.62 21.63 21.64 21.64 21.65 21.65 21.66 21.66 21.66 21.67 21.67 21.68 21.67 21.68 21.69 21.71 21.73 21.75 21.77 21.80 21.82 21.85 21.88 21.91 21.92 21.95 21.96 21.96 21.96 21.94 21.93 21.89 21.87 21.84 21.80 21.79 21.76 21.75 21.73 21.72 21.72 21.74 21.76 21.78 21.81 21.84 21.86 21.88 21.89 21.89 21.89 21.87 21.83 21.79 21.73 21.67 21.61 21.54 21.48 21.42 21.36 21.32 21.26 21.22 21.20 21.18 21.16 21.15 21.15 21.15
21.48 21.49 21.53 21.54 21.54 21.55 21.56 21.57 21.58 21.59 21.59 21.59 21.59 21.60 21.60 21.60 21.60 21.61 21.61 21.61 21.62 21.63 21.64 21.66 21.69 21.71 21.74 21.77 21.79 21.82 21.85 21.88 21.91 21.92 21.93 21.93 21.92 21.91 21.88 21.86 21.83 21.81 21.79 21.76 21.74 21.73 21.72 21.73 21.73 21.75 21.77 21.80 21.82 21.84 21.85 21.86 21.86 21.84 21.83 21.79 21.75 21.68 21.63 21.56 21.50 21.44 21.38 21.33 21.29 21.24 21.21 21.18 21.17 21.16 21.15 21.15 21.15
21.45 21.46 21.51 21.52 21.52 21.53 21.53 21.54 21.54 21.54 21.54 21.54 21.54 21.54 21.54 21.54 21.54 21.54 21.54 21.55 21.56 21.57 21.59 21.60 21.62 21.65 21.67 21.71 21.73 21.77 21.80 21.83 21.86 21.88 21.89 21.89 21.88 21.87 21.86 21.84 21.82 21.80 21.78 21.76 21.74 21.73 21.73 21.72 21.73 21.74 21.75 21.77 21.79 21.80 21.82 21.82 21.82 21.80 21.77 21.74 21.69 21.64 21.58 21.52 21.46 21.41 21.35 21.31 21.27 21.24 21.19 21.17 21.16 21.15 21.15 21.16 21.15
21.45 21.45 21.46 21.51 21.51 21.51 21.51 21.51 21.51 21.51 21.50 21.50 21.49 21.49 21.49 21.49 21.49 21.48 21.48 21.49 21.50 21.51 21.52 21.54 21.56 21.58 21.61 21.63 21.66 21.70 21.73 21.76 21.79 21.82 21.84 21.84 21.84 21.84 21.83 21.81 21.80 21.79 21.77 21.76 21.74 21.73 21.72 21.72 21.73 21.73 21.74 21.75 21.76 21.77 21.79 21.78 21.77 21.75 21.73 21.69 21.64 21.59 21.54 21.48 21.42 21.37 21.32 21.28 21.25 21.22 21.21 21.20 21.19 21.15 21.15 21.15 21.16
21.46 21.46 21.46 21.46 21.46 21.50 21.49 21.49 21.48 21.48 21.47 21.46 21.45 21.45 21.44 21.44 21.44 21.43 21.43 21.43 21.44 21.45 21.46 21.47 21.49 21.51 21.54 21.57 21.60 21.63 21.67 21.70 21.73 21.75 21.77 21.78 21.79 21.79 21.79 21.79 21.78 21.77 21.76 21.75 21.74 21.72 21.71 21.71 21.71 21.72 21.73 21.74 21.74 21.74 21.74 21.75 21.73 21.71 21.68 21.64 21.60 21.55 21.49 21.44 21.39 21.34 21.29 21.26 21.23 21.21 21.20 21.19 21.19 21.19 21.16 21.16 21.17
21.47 21.46 21.46 21.46 21.46 21.45 21.48 21.48 21.47 21.46 21.45 21.44 21.42 21.41 21.41 21.40 21.39 21.39 21.38 21.38 21.39 21.39 21.40 21.41 21.43 21.45 21.47 21.50 21.53 21.56 21.60 21.63 21.66 21.68 21.71 21.73 21.73 21.75 21.75 21.75 21.75 21.75 21.74 21.74 21.73 21.72 21.71 21.71 21.71 21.71 21.72 21.72 21.72 21.72 21.71 21.71 21.69 21.67 21.64 21.60 21.56 21.51 21.46 21.41 21.36 21.32 21.28 21.25 21.22 21.20 21.19 21.19 21.19 21.20 21.19 21.17 21.18
21.48 21.47 21.47 21.47 21.46 21.46 21.45 21.44 21.46 21.45 21.43 21.42 21.40 21.39 21.38 21.37 21.36 21.35 21.34 21.34 21.34 21.34 21.35 21.36 21.37 21.39 21.41 21.43 21.47 21.50 21.53 21.56 21.59 21.62 21.64 21.67 21.68 21.70 21.71 21.71 21.72 21.72 21.72 21.72 21.72 21.71 21.71 21.70 21.70 21.70 21.70 21.71 21.70 21.70 21.69 21.68 21.66 21.63 21.60 21.56 21.52 21.47 21.43 21.38 21.34 21.30 21.27 21.24 21.22 21.20 21.20 21.20 21.20 21.21 21.21 21.22 21.23
21.49 21.49 21.48 21.48 21.47 21.46 21.45 21.44 21.43 21.44 21.43 21.41 21.39 21.37 21.36 21.34 21.33 21.32 21.31 21.31 21.30 21.30 21.31 21.31 21.32 21.34 21.35 21.38 21.41 21.43 21.46 21.49 21.52 21.55 21.58 21.61 21.63 21.65 21.66 21.68 21.69 21.69 21.70 21.70 21.71 21.70 21.69 21.69 21.70 21.70 21.70 21.69 21.69 21.68 21.67 21.65 21.63 21.60 21.57 21.53 21.49 21.45 21.41 21.37 21.33 21.29 21.26 21.24 21.23 21.21 21.21 21.21 21.21 21.21 21.22 21.24 21.25
21.52 21.51 21.50 21.49 21.48 21.47 21.46 21.45 21.43 21.42 21.40 21.41 21.39 21.37 21.35 21.33 21.31 21.30 21.29 21.28 21.28 21.27 21.27 21.27 21.28 21.29 21.31 21.31 21.33 21.35 21.38 21.41 21.46 21.47 21.50 21.53 21.57 21.60 21.62 21.62 21.64 21.65 21.66 21.68 21.67 21.67 21.66 21.67 21.69 21.69 21.69 21.68 21.68 21.67 21.65 21.63 21.61 21.58 21.55 21.51 21.47 21.43 21.39 21.36 21.32 21.29 21.27 21.25 21.24 21.23 21.22 21.23 21.23 21.23 21.25 21.26 21.27
21.55 21.53 21.52 21.51 21.50 21.49 21.47 21.45 21.44 21.42 21.40 21.39 21.37 21.35 21.33 21.32 21.30 21.29 21.28 21.27 21.26 21.24 21.24 21.24 21.24 21.24 21.25 21.26 21.28 21.30 21.32 21.35 21.38 21.42 21.45 21.48 21.51 21.52 21.56 21.58 21.60 21.62 21.64 21.65 21.65 21.66 21.65 21.65 21.66 21.67 21.67 21.67 21.66 21.65 21.64 21.62 21.60 21.57 21.54 21.50 21.47 21.43 21.39 21.36 21.31 21.29 21.28 21.27 21.26 21.26 21.25 21.24 21.26 21.26 21.27 21.29 21.30
21.57 21.57 21.54 21.53 21.52 21.50 21.48 21.46 21.45 21.43 21.41 21.39 21.37 21.35 21.33 21.31 21.30 21.28 21.27 21.25 21.24 21.23 21.22 21.21 21.21 21.21 21.21 21.22 21.24 21.25 21.27 21.30 21.33 21.36 21.39 21.41 21.44 21.48 21.51 21.53 21.57 21.58 21.61 21.62 21.63 21.63 21.63 21.64 21.65 21.66 21.66 21.66 21.66 21.65 21.64 21.62 21.59 21.57 21.54 21.50 21.47 21.43 21.40 21.36 21.33 21.30 21.28 21.29 21.29 21.29 21.27 21.27 21.29 21.29 21.31 21.32 21.33
21.60 21.55 21.54 21.55 21.53 21.52 21.50 21.48 21.46 21.43 21.41 21.39 21.37 21.35 21.33 21.31 21.29 21.28 21.27 21.25 21.24 21.22 21.20 21.20 21.19 21.18 21.19 21.19 21.20 21.21 21.23 21.26 21.28 21.30 21.33 21.36 21.40 21.44 21.46 21.49 21.52 21.54 21.58 21.60 21.61 21.61 21.62 21.63 21.63 21.65 21.65 21.65 21.66 21.65 21.64 21.62 21.60 21.57 21.54 21.51 21.47 21.44 21.41 21.37 21.35 21.32 21.31 21.30 21.32 21.32 21.32 21.31 21.32 21.33 21.34 21.35 21.36
21.57 21.57 21.56 21.54 21.53 21.51 21.51 21.49 21.46 21.44 21.42 21.40 21.38 21.34 21.32 21.31 21.29 21.27 21.27 21.26 21.23 21.21 21.20 21.18 21.17 21.17 21.17 21.17 21.18 21.18 21.20 21.21 21.23 21.26 21.29 21.32 21.36 21.39 21.42 21.45 21.48 21.51 21.53 21.56 21.57 21.59 21.61 21.61 21.62 21.63 21.65 21.65 21.66 21.65 21.65 21.63 21.61 21.58 21.55 21.52 21.49 21.45 21.42 21.40 21.37 21.35 21.34 21.33 21.33 21.35 21.36 21.37 21.38 21.37 21.38 21.39 21.40
21.59 21.58 21.57 21.55 21.54 21.52 21.49 21.47 21.47 21.44 21.41 21.39 21.36 21.34 21.33 21.31 21.29 21.28 21.26 21.26 21.24 21.22 21.20 21.18 21.16 21.15 21.15 21.16 21.15 21.15 21.17 21.17 21.20 21.23 21.26 21.28 21.32 21.35 21.38 21.41 21.45 21.47 21.51 21.53 21.54 21.57 21.59 21.59 21.60 21.62 21.63 21.65 21.66 21.65 21.66 21.64 21.61 21.59 21.57 21.53 21.52 21.47 21.44 21.41 21.38 21.39 21.38 21.40 21.37 21.38 21.38 21.39 21.40 21.41 21.43 21.43 21.43
21.60 21.59 21.58 21.56 21.54 21.52 21.50 21.47 21.44 21.44 21.42 21.40 21.33 21.32 21.31 21.31 21.29 21.28 21.25 21.24 21.25 21.23 21.21 21.17 21.17 21.15 21.14 21.13 21.12 21.12 21.15 21.15 21.17 21.20 21.23 21.26 21.29 21.32 21.35 21.38 21.42 21.44 21.46 21.50 21.50 21.52 21.56 21.56 21.59 21.60 21.61 21.63 21.65 21.65 21.65 21.64 21.61 21.59 21.57 21.54 21.51 21.50 21.47 21.45 21.43 21.41 21.40 21.42 21.43 21.43 21.43 21.44 21.45 21.46 21.47 21.48 21.48
