data/EU espacial/T10062017.grd
DSAA
94	94
0.0000	100.0000
0.0000	100.0000
20.6351	22.1562
[rows 34 to 67 of 94, columns 0 to 76 of 94]
21.61 21.60 21.55 21.53 21.52 21.49 21.47 21.40 21.38 21.36 21.36 21.35 21.33 21.32 21.31 21.30 21.28 21.27 21.26 21.25 21.23 21.21 21.19 21.17 21.15 21.15 21.14 21.12 21.11 21.13 21.13 21.13 21.14 21.16 21.18 21.21 21.25 21.28 21.31 21.34 21.37 21.40 21.42 21.45 21.47 21.49 21.51 21.54 21.56 21.58 21.60 21.64 21.65 21.65 21.65 21.65 21.63 21.60 21.58 21.56 21.55 21.53 21.50 21.48 21.47 21.45 21.44 21.47 21.47 21.47 21.47 21.48 21.49 21.50 21.51 21.51 21.52
21.57 21.56 21.55 21.53 21.51 21.44 21.42 21.39 21.37 21.35 21.34 21.32 21.33 21.31 21.30 21.30 21.29 21.28 21.26 21.25 21.23 21.21 21.20 21.17 21.15 21.14 21.12 21.10 21.10 21.11 21.12 21.11 21.12 21.14 21.16 21.18 21.21 21.24 21.27 21.30 21.34 21.36 21.39 21.42 21.41 21.46 21.49 21.51 21.54 21.56 21.59 21.62 21.64 21.65 21.66 21.65 21.64 21.63 21.61 21.59 21.58 21.55 21.53 21.52 21.50 21.49 21.51 21.51 21.51 21.51 21.51 21.52 21.53 21.54 21.55 21.55 21.55
21.57 21.56 21.55 21.47 21.45 21.43 21.40 21.38 21.36 21.34 21.32 21.31 21.30 21.31 21.30 21.29 21.28 21.27 21.26 21.25 21.23 21.22 21.20 21.18 21.16 21.14 21.12 21.10 21.09 21.09 21.10 21.11 21.10 21.12 21.14 21.16 21.18 21.21 21.24 21.27 21.30 21.33 21.35 21.38 21.38 21.41 21.44 21.48 21.52 21.54 21.57 21.61 21.63 21.64 21.65 21.65 21.65 21.64 21.63 21.61 21.59 21.58 21.56 21.55 21.52 21.50 21.52 21.52 21.55 21.53 21.55 21.56 21.57 21.57 21.58 21.58 21.58
21.54 21.49 21.48 21.46 21.44 21.41 21.39 21.36 21.34 21.32 21.30 21.29 21.28 21.28 21.29 21.28 21.27 21.27 21.26 21.25 21.23 21.21 21.19 21.17 21.15 21.13 21.11 21.10 21.09 21.08 21.07 21.08 21.08 21.11 21.12 21.13 21.15 21.18 21.21 21.24 21.27 21.29 21.32 21.32 21.35 21.37 21.40 21.43 21.49 21.52 21.55 21.57 21.61 21.62 21.64 21.65 21.65 21.65 21.64 21.63 21.62 21.61 21.59 21.57 21.56 21.53 21.55 21.56 21.56 21.56 21.58 21.59 21.60 21.60 21.61 21.61 21.61
21.46 21.45 21.44 21.42 21.41 21.39 21.36 21.34 21.32 21.30 21.28 21.27 21.26 21.25 21.25 21.25 21.26 21.25 21.25 21.23 21.22 21.21 21.19 21.16 21.14 21.12 21.09 21.08 21.07 21.06 21.05 21.06 21.07 21.08 21.10 21.11 21.13 21.15 21.18 21.20 21.23 21.24 21.26 21.28 21.31 21.33 21.36 21.40 21.43 21.48 21.54 21.56 21.59 21.61 21.63 21.64 21.65 21.65 21.65 21.64 21.63 21.64 21.63 21.59 21.58 21.57 21.55 21.56 21.59 21.59 21.59 21.61 21.62 21.63 21.63 21.62 21.62
21.45 21.43 21.42 21.40 21.37 21.34 21.32 21.31 21.29 21.27 21.25 21.24 21.23 21.23 21.22 21.22 21.22 21.23 21.23 21.22 21.20 21.19 21.17 21.15 21.10 21.09 21.08 21.06 21.06 21.04 21.04 21.04 21.06 21.07 21.08 21.08 21.10 21.12 21.15 21.17 21.18 21.20 21.22 21.25 21.27 21.29 21.32 21.36 21.39 21.44 21.47 21.53 21.56 21.59 21.60 21.62 21.63 21.64 21.65 21.64 21.66 21.65 21.64 21.63 21.62 21.60 21.58 21.58 21.58 21.61 21.61 21.60 21.62 21.62 21.63 21.63 21.63
21.42 21.41 21.39 21.37 21.34 21.31 21.29 21.26 21.23 21.21 21.20 21.20 21.20 21.19 21.19 21.19 21.19 21.19 21.20 21.19 21.18 21.16 21.15 21.13 21.09 21.07 21.06 21.04 21.04 21.03 21.03 21.02 21.03 21.05 21.06 21.06 21.06 21.08 21.11 21.13 21.15 21.17 21.19 21.21 21.21 21.25 21.28 21.31 21.34 21.40 21.43 21.50 21.53 21.56 21.58 21.60 21.62 21.63 21.64 21.64 21.63 21.65 21.65 21.64 21.63 21.61 21.60 21.59 21.58 21.62 21.61 21.61 21.62 21.64 21.61 21.61 21.63
21.40 21.38 21.36 21.34 21.31 21.28 21.25 21.22 21.20 21.18 21.16 21.15 21.14 21.14 21.15 21.15 21.15 21.15 21.15 21.14 21.14 21.13 21.12 21.09 21.07 21.05 21.04 21.03 21.02 21.02 21.01 21.01 21.01 21.06 21.06 21.07 21.06 21.06 21.08 21.09 21.11 21.13 21.15 21.17 21.19 21.20 21.23 21.26 21.30 21.33 21.37 21.43 21.47 21.50 21.55 21.58 21.62 21.63 21.64 21.63 21.63 21.65 21.64 21.64 21.62 21.61 21.60 21.60 21.58 21.58 21.61 21.62 21.61 21.62 21.61 21.62 21.63
21.37 21.36 21.33 21.31 21.28 21.24 21.21 21.18 21.16 21.13 21.12 21.10 21.10 21.09 21.09 21.09 21.09 21.10 21.11 21.10 21.10 21.10 21.09 21.08 21.04 21.02 21.02 21.01 21.01 21.00 20.99 20.99 20.99 21.01 21.04 21.04 21.05 21.04 21.07 21.08 21.08 21.10 21.09 21.13 21.15 21.17 21.18 21.21 21.26 21.29 21.31 21.35 21.43 21.47 21.52 21.55 21.57 21.61 21.62 21.61 21.63 21.64 21.64 21.62 21.62 21.59 21.58 21.58 21.58 21.58 21.61 21.61 21.62 21.62 21.61 21.63 21.64
21.39 21.33 21.30 21.27 21.24 21.21 21.18 21.15 21.12 21.09 21.07 21.06 21.05 21.05 21.05 21.05 21.04 21.05 21.05 21.05 21.04 21.05 21.05 21.03 21.02 21.00 20.99 20.99 20.97 20.98 20.98 20.98 20.96 20.99 21.00 21.00 21.01 21.01 21.01 21.03 21.04 21.06 21.07 21.09 21.11 21.13 21.15 21.17 21.21 21.25 21.28 21.32 21.36 21.43 21.46 21.49 21.52 21.54 21.58 21.60 21.61 21.61 21.61 21.59 21.59 21.58 21.57 21.57 21.58 21.59 21.59 21.61 21.61 21.62 21.62 21.64 21.64
21.36 21.34 21.31 21.24 21.21 21.17 21.14 21.11 21.08 21.05 21.03 21.03 21.01 21.00 21.00 20.99 20.99 21.00 21.00 21.00 20.99 20.99 20.97 20.96 20.97 20.96 20.97 20.95 20.95 20.94 20.94 20.94 20.94 20.96 20.98 20.99 20.99 20.99 21.00 21.01 21.02 21.03 21.05 21.07 21.09 21.11 21.11 21.14 21.16 21.20 21.23 21.28 21.31 21.38 21.41 21.44 21.46 21.48 21.52 21.53 21.54 21.59 21.61 21.57 21.58 21.57 21.57 21.57 21.58 21.58 21.58 21.61 21.61 21.61 21.63 21.64 21.64
21.34 21.31 21.27 21.23 21.20 21.14 21.11 21.07 21.04 21.02 21.00 20.97 20.96 20.95 20.94 20.94 20.94 20.95 20.95 20.95 20.94 20.94 20.94 20.92 20.91 20.90 20.91 20.91 20.92 20.92 20.92 20.92 20.92 20.95 20.96 20.96 20.97 20.98 20.98 20.99 21.00 21.01 21.02 21.05 21.06 21.08 21.10 21.12 21.13 21.16 21.19 21.23 21.27 21.34 21.37 21.40 21.42 21.45 21.47 21.50 21.51 21.52 21.54 21.57 21.57 21.58 21.56 21.56 21.57 21.57 21.57 21.60 21.61 21.62 21.63 21.63 21.64
21.32 21.28 21.24 21.21 21.17 21.13 21.09 21.04 21.01 20.98 20.95 20.93 20.91 20.91 20.90 20.90 20.89 20.89 20.89 20.90 20.90 20.90 20.90 20.87 20.87 20.87 20.88 20.88 20.89 20.90 20.90 20.91 20.91 20.92 20.95 20.96 20.96 20.96 20.97 20.98 20.98 20.99 21.00 21.01 21.04 21.05 21.07 21.09 21.12 21.12 21.16 21.19 21.24 21.30 21.33 21.37 21.39 21.41 21.44 21.47 21.49 21.51 21.52 21.55 21.56 21.56 21.54 21.55 21.54 21.55 21.55 21.59 21.60 21.61 21.62 21.63 21.64
21.28 21.27 21.24 21.20 21.16 21.12 21.07 21.04 21.00 20.97 20.92 20.90 20.88 20.86 20.85 20.85 20.85 20.84 20.85 20.85 20.85 20.85 20.85 20.83 20.83 20.84 20.84 20.84 20.85 20.86 20.87 20.90 20.91 20.92 20.95 20.95 20.96 20.96 20.97 20.97 20.97 20.96 20.99 21.00 21.01 21.04 21.05 21.07 21.09 21.12 21.13 21.16 21.22 21.26 21.30 21.33 21.35 21.38 21.43 21.45 21.47 21.49 21.50 21.51 21.52 21.52 21.53 21.54 21.53 21.53 21.54 21.58 21.59 21.60 21.62 21.63 21.64
21.27 21.25 21.21 21.18 21.13 21.09 21.05 21.01 20.97 20.94 20.89 20.86 20.84 20.82 20.81 20.80 20.80 20.80 20.80 20.80 20.81 20.80 20.81 20.80 20.80 20.81 20.81 20.82 20.84 20.85 20.86 20.90 20.91 20.92 20.95 20.96 20.96 20.96 20.97 20.97 20.97 20.97 20.99 20.99 21.00 21.02 21.04 21.05 21.07 21.10 21.13 21.13 21.19 21.22 21.27 21.30 21.33 21.36 21.40 21.42 21.44 21.47 21.48 21.49 21.50 21.51 21.52 21.52 21.51 21.52 21.53 21.57 21.58 21.60 21.61 21.62 21.63
21.27 21.24 21.20 21.16 21.12 21.08 21.03 21.00 20.96 20.92 20.89 20.83 20.81 20.79 20.77 20.77 20.76 20.76 20.76 20.76 20.77 20.77 20.76 20.77 20.77 20.79 20.80 20.81 20.83 20.84 20.85 20.87 20.90 20.92 20.96 20.97 20.97 20.97 20.98 20.98 20.98 20.98 20.97 20.97 21.00 21.01 21.01 21.03 21.06 21.08 21.11 21.14 21.18 21.22 21.25 21.29 21.30 21.33 21.38 21.40 21.42 21.45 21.46 21.48 21.48 21.48 21.48 21.49 21.50 21.51 21.52 21.54 21.57 21.59 21.61 21.64 21.65
21.26 21.23 21.19 21.15 21.11 21.09 21.03 20.98 20.94 20.90 20.86 20.83 20.80 20.76 20.74 20.73 20.73 20.72 20.72 20.73 20.73 20.73 20.74 20.75 20.76 20.76 20.78 20.80 20.83 20.84 20.86 20.87 20.90 20.92 20.94 20.97 20.99 20.99 20.99 21.00 20.99 20.99 21.00 21.02 21.02 21.01 21.02 21.02 21.04 21.07 21.10 21.12 21.16 21.20 21.23 21.27 21.31 21.33 21.36 21.38 21.40 21.43 21.43 21.44 21.45 21.46 21.47 21.49 21.49 21.50 21.51 21.57 21.57 21.60 21.62 21.64 21.68
21.26 21.23 21.19 21.16 21.12 21.07 21.02 20.97 20.93 20.88 20.84 20.81 20.78 20.76 20.72 20.70 20.70 20.69 20.69 20.70 20.71 20.71 20.71 20.74 20.74 20.76 20.78 20.80 20.82 20.85 20.88 20.90 20.92 20.94 20.95 20.98 21.00 21.00 21.00 21.00 21.01 21.00 21.03 21.02 21.03 21.03 21.03 21.03 21.05 21.06 21.08 21.10 21.14 21.17 21.20 21.23 21.28 21.32 21.35 21.35 21.39 21.40 21.42 21.43 21.44 21.45 21.46 21.47 21.49 21.50 21.53 21.55 21.56 21.62 21.64 21.66 21.65
21.26 21.22 21.21 21.17 21.12 21.07 21.00 20.96 20.92 20.87 20.83 20.79 20.76 20.74 20.68 20.69 20.68 20.66 20.66 20.67 20.67 20.69 20.71 20.72 20.74 20.76 20.79 20.82 20.84 20.88 20.91 20.93 20.95 20.98 21.00 21.00 21.01 21.03 21.03 21.02 21.01 21.00 21.01 21.04 21.03 21.03 21.01 21.02 21.03 21.06 21.07 21.10 21.15 21.16 21.19 21.22 21.26 21.30 21.32 21.36 21.38 21.40 21.42 21.41 21.43 21.43 21.47 21.47 21.48 21.50 21.52 21.57 21.59 21.61 21.63 21.63 21.65
21.26 21.24 21.21 21.16 21.12 21.07 21.00 20.95 20.90 20.85 20.81 20.77 20.74 20.71 20.69 20.66 20.65 20.64 20.65 20.66 20.66 20.68 20.70 20.72 20.76 20.78 20.81 20.84 20.88 20.91 20.94 20.98 21.00 21.02 21.04 21.04 21.05 21.04 21.03 21.05 21.04 21.03 21.05 21.04 21.03 21.03 21.03 21.03 21.03 21.05 21.07 21.11 21.14 21.17 21.18 21.22 21.27 21.30 21.33 21.34 21.37 21.39 21.41 21.41 21.42 21.43 21.46 21.47 21.50 21.51 21.53 21.55 21.57 21.60 21.60 21.63 21.65
21.26 21.23 21.19 21.15 21.10 21.06 21.00 20.95 20.89 20.84 20.80 20.76 20.73 20.70 20.68 20.66 20.65 20.64 20.64 20.65 20.67 20.68 20.71 20.73 20.77 20.80 20.84 20.87 20.91 20.95 20.99 21.02 21.05 21.07 21.08 21.09 21.09 21.08 21.07 21.06 21.07 21.06 21.08 21.06 21.05 21.05 21.04 21.04 21.04 21.06 21.07 21.11 21.14 21.16 21.18 21.22 21.24 21.27 21.31 21.33 21.35 21.38 21.39 21.41 21.41 21.42 21.44 21.45 21.48 21.49 21.52 21.54 21.56 21.57 21.60 21.62 21.65
21.26 21.23 21.19 21.15 21.10 21.05 21.00 20.95 20.90 20.84 20.79 20.76 20.72 20.69 20.66 20.65 20.65 20.65 20.64 20.66 20.66 20.69 20.72 20.76 20.80 20.83 20.87 20.92 20.96 21.00 21.04 21.08 21.11 21.13 21.14 21.14 21.14 21.13 21.12 21.10 21.09 21.10 21.11 21.09 21.08 21.07 21.06 21.06 21.06 21.06 21.09 21.12 21.14 21.16 21.19 21.22 21.24 21.27 21.29 21.32 21.34 21.37 21.38 21.40 21.41 21.41 21.43 21.44 21.47 21.48 21.50 21.51 21.53 21.56 21.59 21.62 21.64
21.26 21.23 21.19 21.15 21.10 21.05 21.00 20.94 20.89 20.84 20.80 20.76 20.72 20.70 20.68 20.65 20.65 20.66 20.67 20.65 20.68 20.71 20.74 20.79 20.83 20.87 20.92 20.96 21.00 21.06 21.11 21.14 21.17 21.18 21.19 21.20 21.19 21.18 21.17 21.15 21.13 21.11 21.13 21.11 21.09 21.09 21.08 21.08 21.08 21.08 21.09 21.11 21.14 21.16 21.19 21.20 21.23 21.26 21.29 21.31 21.33 21.36 21.37 21.39 21.40 21.39 21.42 21.44 21.45 21.47 21.47 21.50 21.52 21.55 21.58 21.61 21.64
21.26 21.23 21.19 21.15 21.10 21.05 20.99 20.94 20.89 20.84 20.80 20.76 20.72 20.70 20.68 20.67 20.66 20.66 20.67 20.69 20.69 20.73 20.77 20.82 20.85 20.91 20.96 21.01 21.05 21.11 21.15 21.19 21.23 21.25 21.26 21.26 21.25 21.24 21.22 21.20 21.18 21.15 21.14 21.14 21.12 21.10 21.08 21.09 21.09 21.09 21.11 21.12 21.15 21.17 21.19 21.20 21.22 21.26 21.28 21.30 21.33 21.35 21.36 21.36 21.37 21.38 21.40 21.41 21.42 21.44 21.46 21.48 21.51 21.54 21.57 21.60 21.63
21.26 21.23 21.19 21.14 21.09 21.04 20.99 20.94 20.89 20.84 20.80 20.76 20.72 20.70 20.68 20.67 20.68 20.66 20.68 20.71 20.74 20.76 20.80 20.85 20.90 20.95 21.01 21.07 21.11 21.17 21.21 21.26 21.29 21.31 21.32 21.32 21.32 21.30 21.28 21.26 21.23 21.21 21.18 21.17 21.15 21.13 21.11 21.11 21.10 21.11 21.12 21.13 21.14 21.17 21.19 21.20 21.22 21.25 21.27 21.29 21.32 21.33 21.34 21.35 21.35 21.36 21.38 21.39 21.40 21.42 21.44 21.47 21.50 21.53 21.56 21.59 21.62
21.26 21.23 21.19 21.14 21.09 21.04 20.99 20.94 20.89 20.84 20.80 20.76 20.73 20.71 20.69 20.69 20.68 20.68 20.70 20.73 20.76 20.79 20.84 20.88 20.94 21.00 21.06 21.11 21.16 21.22 21.27 21.31 21.35 21.37 21.38 21.38 21.38 21.36 21.34 21.31 21.28 21.26 21.23 21.20 21.17 21.14 21.13 21.11 21.10 21.11 21.13 21.14 21.15 21.17 21.18 21.20 21.22 21.24 21.27 21.27 21.31 21.32 21.32 21.32 21.33 21.34 21.35 21.37 21.38 21.41 21.43 21.46 21.49 21.52 21.55 21.59 21.62
21.27 21.23 21.19 21.15 21.10 21.04 20.99 20.94 20.89 20.84 20.80 20.77 20.74 20.72 20.71 20.69 20.69 20.71 20.72 20.75 20.79 20.83 20.88 20.93 20.98 21.04 21.10 21.17 21.21 21.28 21.33 21.37 21.40 21.43 21.44 21.44 21.43 21.42 21.39 21.36 21.32 21.29 21.27 21.24 21.20 21.17 21.14 21.14 21.12 21.12 21.11 21.15 21.14 21.16 21.17 21.20 21.22 21.22 21.24 21.26 21.28 21.29 21.30 21.31 21.32 21.32 21.34 21.35 21.37 21.39 21.42 21.44 21.47 21.51 21.55 21.58 21.61
21.27 21.24 21.20 21.16 21.11 21.06 21.01 20.94 20.90 20.85 20.81 20.78 20.75 20.73 20.71 20.71 20.71 20.73 20.75 20.78 20.81 20.86 20.90 20.96 21.01 21.08 21.14 21.21 21.28 21.34 21.37 21.42 21.46 21.48 21.49 21.50 21.49 21.48 21.44 21.41 21.37 21.34 21.30 21.27 21.23 21.20 21.15 21.14 21.14 21.13 21.12 21.12 21.14 21.15 21.16 21.17 21.21 21.22 21.24 21.26 21.27 21.29 21.29 21.30 21.31 21.31 21.32 21.34 21.35 21.37 21.40 21.43 21.47 21.50 21.54 21.58 21.61
21.29 21.25 21.21 21.16 21.12 21.06 21.02 20.96 20.92 20.87 20.82 20.79 20.76 20.74 20.73 20.73 20.73 20.75 20.77 20.80 20.84 20.88 20.93 20.98 21.04 21.11 21.17 21.24 21.31 21.37 21.42 21.47 21.50 21.53 21.54 21.54 21.53 21.52 21.49 21.45 21.42 21.38 21.34 21.30 21.25 21.21 21.18 21.17 21.15 21.15 21.14 21.12 21.15 21.16 21.16 21.17 21.20 21.21 21.23 21.25 21.26 21.27 21.28 21.29 21.29 21.30 21.31 21.32 21.34 21.37 21.40 21.43 21.46 21.50 21.54 21.58 21.61
21.30 21.26 21.22 21.18 21.13 21.08 21.03 20.98 20.93 20.89 20.85 20.80 20.78 20.76 20.74 20.75 20.75 20.77 20.80 20.83 20.87 20.90 20.96 21.00 21.07 21.13 21.20 21.26 21.33 21.39 21.45 21.50 21.53 21.56 21.57 21.58 21.57 21.55 21.53 21.50 21.46 21.43 21.37 21.33 21.29 21.25 21.23 21.20 21.17 21.15 21.14 21.14 21.16 21.16 21.17 21.17 21.20 21.21 21.22 21.24 21.24 21.26 21.27 21.27 21.27 21.28 21.29 21.31 21.34 21.36 21.39 21.43 21.46 21.50 21.54 21.58 21.62
21.31 21.28 21.24 21.19 21.15 21.10 21.04 20.99 20.95 20.91 20.85 20.82 20.79 20.78 20.77 20.77 20.78 20.80 20.82 20.85 20.88 20.92 20.97 21.02 21.08 21.14 21.21 21.27 21.34 21.40 21.46 21.51 21.55 21.58 21.59 21.60 21.59 21.58 21.56 21.53 21.49 21.45 21.41 21.36 21.32 21.28 21.26 21.23 21.20 21.18 21.16 21.16 21.15 21.17 21.15 21.17 21.19 21.20 21.21 21.22 21.24 21.25 21.25 21.25 21.26 21.27 21.28 21.31 21.33 21.36 21.39 21.43 21.47 21.51 21.55 21.59 21.63
21.34 21.30 21.26 21.22 21.17 21.12 21.07 21.02 20.97 20.93 20.87 20.84 20.82 20.80 20.79 20.79 20.80 20.82 20.84 20.87 20.90 20.93 20.98 21.03 21.09 21.15 21.21 21.27 21.34 21.40 21.46 21.51 21.55 21.58 21.59 21.60 21.60 21.59 21.57 21.55 21.51 21.48 21.44 21.40 21.35 21.31 21.27 21.26 21.23 21.21 21.18 21.17 21.17 21.15 21.15 21.16 21.19 21.20 21.21 21.22 21.23 21.24 21.24 21.24 21.25 21.26 21.27 21.30 21.32 21.36 21.39 21.43 21.48 21.52 21.56 21.61 21.65
21.36 21.33 21.29 21.25 21.20 21.15 21.09 21.04 21.00 20.94 20.90 20.87 20.85 20.83 20.82 20.82 20.83 20.84 20.86 20.89 20.92 20.95 21.00 21.04 21.10 21.15 21.20 21.26 21.32 21.40 21.45 21.49 21.53 21.56 21.58 21.60 21.60 21.60 21.58 21.56 21.53 21.50 21.47 21.43 21.39 21.35 21.31 21.27 21.25 21.23 21.21 21.20 21.18 21.18 21.17 21.17 21.18 21.19 21.21 21.19 21.22 21.23 21.23 21.23 21.24 21.25 21.26 21.29 21.32 21.36 21.40 21.44 21.49 21.53 21.59 21.63 21.67
21.39 21.36 21.32 21.28 21.22 21.17 21.13 21.06 21.02 20.97 20.94 20.91 20.88 20.87 20.86 20.86 20.86 20.87 20.89 20.91 20.93 20.96 21.00 21.04 21.09 21.13 21.19 21.24 21.30 21.36 21.41 21.46 21.50 21.53 21.56 21.58 21.59 21.59 21.58 21.57 21.55 21.52 21.48 21.45 21.41 21.37 21.33 21.31 21.28 21.26 21.23 21.21 21.21 21.18 21.17 21.18 21.18 21.19 21.19 21.19 21.21 21.21 21.22 21.22 21.23 21.24 21.26 21.29 21.32 21.36 21.41 21.45 21.50 21.56 21.61 21.66 21.70
