data/EU espacial/T15032017.grd
DSAA
94	94
0.0000	100.0000
0.0000	100.0000
27.6249	28.3301
[rows 0 to 33 of 94, columns 0 to 76 of 94]
28.08 28.08 28.08 28.07 28.07 28.07 28.06 28.05 28.05 28.04 28.04 28.03 28.02 28.02 28.01 28.00 27.99 27.99 27.98 27.97 27.96 27.97 27.97 27.96 27.95 27.94 27.94 27.92 27.91 27.91 27.90 27.90 27.90 27.89 27.88 27.88 27.88 27.88 27.88 27.89 27.89 27.90 27.91 27.91 27.92 27.92 27.91 27.92 27.94 27.95 27.95 27.95 27.96 27.96 27.95 27.95 27.95 27.95 27.94 27.94 27.94 27.94 27.94 27.94 27.93 27.93 27.97 27.97 27.97 27.97 27.97 27.97 27.97 27.97 27.98 27.97 27.96
28.07 28.07 28.07 28.07 28.07 28.06 28.06 28.06 28.05 28.04 28.03 28.03 28.02 28.01 28.01 28.00 27.99 27.98 27.98 27.97 27.96 27.97 27.96 27.95 27.95 27.94 27.93 27.92 27.91 27.91 27.90 27.90 27.90 27.89 27.88 27.88 27.88 27.88 27.88 27.89 27.90 27.90 27.91 27.92 27.92 27.93 27.92 27.92 27.95 27.95 27.95 27.95 27.96 27.96 27.95 27.95 27.95 27.95 27.94 27.94 27.94 27.94 27.94 27.93 27.93 27.95 27.97 27.96 27.96 27.96 27.96 27.96 27.96 27.96 27.96 27.96 27.95
28.06 28.06 28.06 28.06 28.06 28.06 28.06 28.05 28.05 28.04 28.03 28.03 28.02 28.01 28.00 28.00 27.99 27.98 27.97 27.96 27.95 27.95 27.96 27.95 27.94 27.94 27.92 27.91 27.91 27.91 27.90 27.90 27.89 27.88 27.88 27.88 27.88 27.89 27.89 27.89 27.90 27.91 27.92 27.92 27.92 27.92 27.92 27.93 27.93 27.95 27.95 27.96 27.96 27.96 27.96 27.95 27.95 27.96 27.96 27.94 27.94 27.94 27.94 27.93 27.95 27.94 27.94 27.96 27.95 27.95 27.95 27.95 27.95 27.95 27.95 27.94 27.94
28.05 28.05 28.05 28.05 28.05 28.05 28.05 28.05 28.04 28.04 28.04 28.03 28.02 28.01 28.00 27.99 27.98 27.97 27.97 27.96 27.96 27.95 27.94 27.94 27.94 27.92 27.91 27.91 27.91 27.90 27.90 27.89 27.89 27.88 27.88 27.88 27.88 27.89 27.89 27.90 27.90 27.91 27.92 27.92 27.92 27.92 27.93 27.93 27.94 27.94 27.95 27.96 27.96 27.96 27.96 27.95 27.95 27.95 27.95 27.95 27.94 27.94 27.93 27.95 27.94 27.94 27.93 27.93 27.95 27.94 27.94 27.94 27.94 27.93 27.93 27.93 27.92
28.04 28.04 28.04 28.04 28.04 28.04 28.04 28.04 28.04 28.04 28.03 28.03 28.02 28.00 28.00 27.99 27.98 27.97 27.96 27.95 27.95 27.94 27.93 27.94 27.92 27.91 27.91 27.90 27.90 27.90 27.90 27.90 27.89 27.88 27.88 27.88 27.89 27.89 27.89 27.90 27.91 27.91 27.92 27.92 27.92 27.93 27.93 27.93 27.94 27.94 27.94 27.96 27.96 27.96 27.96 27.96 27.95 27.95 27.95 27.95 27.95 27.94 27.95 27.94 27.94 27.93 27.93 27.92 27.94 27.93 27.93 27.93 27.93 27.92 27.92 27.92 27.91
28.03 28.03 28.03 28.03 28.04 28.04 28.04 28.04 28.03 28.03 28.03 28.02 28.02 28.01 28.00 27.98 27.97 27.96 27.95 27.96 27.94 27.93 27.92 27.90 27.91 27.91 27.90 27.90 27.90 27.90 27.89 27.89 27.89 27.88 27.88 27.88 27.89 27.89 27.90 27.90 27.91 27.92 27.91 27.92 27.93 27.93 27.94 27.95 27.95 27.95 27.94 27.94 27.96 27.96 27.96 27.96 27.95 27.95 27.95 27.95 27.95 27.95 27.94 27.94 27.93 27.93 27.92 27.91 27.91 27.92 27.92 27.91 27.91 27.91 27.91 27.90 27.90
28.02 28.02 28.02 28.02 28.03 28.03 28.03 28.03 28.03 28.03 28.02 28.02 28.01 28.00 27.99 27.98 27.97 27.95 27.94 27.95 27.94 27.93 27.91 27.90 27.89 27.90 27.90 27.89 27.90 27.89 27.89 27.89 27.88 27.88 27.88 27.88 27.89 27.89 27.90 27.91 27.91 27.91 27.91 27.93 27.93 27.94 27.94 27.95 27.95 27.95 27.95 27.95 27.94 27.96 27.96 27.96 27.95 27.95 27.95 27.95 27.96 27.96 27.94 27.93 27.93 27.92 27.91 27.90 27.90 27.91 27.91 27.90 27.90 27.90 27.89 27.89 27.88
28.00 28.01 28.01 28.01 28.02 28.02 28.02 28.02 28.02 28.02 28.02 28.01 28.00 27.99 27.99 27.97 27.96 27.95 27.94 27.93 27.93 27.91 27.90 27.89 27.88 27.90 27.89 27.89 27.89 27.89 27.89 27.89 27.88 27.88 27.88 27.88 27.89 27.89 27.90 27.91 27.91 27.91 27.92 27.93 27.94 27.94 27.94 27.95 27.95 27.95 27.95 27.95 27.94 27.94 27.96 27.96 27.96 27.95 27.95 27.96 27.96 27.96 27.95 27.93 27.92 27.91 27.90 27.90 27.89 27.88 27.89 27.88 27.88 27.88 27.88 27.87 27.87
27.98 27.99 28.00 28.00 28.00 28.01 28.01 28.01 28.02 28.02 28.01 28.01 28.00 27.99 27.98 27.97 27.96 27.95 27.94 27.93 27.91 27.90 27.89 27.89 27.88 27.87 27.89 27.88 27.89 27.89 27.89 27.88 27.88 27.88 27.88 27.89 27.89 27.89 27.90 27.90 27.91 27.91 27.92 27.93 27.94 27.94 27.95 27.96 27.96 27.95 27.95 27.95 27.94 27.94 27.94 27.94 27.95 27.96 27.96 27.96 27.95 27.95 27.94 27.92 27.91 27.91 27.90 27.89 27.88 27.87 27.86 27.87 27.86 27.87 27.86 27.86 27.86
27.97 27.97 27.98 27.99 27.99 28.00 28.00 28.00 28.01 28.01 28.01 28.00 27.99 27.98 27.97 27.96 27.94 27.94 27.93 27.91 27.90 27.89 27.89 27.88 27.87 27.86 27.86 27.88 27.88 27.88 27.88 27.88 27.88 27.87 27.88 27.89 27.89 27.89 27.90 27.91 27.91 27.91 27.93 27.93 27.94 27.95 27.95 27.96 27.96 27.95 27.95 27.95 27.94 27.94 27.94 27.94 27.95 27.95 27.95 27.95 27.95 27.94 27.94 27.93 27.90 27.90 27.89 27.88 27.87 27.86 27.85 27.86 27.85 27.86 27.85 27.85 27.84
27.95 27.96 27.96 27.97 27.98 27.98 27.99 27.99 28.00 28.00 27.99 27.99 27.98 27.97 27.96 27.94 27.93 27.91 27.90 27.91 27.90 27.89 27.88 27.87 27.86 27.86 27.85 27.87 27.87 27.88 27.88 27.87 27.88 27.87 27.88 27.88 27.89 27.88 27.90 27.90 27.91 27.92 27.93 27.94 27.94 27.95 27.95 27.97 27.96 27.95 27.95 27.94 27.94 27.94 27.95 27.94 27.94 27.93 27.94 27.94 27.94 27.93 27.93 27.92 27.91 27.88 27.87 27.86 27.85 27.84 27.83 27.82 27.83 27.84 27.84 27.83 27.83
27.94 27.94 27.95 27.96 27.96 27.97 27.97 27.98 27.98 27.98 27.98 27.97 27.96 27.95 27.94 27.93 27.90 27.90 27.89 27.89 27.89 27.88 27.87 27.86 27.85 27.85 27.84 27.84 27.86 27.87 27.87 27.87 27.87 27.87 27.87 27.88 27.89 27.88 27.89 27.90 27.91 27.92 27.93 27.94 27.94 27.94 27.96 27.96 27.96 27.95 27.95 27.94 27.94 27.95 27.94 27.94 27.93 27.92 27.91 27.91 27.92 27.92 27.91 27.91 27.90 27.87 27.86 27.85 27.84 27.83 27.82 27.81 27.82 27.83 27.82 27.82 27.82
27.92 27.93 27.93 27.94 27.95 27.95 27.96 27.96 27.96 27.96 27.96 27.96 27.95 27.94 27.91 27.90 27.89 27.88 27.89 27.88 27.88 27.87 27.86 27.86 27.84 27.84 27.83 27.83 27.85 27.85 27.86 27.87 27.87 27.87 27.87 27.88 27.88 27.88 27.89 27.90 27.90 27.92 27.93 27.93 27.94 27.94 27.94 27.96 27.95 27.95 27.94 27.94 27.95 27.94 27.93 27.93 27.92 27.91 27.90 27.90 27.89 27.90 27.90 27.89 27.88 27.85 27.85 27.84 27.83 27.82 27.81 27.80 27.81 27.80 27.81 27.81 27.81
27.90 27.91 27.91 27.92 27.93 27.94 27.94 27.95 27.95 27.95 27.95 27.94 27.93 27.91 27.90 27.89 27.88 27.87 27.87 27.86 27.86 27.86 27.85 27.84 27.84 27.83 27.82 27.82 27.84 27.85 27.85 27.86 27.87 27.86 27.87 27.87 27.88 27.88 27.89 27.90 27.90 27.91 27.93 27.93 27.93 27.94 27.94 27.95 27.95 27.94 27.95 27.95 27.94 27.93 27.92 27.92 27.91 27.91 27.89 27.89 27.88 27.87 27.88 27.88 27.87 27.84 27.83 27.82 27.81 27.80 27.79 27.79 27.79 27.79 27.80 27.80 27.80
27.89 27.89 27.90 27.90 27.91 27.92 27.93 27.93 27.93 27.93 27.93 27.93 27.90 27.90 27.89 27.88 27.87 27.86 27.86 27.85 27.84 27.84 27.84 27.83 27.83 27.82 27.81 27.81 27.83 27.84 27.85 27.85 27.86 27.86 27.86 27.86 27.87 27.88 27.88 27.89 27.90 27.91 27.92 27.93 27.93 27.94 27.94 27.95 27.94 27.95 27.95 27.94 27.93 27.92 27.92 27.91 27.90 27.90 27.88 27.87 27.86 27.86 27.85 27.86 27.85 27.85 27.81 27.81 27.80 27.79 27.78 27.77 27.77 27.78 27.78 27.80 27.80
27.87 27.87 27.88 27.88 27.89 27.90 27.91 27.91 27.92 27.92 27.92 27.89 27.89 27.88 27.88 27.87 27.85 27.86 27.84 27.83 27.82 27.83 27.82 27.82 27.81 27.81 27.81 27.79 27.81 27.83 27.84 27.85 27.85 27.84 27.85 27.86 27.87 27.87 27.89 27.90 27.90 27.91 27.91 27.93 27.93 27.93 27.93 27.94 27.95 27.95 27.94 27.93 27.92 27.91 27.91 27.90 27.89 27.89 27.87 27.86 27.85 27.84 27.83 27.82 27.83 27.83 27.80 27.79 27.78 27.78 27.77 27.76 27.77 27.78 27.78 27.79 27.79
27.85 27.85 27.86 27.87 27.87 27.88 27.89 27.90 27.90 27.90 27.90 27.88 27.88 27.87 27.86 27.85 27.84 27.84 27.83 27.82 27.81 27.81 27.81 27.80 27.80 27.80 27.80 27.80 27.80 27.82 27.83 27.84 27.85 27.85 27.85 27.86 27.87 27.87 27.89 27.90 27.90 27.91 27.91 27.92 27.93 27.93 27.92 27.94 27.95 27.94 27.93 27.92 27.91 27.90 27.90 27.89 27.88 27.88 27.87 27.85 27.84 27.83 27.82 27.81 27.80 27.81 27.78 27.78 27.77 27.77 27.76 27.77 27.78 27.77 27.77 27.77 27.78
27.83 27.83 27.84 27.85 27.86 27.86 27.87 27.88 27.89 27.89 27.87 27.87 27.87 27.86 27.85 27.84 27.83 27.83 27.81 27.80 27.79 27.79 27.79 27.78 27.79 27.79 27.79 27.79 27.79 27.81 27.82 27.83 27.84 27.85 27.85 27.86 27.87 27.87 27.89 27.89 27.90 27.91 27.91 27.92 27.92 27.93 27.92 27.93 27.94 27.93 27.92 27.91 27.91 27.90 27.89 27.88 27.87 27.87 27.85 27.84 27.83 27.82 27.81 27.80 27.79 27.80 27.77 27.77 27.76 27.77 27.77 27.76 27.77 27.76 27.76 27.76 27.77
27.81 27.81 27.82 27.83 27.84 27.85 27.85 27.86 27.87 27.88 27.86 27.86 27.85 27.85 27.84 27.83 27.81 27.80 27.78 27.78 27.78 27.78 27.77 27.77 27.77 27.77 27.77 27.79 27.78 27.81 27.82 27.83 27.83 27.84 27.85 27.85 27.86 27.87 27.88 27.89 27.90 27.90 27.90 27.92 27.93 27.92 27.92 27.92 27.93 27.93 27.92 27.91 27.90 27.89 27.88 27.87 27.86 27.85 27.84 27.83 27.82 27.81 27.80 27.79 27.78 27.78 27.76 27.75 27.75 27.76 27.76 27.75 27.76 27.76 27.75 27.75 27.76
27.79 27.80 27.80 27.81 27.82 27.83 27.84 27.84 27.85 27.83 27.84 27.84 27.84 27.83 27.83 27.82 27.80 27.79 27.77 27.78 27.77 27.77 27.76 27.76 27.76 27.76 27.76 27.78 27.78 27.80 27.82 27.82 27.83 27.84 27.84 27.85 27.85 27.87 27.88 27.89 27.90 27.89 27.90 27.91 27.92 27.92 27.92 27.92 27.93 27.92 27.91 27.90 27.89 27.88 27.87 27.87 27.86 27.84 27.83 27.82 27.82 27.81 27.80 27.78 27.77 27.78 27.77 27.75 27.74 27.76 27.75 27.75 27.76 27.75 27.75 27.75 27.75
27.78 27.78 27.79 27.80 27.80 27.81 27.81 27.80 27.81 27.81 27.82 27.82 27.81 27.81 27.81 27.80 27.79 27.77 27.77 27.76 27.76 27.76 27.76 27.75 27.74 27.75 27.75 27.75 27.78 27.78 27.80 27.82 27.83 27.84 27.84 27.84 27.86 27.86 27.87 27.88 27.89 27.89 27.89 27.90 27.91 27.91 27.90 27.91 27.92 27.91 27.90 27.89 27.88 27.87 27.87 27.86 27.85 27.85 27.83 27.82 27.81 27.80 27.79 27.78 27.77 27.78 27.77 27.75 27.74 27.76 27.75 27.75 27.76 27.75 27.75 27.75 27.76
27.77 27.77 27.78 27.78 27.79 27.79 27.80 27.78 27.79 27.79 27.79 27.79 27.79 27.79 27.78 27.77 27.77 27.77 27.76 27.75 27.74 27.74 27.74 27.74 27.74 27.74 27.74 27.75 27.77 27.78 27.79 27.81 27.82 27.83 27.83 27.84 27.85 27.86 27.87 27.88 27.88 27.89 27.89 27.89 27.90 27.90 27.90 27.91 27.92 27.91 27.90 27.89 27.88 27.87 27.86 27.86 27.85 27.84 27.84 27.81 27.80 27.80 27.79 27.78 27.77 27.78 27.77 27.77 27.75 27.74 27.75 27.75 27.76 27.76 27.76 27.76 27.77
27.76 27.76 27.76 27.77 27.77 27.77 27.76 27.76 27.77 27.77 27.77 27.77 27.77 27.77 27.76 27.76 27.75 27.76 27.75 27.74 27.74 27.73 27.73 27.73 27.74 27.74 27.74 27.75 27.76 27.77 27.78 27.79 27.82 27.82 27.83 27.83 27.84 27.85 27.86 27.87 27.87 27.88 27.88 27.89 27.89 27.89 27.89 27.90 27.91 27.90 27.89 27.88 27.87 27.86 27.86 27.85 27.85 27.84 27.82 27.81 27.80 27.79 27.79 27.78 27.79 27.79 27.77 27.77 27.75 27.75 27.74 27.74 27.75 27.76 27.76 27.77 27.77
27.75 27.75 27.76 27.76 27.75 27.74 27.74 27.74 27.75 27.75 27.75 27.75 27.75 27.75 27.75 27.74 27.74 27.75 27.74 27.73 27.73 27.73 27.73 27.73 27.73 27.74 27.74 27.74 27.76 27.77 27.78 27.79 27.80 27.82 27.83 27.83 27.83 27.84 27.85 27.85 27.87 27.87 27.87 27.88 27.88 27.88 27.88 27.89 27.89 27.89 27.88 27.88 27.87 27.86 27.85 27.85 27.84 27.84 27.81 27.81 27.80 27.79 27.79 27.78 27.79 27.79 27.78 27.78 27.76 27.75 27.75 27.75 27.76 27.76 27.77 27.78 27.78
27.75 27.74 27.74 27.74 27.72 27.73 27.72 27.73 27.73 27.73 27.73 27.73 27.73 27.73 27.73 27.72 27.72 27.72 27.73 27.72 27.72 27.72 27.73 27.73 27.73 27.73 27.73 27.74 27.75 27.77 27.78 27.79 27.78 27.78 27.81 27.82 27.83 27.83 27.85 27.85 27.86 27.87 27.87 27.87 27.87 27.87 27.87 27.88 27.88 27.87 27.88 27.87 27.86 27.86 27.85 27.84 27.84 27.83 27.81 27.81 27.80 27.79 27.81 27.80 27.80 27.79 27.78 27.78 27.77 27.76 27.76 27.75 27.76 27.76 27.77 27.78 27.79
27.74 27.73 27.73 27.71 27.71 27.71 27.71 27.72 27.71 27.71 27.71 27.71 27.71 27.71 27.71 27.71 27.71 27.71 27.72 27.72 27.72 27.72 27.72 27.72 27.72 27.73 27.73 27.74 27.74 27.77 27.77 27.78 27.78 27.78 27.80 27.81 27.83 27.83 27.84 27.84 27.85 27.85 27.86 27.86 27.87 27.87 27.86 27.88 27.87 27.86 27.86 27.87 27.86 27.85 27.85 27.84 27.84 27.82 27.81 27.80 27.80 27.81 27.81 27.81 27.80 27.79 27.79 27.79 27.78 27.77 27.76 27.76 27.77 27.77 27.78 27.78 27.78
27.73 27.72 27.70 27.70 27.70 27.70 27.70 27.70 27.70 27.69 27.69 27.69 27.69 27.69 27.69 27.69 27.69 27.70 27.71 27.71 27.71 27.71 27.72 27.72 27.72 27.73 27.73 27.73 27.74 27.76 27.77 27.77 27.78 27.77 27.78 27.80 27.81 27.82 27.83 27.84 27.84 27.85 27.86 27.86 27.86 27.86 27.87 27.87 27.87 27.86 27.85 27.85 27.84 27.85 27.84 27.84 27.84 27.82 27.81 27.80 27.82 27.81 27.81 27.81 27.81 27.80 27.80 27.79 27.79 27.79 27.77 27.76 27.76 27.78 27.79 27.79 27.79
27.72 27.69 27.69 27.69 27.69 27.69 27.69 27.69 27.68 27.68 27.68 27.68 27.68 27.67 27.67 27.68 27.68 27.68 27.69 27.70 27.70 27.71 27.71 27.72 27.72 27.72 27.73 27.73 27.74 27.75 27.76 27.77 27.77 27.76 27.77 27.78 27.80 27.82 27.83 27.84 27.84 27.85 27.86 27.85 27.86 27.86 27.87 27.87 27.86 27.85 27.85 27.84 27.84 27.83 27.84 27.84 27.84 27.82 27.81 27.82 27.82 27.82 27.81 27.81 27.82 27.80 27.80 27.80 27.79 27.79 27.78 27.77 27.77 27.78 27.79 27.80 27.80
27.72 27.68 27.68 27.68 27.68 27.68 27.68 27.68 27.67 27.67 27.67 27.67 27.67 27.67 27.66 27.66 27.67 27.67 27.67 27.69 27.70 27.70 27.70 27.71 27.71 27.71 27.72 27.73 27.73 27.74 27.76 27.75 27.76 27.76 27.77 27.78 27.78 27.79 27.83 27.83 27.84 27.84 27.85 27.85 27.85 27.85 27.87 27.86 27.86 27.85 27.84 27.84 27.83 27.83 27.83 27.83 27.84 27.83 27.82 27.82 27.81 27.81 27.81 27.81 27.81 27.81 27.80 27.80 27.80 27.80 27.81 27.80 27.79 27.79 27.81 27.81 27.81
27.72 27.71 27.68 27.67 27.67 27.67 27.67 27.67 27.66 27.66 27.66 27.66 27.66 27.66 27.65 27.66 27.66 27.66 27.67 27.68 27.68 27.69 27.69 27.70 27.70 27.71 27.71 27.72 27.73 27.74 27.75 27.75 27.75 27.75 27.76 27.78 27.78 27.80 27.81 27.81 27.83 27.84 27.85 27.85 27.85 27.85 27.86 27.86 27.86 27.85 27.84 27.84 27.83 27.83 27.83 27.82 27.84 27.83 27.83 27.82 27.82 27.82 27.82 27.82 27.81 27.81 27.81 27.81 27.81 27.81 27.81 27.81 27.82 27.80 27.82 27.82 27.82
27.71 27.71 27.70 27.67 27.67 27.66 27.66 27.66 27.66 27.65 27.65 27.65 27.65 27.65 27.65 27.65 27.65 27.65 27.66 27.67 27.68 27.69 27.69 27.69 27.70 27.70 27.71 27.72 27.72 27.74 27.74 27.74 27.75 27.76 27.76 27.77 27.78 27.79 27.80 27.81 27.81 27.82 27.84 27.84 27.84 27.84 27.86 27.85 27.85 27.85 27.84 27.84 27.83 27.83 27.83 27.83 27.83 27.83 27.83 27.83 27.82 27.82 27.82 27.81 27.81 27.82 27.81 27.81 27.81 27.82 27.82 27.82 27.83 27.83 27.83 27.83 27.83
27.71 27.70 27.70 27.70 27.69 27.69 27.66 27.65 27.65 27.65 27.65 27.65 27.65 27.64 27.64 27.64 27.65 27.65 27.66 27.66 27.67 27.68 27.68 27.69 27.69 27.70 27.71 27.71 27.72 27.73 27.73 27.74 27.75 27.75 27.76 27.77 27.78 27.79 27.79 27.81 27.81 27.81 27.83 27.82 27.84 27.84 27.84 27.85 27.85 27.84 27.84 27.83 27.83 27.83 27.84 27.84 27.84 27.83 27.82 27.83 27.83 27.83 27.82 27.82 27.82 27.82 27.82 27.82 27.83 27.83 27.83 27.83 27.83 27.84 27.85 27.84 27.84
27.71 27.70 27.70 27.69 27.69 27.69 27.68 27.68 27.65 27.64 27.64 27.64 27.63 27.64 27.64 27.64 27.64 27.64 27.65 27.66 27.66 27.67 27.67 27.68 27.69 27.70 27.70 27.70 27.72 27.72 27.72 27.74 27.75 27.75 27.75 27.76 27.78 27.78 27.79 27.79 27.80 27.81 27.82 27.82 27.83 27.83 27.84 27.85 27.84 27.84 27.83 27.84 27.83 27.84 27.84 27.84 27.84 27.83 27.83 27.83 27.83 27.83 27.82 27.82 27.82 27.82 27.83 27.83 27.83 27.83 27.84 27.86 27.87 27.88 27.88 27.88 27.87
27.70 27.70 27.70 27.69 27.69 27.68 27.68 27.68 27.67 27.64 27.64 27.64 27.63 27.63 27.63 27.63 27.64 27.64 27.64 27.65 27.66 27.66 27.67 27.67 27.69 27.69 27.70 27.70 27.71 27.72 27.72 27.73 27.74 27.74 27.75 27.77 27.77 27.78 27.78 27.79 27.79 27.80 27.84 27.81 27.82 27.83 27.82 27.84 27.84 27.84 27.84 27.85 27.84 27.84 27.84 27.85 27.85 27.83 27.83 27.83 27.85 27.84 27.83 27.83 27.83 27.84 27.84 27.84 27.86 27.86 27.88 27.89 27.89 27.89 27.89 27.90 27.90
