data/EU espacial/T17022017.grd
DSAA
94	94
0.0000	100.0000
0.0000	100.0000
26.6511	30.4875
[rows 34 to 67 of 94, columns 0 to 76 of 94]
28.11 28.08 28.03 27.99 27.94 27.90 27.86 27.84 27.82 27.82 27.84 27.86 27.90 27.94 27.99 28.05 28.10 28.14 28.16 28.16 28.13 28.08 28.03 27.97 27.91 27.87 27.82 27.74 27.70 27.67 27.65 27.63 27.61 27.60 27.58 27.58 27.56 27.57 27.60 27.65 27.70 27.76 27.81 27.85 27.87 27.89 27.90 27.89 27.88 27.85 27.81 27.77 27.72 27.67 27.62 27.58 27.55 27.54 27.53 27.53 27.53 27.54 27.55 27.56 27.57 27.61 27.62 27.63 27.65 27.67 27.70 27.70 27.73 27.75 27.77 27.78 27.80
28.21 28.18 28.13 28.09 28.04 28.00 27.97 27.95 27.93 27.93 27.95 27.97 28.02 28.07 28.13 28.19 28.25 28.31 28.34 28.34 28.30 28.24 28.16 28.10 28.03 27.97 27.92 27.87 27.79 27.76 27.74 27.71 27.68 27.66 27.65 27.64 27.63 27.65 27.68 27.73 27.79 27.87 27.93 27.98 28.02 28.04 28.04 28.04 28.02 27.99 27.95 27.90 27.84 27.77 27.71 27.66 27.62 27.60 27.59 27.59 27.59 27.59 27.60 27.60 27.63 27.67 27.67 27.70 27.72 27.74 27.77 27.78 27.81 27.84 27.86 27.88 27.89
28.32 28.28 28.23 28.18 28.13 28.09 28.06 28.04 28.03 28.03 28.05 28.08 28.12 28.18 28.24 28.31 28.39 28.47 28.53 28.53 28.47 28.38 28.29 28.22 28.14 28.07 28.01 27.95 27.89 27.85 27.82 27.79 27.76 27.74 27.72 27.70 27.69 27.70 27.74 27.82 27.90 27.98 28.06 28.12 28.17 28.20 28.21 28.20 28.18 28.14 28.10 28.04 27.96 27.88 27.81 27.73 27.68 27.66 27.66 27.65 27.66 27.65 27.65 27.66 27.68 27.69 27.73 27.76 27.78 27.81 27.84 27.87 27.89 27.92 27.96 27.98 28.00
28.42 28.37 28.31 28.26 28.21 28.17 28.14 28.12 28.12 28.12 28.14 28.17 28.21 28.27 28.34 28.41 28.50 28.59 28.69 28.71 28.60 28.49 28.39 28.30 28.24 28.16 28.10 28.04 27.97 27.91 27.87 27.84 27.82 27.82 27.80 27.78 27.77 27.76 27.83 27.93 28.02 28.11 28.20 28.28 28.33 28.37 28.39 28.39 28.37 28.33 28.27 28.19 28.10 28.01 27.92 27.82 27.74 27.74 27.74 27.72 27.71 27.71 27.72 27.72 27.73 27.75 27.79 27.82 27.85 27.88 27.91 27.95 27.97 28.01 28.05 28.08 28.10
28.46 28.43 28.38 28.33 28.28 28.24 28.21 28.20 28.19 28.19 28.21 28.25 28.29 28.35 28.41 28.48 28.57 28.66 28.74 28.74 28.66 28.57 28.47 28.39 28.32 28.24 28.14 28.08 28.03 27.98 27.94 27.92 27.90 27.89 27.89 27.88 27.88 27.89 27.96 28.06 28.16 28.27 28.36 28.45 28.51 28.55 28.57 28.57 28.55 28.51 28.44 28.37 28.25 28.15 28.05 27.95 27.87 27.85 27.83 27.80 27.79 27.78 27.78 27.78 27.79 27.79 27.84 27.87 27.91 27.94 27.98 28.00 28.04 28.08 28.13 28.16 28.18
28.48 28.46 28.42 28.38 28.34 28.31 28.29 28.25 28.25 28.26 28.27 28.31 28.35 28.40 28.46 28.53 28.61 28.68 28.73 28.73 28.68 28.61 28.53 28.44 28.34 28.26 28.20 28.15 28.10 28.05 28.01 28.00 27.98 27.97 27.97 27.98 28.01 28.05 28.12 28.21 28.32 28.43 28.52 28.63 28.70 28.74 28.77 28.77 28.74 28.69 28.63 28.54 28.44 28.31 28.21 28.11 28.02 27.96 27.93 27.90 27.87 27.85 27.85 27.84 27.84 27.85 27.87 27.92 27.96 28.00 28.04 28.07 28.11 28.15 28.19 28.23 28.27
28.50 28.48 28.45 28.42 28.39 28.36 28.33 28.32 28.31 28.32 28.34 28.35 28.40 28.44 28.50 28.56 28.62 28.68 28.71 28.71 28.69 28.63 28.56 28.48 28.38 28.31 28.26 28.20 28.15 28.12 28.09 28.07 28.06 28.06 28.07 28.09 28.12 28.18 28.28 28.38 28.48 28.60 28.70 28.82 28.89 28.95 28.98 28.98 28.95 28.89 28.82 28.72 28.61 28.50 28.35 28.25 28.16 28.09 28.04 27.99 27.95 27.93 27.91 27.89 27.89 27.90 27.93 27.96 28.01 28.05 28.08 28.11 28.17 28.22 28.26 28.30 28.35
28.52 28.50 28.48 28.45 28.42 28.39 28.37 28.35 28.35 28.35 28.37 28.40 28.44 28.49 28.53 28.58 28.63 28.67 28.70 28.70 28.68 28.64 28.58 28.48 28.41 28.35 28.29 28.25 28.20 28.17 28.14 28.13 28.13 28.15 28.17 28.20 28.24 28.32 28.43 28.53 28.64 28.76 28.89 29.01 29.09 29.17 29.21 29.21 29.17 29.11 29.02 28.91 28.79 28.65 28.53 28.40 28.30 28.21 28.15 28.09 28.04 28.00 27.96 27.96 27.95 27.96 27.98 27.99 28.02 28.10 28.14 28.16 28.21 28.26 28.31 28.37 28.42
28.54 28.52 28.50 28.48 28.45 28.42 28.40 28.38 28.37 28.38 28.39 28.43 28.46 28.51 28.56 28.61 28.65 28.69 28.70 28.69 28.67 28.65 28.60 28.54 28.45 28.38 28.33 28.28 28.25 28.21 28.19 28.18 28.19 28.22 28.25 28.29 28.36 28.44 28.56 28.67 28.79 28.92 29.07 29.20 29.31 29.39 29.44 29.44 29.40 29.32 29.21 29.07 28.94 28.81 28.68 28.56 28.44 28.33 28.25 28.18 28.13 28.06 28.03 28.01 28.00 27.99 28.02 28.04 28.07 28.11 28.19 28.24 28.29 28.33 28.38 28.45 28.50
28.56 28.55 28.53 28.50 28.47 28.44 28.42 28.40 28.39 28.39 28.41 28.44 28.47 28.52 28.57 28.62 28.66 28.69 28.71 28.71 28.69 28.65 28.61 28.52 28.46 28.41 28.36 28.30 28.28 28.25 28.23 28.24 28.25 28.28 28.32 28.38 28.45 28.55 28.65 28.79 28.93 29.07 29.23 29.38 29.52 29.62 29.68 29.68 29.64 29.52 29.39 29.24 29.10 28.95 28.81 28.68 28.57 28.46 28.37 28.28 28.21 28.13 28.09 28.06 28.04 28.04 28.04 28.07 28.13 28.21 28.26 28.31 28.35 28.40 28.45 28.52 28.57
28.58 28.57 28.55 28.52 28.49 28.46 28.44 28.41 28.39 28.39 28.41 28.44 28.48 28.53 28.59 28.63 28.67 28.70 28.71 28.71 28.70 28.67 28.60 28.55 28.48 28.43 28.38 28.34 28.30 28.28 28.27 28.28 28.30 28.34 28.39 28.45 28.53 28.63 28.75 28.90 29.04 29.20 29.37 29.55 29.71 29.85 29.93 29.94 29.86 29.72 29.57 29.40 29.24 29.08 28.92 28.78 28.67 28.56 28.46 28.36 28.27 28.19 28.14 28.11 28.08 28.08 28.08 28.11 28.15 28.23 28.31 28.36 28.40 28.46 28.51 28.58 28.64
28.61 28.59 28.57 28.55 28.52 28.49 28.45 28.42 28.39 28.38 28.40 28.44 28.49 28.55 28.60 28.64 28.68 28.71 28.72 28.72 28.71 28.68 28.65 28.57 28.52 28.46 28.39 28.34 28.31 28.30 28.30 28.31 28.34 28.39 28.44 28.51 28.60 28.70 28.82 28.96 29.13 29.30 29.50 29.69 29.89 30.06 30.19 30.20 30.08 29.90 29.72 29.53 29.35 29.18 29.04 28.87 28.75 28.63 28.52 28.41 28.33 28.26 28.19 28.15 28.12 28.10 28.11 28.15 28.22 28.28 28.35 28.41 28.47 28.52 28.57 28.64 28.70
28.63 28.62 28.60 28.58 28.55 28.51 28.48 28.44 28.40 28.37 28.39 28.45 28.51 28.57 28.62 28.67 28.70 28.73 28.74 28.74 28.73 28.70 28.67 28.60 28.54 28.49 28.42 28.36 28.32 28.32 28.33 28.34 28.37 28.41 28.48 28.55 28.64 28.75 28.87 29.02 29.18 29.37 29.58 29.79 30.01 30.23 30.44 30.45 30.24 30.03 29.82 29.62 29.45 29.27 29.11 28.96 28.82 28.69 28.57 28.47 28.38 28.30 28.24 28.19 28.14 28.12 28.15 28.19 28.24 28.33 28.39 28.44 28.50 28.58 28.62 28.69 28.75
28.67 28.65 28.63 28.61 28.58 28.54 28.51 28.47 28.43 28.40 28.42 28.48 28.54 28.59 28.65 28.69 28.73 28.75 28.77 28.77 28.75 28.73 28.70 28.62 28.57 28.51 28.45 28.39 28.35 28.34 28.34 28.37 28.40 28.44 28.50 28.58 28.67 28.77 28.90 29.04 29.21 29.40 29.61 29.81 30.03 30.27 30.48 30.49 30.28 30.07 29.86 29.68 29.49 29.32 29.16 29.00 28.86 28.73 28.62 28.52 28.43 28.35 28.27 28.23 28.19 28.17 28.19 28.24 28.32 28.38 28.44 28.50 28.55 28.61 28.66 28.73 28.78
28.70 28.69 28.67 28.64 28.61 28.58 28.54 28.51 28.48 28.47 28.49 28.53 28.58 28.63 28.68 28.72 28.76 28.78 28.80 28.80 28.78 28.76 28.73 28.63 28.59 28.54 28.48 28.43 28.39 28.37 28.37 28.39 28.41 28.46 28.51 28.58 28.67 28.78 28.90 29.04 29.20 29.39 29.58 29.78 29.98 30.17 30.31 30.32 30.20 30.03 29.84 29.67 29.50 29.33 29.17 29.02 28.90 28.77 28.66 28.55 28.47 28.39 28.31 28.27 28.24 28.24 28.26 28.30 28.37 28.43 28.49 28.55 28.60 28.65 28.70 28.74 28.81
28.74 28.73 28.71 28.68 28.65 28.62 28.59 28.56 28.54 28.53 28.55 28.58 28.62 28.67 28.72 28.76 28.79 28.82 28.83 28.83 28.81 28.79 28.72 28.67 28.63 28.57 28.52 28.47 28.43 28.41 28.40 28.40 28.42 28.46 28.51 28.57 28.66 28.76 28.87 29.01 29.17 29.35 29.51 29.71 29.88 30.03 30.12 30.13 30.06 29.94 29.79 29.64 29.48 29.31 29.17 29.03 28.89 28.78 28.68 28.56 28.48 28.42 28.35 28.31 28.29 28.29 28.32 28.35 28.40 28.48 28.54 28.60 28.65 28.70 28.74 28.77 28.81
28.77 28.76 28.75 28.72 28.69 28.66 28.63 28.61 28.59 28.59 28.60 28.63 28.67 28.71 28.75 28.80 28.83 28.86 28.87 28.87 28.85 28.84 28.80 28.71 28.66 28.61 28.56 28.51 28.46 28.44 28.42 28.42 28.43 28.45 28.48 28.56 28.63 28.72 28.84 28.96 29.12 29.28 29.43 29.62 29.77 29.89 29.94 29.96 29.91 29.82 29.70 29.56 29.42 29.28 29.15 29.02 28.88 28.77 28.67 28.59 28.50 28.44 28.38 28.34 28.33 28.34 28.37 28.41 28.45 28.53 28.59 28.65 28.70 28.74 28.78 28.80 28.84
28.81 28.80 28.78 28.76 28.73 28.70 28.67 28.65 28.63 28.63 28.65 28.67 28.71 28.75 28.79 28.84 28.88 28.91 28.92 28.92 28.91 28.88 28.84 28.77 28.70 28.65 28.59 28.54 28.50 28.46 28.44 28.42 28.42 28.43 28.46 28.50 28.57 28.66 28.76 28.91 29.05 29.20 29.36 29.50 29.63 29.73 29.79 29.81 29.76 29.69 29.60 29.49 29.36 29.23 29.11 28.99 28.87 28.75 28.66 28.58 28.51 28.44 28.39 28.37 28.36 28.38 28.40 28.44 28.50 28.56 28.64 28.70 28.75 28.78 28.82 28.83 28.85
28.86 28.85 28.82 28.79 28.76 28.72 28.70 28.68 28.66 28.66 28.68 28.70 28.74 28.78 28.82 28.87 28.91 28.95 28.97 28.97 28.96 28.92 28.87 28.78 28.74 28.68 28.61 28.55 28.52 28.46 28.44 28.42 28.40 28.40 28.41 28.44 28.49 28.58 28.70 28.82 28.95 29.09 29.23 29.37 29.49 29.57 29.63 29.65 29.63 29.57 29.49 29.40 29.28 29.17 29.05 28.93 28.81 28.72 28.64 28.56 28.50 28.45 28.40 28.38 28.38 28.40 28.43 28.48 28.54 28.63 28.69 28.75 28.79 28.82 28.84 28.86 28.87
28.90 28.89 28.86 28.82 28.78 28.74 28.72 28.69 28.68 28.68 28.69 28.72 28.76 28.80 28.85 28.90 28.95 29.00 29.03 29.03 29.00 28.96 28.91 28.80 28.73 28.68 28.62 28.57 28.52 28.47 28.43 28.40 28.38 28.37 28.37 28.39 28.42 28.49 28.58 28.72 28.85 28.99 29.13 29.25 29.36 29.43 29.48 29.50 29.49 29.44 29.38 29.30 29.19 29.09 28.99 28.86 28.77 28.69 28.61 28.55 28.48 28.44 28.40 28.39 28.38 28.41 28.45 28.52 28.59 28.67 28.74 28.78 28.83 28.86 28.87 28.88 28.87
28.94 28.92 28.88 28.83 28.79 28.75 28.71 28.69 28.68 28.69 28.70 28.72 28.76 28.80 28.86 28.92 28.98 29.04 29.08 29.08 29.04 28.99 28.92 28.82 28.75 28.70 28.64 28.58 28.52 28.48 28.43 28.39 28.36 28.34 28.33 28.34 28.35 28.39 28.48 28.60 28.75 28.89 29.03 29.14 29.23 29.30 29.35 29.37 29.36 29.33 29.27 29.20 29.11 29.01 28.89 28.80 28.71 28.64 28.58 28.52 28.46 28.42 28.39 28.38 28.38 28.40 28.45 28.53 28.62 28.71 28.78 28.82 28.86 28.89 28.90 28.90 28.87
28.99 28.95 28.89 28.83 28.78 28.74 28.70 28.68 28.67 28.67 28.69 28.71 28.75 28.80 28.85 28.92 28.99 29.06 29.13 29.14 29.08 29.01 28.94 28.86 28.79 28.71 28.64 28.58 28.53 28.47 28.42 28.38 28.34 28.32 28.30 28.28 28.27 28.28 28.37 28.51 28.64 28.80 28.93 29.04 29.13 29.19 29.23 29.26 29.25 29.22 29.17 29.09 29.01 28.92 28.83 28.74 28.66 28.60 28.54 28.49 28.44 28.40 28.37 28.36 28.35 28.37 28.43 28.53 28.63 28.74 28.81 28.85 28.87 28.90 28.92 28.91 28.86
28.99 28.94 28.87 28.81 28.75 28.71 28.67 28.65 28.64 28.64 28.65 28.68 28.70 28.75 28.81 28.90 28.96 29.05 29.14 29.16 29.08 29.01 28.93 28.86 28.79 28.74 28.67 28.61 28.53 28.47 28.41 28.37 28.33 28.31 28.28 28.25 28.22 28.21 28.31 28.45 28.58 28.71 28.83 28.93 29.01 29.09 29.11 29.12 29.15 29.09 29.05 29.00 28.93 28.84 28.76 28.68 28.60 28.55 28.50 28.45 28.41 28.38 28.35 28.34 28.33 28.34 28.41 28.51 28.61 28.73 28.82 28.83 28.85 28.88 28.91 28.89 28.83
28.89 28.86 28.81 28.75 28.70 28.66 28.63 28.60 28.59 28.59 28.59 28.62 28.66 28.71 28.77 28.84 28.92 28.99 29.05 29.07 29.03 28.97 28.91 28.84 28.79 28.73 28.67 28.56 28.53 28.47 28.42 28.37 28.33 28.29 28.26 28.24 28.23 28.24 28.32 28.43 28.55 28.66 28.77 28.86 28.93 28.98 29.01 29.03 29.02 29.00 28.96 28.91 28.85 28.78 28.70 28.63 28.56 28.51 28.47 28.42 28.38 28.35 28.33 28.31 28.32 28.34 28.40 28.47 28.56 28.66 28.73 28.76 28.79 28.81 28.83 28.82 28.77
28.79 28.77 28.73 28.68 28.64 28.60 28.56 28.54 28.51 28.51 28.53 28.56 28.60 28.65 28.71 28.77 28.84 28.91 28.95 28.97 28.95 28.91 28.85 28.80 28.74 28.70 28.65 28.59 28.50 28.46 28.41 28.36 28.32 28.28 28.26 28.25 28.25 28.28 28.34 28.43 28.53 28.64 28.73 28.80 28.86 28.89 28.91 28.92 28.90 28.91 28.86 28.83 28.77 28.72 28.63 28.57 28.51 28.46 28.42 28.37 28.34 28.31 28.29 28.28 28.30 28.32 28.37 28.43 28.49 28.56 28.62 28.67 28.70 28.72 28.73 28.73 28.71
28.68 28.66 28.63 28.59 28.55 28.52 28.49 28.45 28.44 28.44 28.46 28.48 28.52 28.57 28.63 28.69 28.75 28.81 28.85 28.87 28.86 28.83 28.80 28.75 28.72 28.68 28.63 28.54 28.49 28.45 28.38 28.34 28.31 28.28 28.25 28.26 28.27 28.31 28.37 28.45 28.53 28.62 28.69 28.75 28.79 28.83 28.84 28.85 28.84 28.82 28.78 28.74 28.70 28.64 28.57 28.52 28.46 28.41 28.37 28.33 28.30 28.28 28.26 28.25 28.28 28.29 28.32 28.37 28.42 28.48 28.53 28.57 28.60 28.62 28.64 28.63 28.63
28.58 28.56 28.53 28.50 28.46 28.43 28.39 28.36 28.35 28.35 28.37 28.40 28.44 28.49 28.55 28.60 28.66 28.71 28.74 28.77 28.77 28.75 28.73 28.70 28.68 28.65 28.61 28.56 28.47 28.42 28.37 28.32 28.28 28.26 28.25 28.26 28.28 28.33 28.39 28.45 28.52 28.59 28.67 28.71 28.75 28.77 28.78 28.78 28.77 28.74 28.71 28.67 28.63 28.58 28.52 28.47 28.41 28.37 28.33 28.29 28.26 28.23 28.22 28.24 28.24 28.25 28.27 28.30 28.33 28.37 28.42 28.46 28.49 28.52 28.54 28.55 28.55
28.47 28.46 28.43 28.40 28.36 28.32 28.29 28.27 28.25 28.25 28.27 28.30 28.34 28.40 28.45 28.51 28.56 28.61 28.64 28.67 28.67 28.67 28.67 28.65 28.64 28.61 28.58 28.54 28.49 28.44 28.35 28.29 28.25 28.23 28.24 28.25 28.29 28.34 28.40 28.46 28.53 28.60 28.65 28.69 28.71 28.72 28.72 28.71 28.69 28.67 28.62 28.58 28.56 28.51 28.46 28.42 28.36 28.32 28.28 28.24 28.25 28.23 28.22 28.21 28.20 28.20 28.20 28.22 28.24 28.27 28.30 28.34 28.38 28.43 28.46 28.46 28.47
28.38 28.36 28.33 28.30 28.26 28.23 28.19 28.16 28.15 28.14 28.16 28.20 28.24 28.30 28.36 28.41 28.47 28.52 28.56 28.58 28.60 28.60 28.60 28.60 28.59 28.57 28.55 28.51 28.47 28.41 28.35 28.29 28.22 28.20 28.21 28.24 28.29 28.35 28.41 28.48 28.54 28.60 28.64 28.67 28.68 28.68 28.67 28.66 28.63 28.61 28.56 28.52 28.47 28.45 28.40 28.36 28.32 28.27 28.23 28.19 28.20 28.19 28.18 28.16 28.15 28.15 28.14 28.14 28.14 28.16 28.18 28.23 28.28 28.33 28.37 28.38 28.41
28.28 28.26 28.23 28.20 28.17 28.13 28.09 28.06 28.03 28.03 28.05 28.09 28.14 28.20 28.27 28.32 28.38 28.42 28.46 28.49 28.51 28.52 28.53 28.54 28.54 28.53 28.51 28.49 28.45 28.39 28.31 28.24 28.19 28.17 28.17 28.22 28.29 28.35 28.42 28.48 28.55 28.60 28.64 28.65 28.65 28.64 28.62 28.60 28.57 28.54 28.50 28.45 28.41 28.35 28.34 28.30 28.26 28.21 28.21 28.17 28.15 28.13 28.13 28.11 28.10 28.09 28.07 28.06 28.04 28.04 28.06 28.10 28.16 28.23 28.29 28.31 28.35
28.19 28.17 28.14 28.11 28.07 28.04 28.00 27.96 27.92 27.90 27.93 27.98 28.05 28.11 28.18 28.23 28.29 28.33 28.37 28.40 28.41 28.44 28.47 28.47 28.47 28.47 28.47 28.47 28.44 28.36 28.27 28.18 28.11 28.10 28.14 28.20 28.28 28.35 28.42 28.48 28.54 28.60 28.64 28.63 28.61 28.59 28.57 28.54 28.51 28.47 28.44 28.40 28.34 28.29 28.25 28.21 28.20 28.19 28.15 28.13 28.10 28.08 28.07 28.06 28.05 28.03 28.01 27.97 27.93 27.91 27.93 27.99 28.07 28.14 28.22 28.26 28.30
28.10 28.08 28.05 28.02 27.99 27.95 27.91 27.87 27.83 27.79 27.83 27.90 27.97 28.03 28.09 28.15 28.20 28.24 28.28 28.31 28.33 28.36 28.39 28.40 28.40 28.41 28.42 28.43 28.42 28.32 28.22 28.12 28.03 28.02 28.08 28.16 28.25 28.34 28.40 28.45 28.50 28.57 28.62 28.59 28.55 28.53 28.50 28.47 28.44 28.40 28.36 28.33 28.30 28.23 28.19 28.18 28.16 28.11 28.10 28.07 28.04 28.04 28.02 28.00 27.99 27.98 27.94 27.90 27.86 27.82 27.82 27.91 28.00 28.09 28.16 28.22 28.26
28.02 28.00 27.97 27.94 27.91 27.88 27.85 27.81 27.78 27.75 27.78 27.84 27.90 27.96 28.02 28.07 28.12 28.16 28.20 28.23 28.26 28.28 28.30 28.31 28.32 28.33 28.34 28.34 28.32 28.25 28.16 28.07 28.00 27.99 28.04 28.13 28.21 28.29 28.35 28.40 28.44 28.49 28.52 28.50 28.47 28.44 28.41 28.38 28.35 28.32 28.29 28.26 28.24 28.19 28.17 28.14 28.11 28.07 28.03 28.01 27.98 27.96 27.95 27.93 27.92 27.90 27.88 27.84 27.81 27.78 27.80 27.87 27.96 28.04 28.12 28.18 28.22
27.94 27.92 27.89 27.87 27.85 27.82 27.79 27.77 27.74 27.74 27.76 27.80 27.85 27.91 27.96 28.01 28.05 28.09 28.12 28.15 28.18 28.20 28.21 28.23 28.24 28.24 28.24 28.23 28.20 28.16 28.09 28.03 27.98 27.98 28.03 28.08 28.15 28.21 28.27 28.31 28.35 28.38 28.39 28.38 28.36 28.34 28.31 28.28 28.26 28.24 28.21 28.19 28.16 28.15 28.11 28.08 28.06 28.02 27.98 27.95 27.92 27.89 27.88 27.86 27.85 27.83 27.81 27.79 27.78 27.78 27.81 27.86 27.94 28.02 28.09 28.14 28.19
