data/EU espacial/T17022017.grd
DSAA
94	94
0.0000	100.0000
0.0000	100.0000
26.6511	30.4875
[rows 0 to 33 of 94, columns 0 to 76 of 94]
28.08 28.09 28.10 28.11 28.13 28.14 28.16 28.18 28.21 28.24 28.26 28.29 28.32 28.35 28.37 28.39 28.41 28.43 28.45 28.43 28.37 28.31 28.25 28.20 28.15 28.10 28.05 28.00 27.96 27.92 27.88 27.84 27.80 27.77 27.73 27.69 27.66 27.63 27.63 27.64 27.65 27.66 27.67 27.69 27.70 27.70 27.70 27.70 27.72 27.72 27.72 27.72 27.72 27.72 27.72 27.72 27.73 27.76 27.79 27.82 27.84 27.87 27.89 27.91 27.93 27.95 27.97 28.00 28.02 28.05 28.08 28.12 28.15 28.19 28.23 28.23 28.19
28.04 28.05 28.07 28.08 28.10 28.11 28.14 28.16 28.19 28.22 28.25 28.28 28.31 28.34 28.36 28.38 28.40 28.41 28.41 28.39 28.34 28.28 28.22 28.17 28.12 28.07 28.02 27.98 27.94 27.90 27.86 27.83 27.79 27.75 27.71 27.68 27.65 27.62 27.62 27.63 27.64 27.66 27.67 27.68 27.69 27.70 27.70 27.71 27.72 27.72 27.72 27.72 27.72 27.72 27.73 27.73 27.74 27.76 27.79 27.82 27.84 27.86 27.88 27.90 27.91 27.93 27.95 27.97 27.99 28.02 28.05 28.08 28.11 28.15 28.17 28.17 28.15
27.99 28.01 28.03 28.04 28.06 28.08 28.10 28.13 28.16 28.19 28.23 28.26 28.29 28.32 28.35 28.36 28.37 28.37 28.36 28.33 28.29 28.23 28.18 28.13 28.08 28.04 27.99 27.96 27.92 27.88 27.84 27.81 27.77 27.73 27.70 27.67 27.64 27.62 27.62 27.63 27.64 27.65 27.66 27.68 27.69 27.70 27.71 27.71 27.72 27.72 27.72 27.72 27.72 27.73 27.73 27.74 27.75 27.77 27.80 27.82 27.84 27.86 27.88 27.89 27.90 27.91 27.92 27.94 27.96 27.98 28.00 28.03 28.06 28.09 28.10 28.10 28.08
27.94 27.96 27.98 28.00 28.02 28.04 28.06 28.09 28.12 28.16 28.20 28.24 28.28 28.31 28.33 28.34 28.34 28.32 28.30 28.27 28.23 28.18 28.13 28.08 28.04 28.00 27.96 27.92 27.89 27.85 27.82 27.79 27.75 27.71 27.68 27.66 27.63 27.62 27.62 27.62 27.63 27.64 27.66 27.67 27.69 27.70 27.71 27.72 27.72 27.72 27.72 27.72 27.72 27.73 27.73 27.75 27.76 27.78 27.81 27.83 27.85 27.86 27.87 27.87 27.88 27.88 27.89 27.90 27.91 27.93 27.95 27.98 28.00 28.02 28.03 28.03 28.01
27.89 27.91 27.93 27.95 27.97 27.99 28.02 28.05 28.08 28.12 28.17 28.21 28.25 28.29 28.31 28.31 28.30 28.28 28.25 28.21 28.16 28.11 28.07 28.03 27.99 27.95 27.92 27.89 27.86 27.83 27.79 27.76 27.73 27.69 27.66 27.64 27.62 27.61 27.61 27.61 27.62 27.63 27.65 27.67 27.69 27.70 27.71 27.72 27.72 27.72 27.71 27.71 27.72 27.72 27.73 27.75 27.77 27.79 27.82 27.84 27.85 27.86 27.86 27.86 27.86 27.85 27.86 27.86 27.87 27.88 27.89 27.91 27.93 27.95 27.96 27.95 27.94
27.84 27.86 27.88 27.90 27.92 27.94 27.97 28.00 28.03 28.08 28.13 28.18 28.23 28.27 28.29 28.29 28.27 28.23 28.18 28.13 28.09 28.04 28.00 27.97 27.93 27.90 27.87 27.85 27.82 27.80 27.76 27.73 27.70 27.67 27.64 27.62 27.60 27.61 27.59 27.60 27.61 27.62 27.64 27.66 27.68 27.70 27.71 27.72 27.72 27.71 27.71 27.71 27.70 27.71 27.73 27.75 27.77 27.80 27.82 27.84 27.86 27.86 27.85 27.84 27.83 27.82 27.81 27.81 27.82 27.82 27.83 27.85 27.87 27.88 27.88 27.88 27.87
27.79 27.81 27.83 27.85 27.86 27.89 27.91 27.94 27.98 28.02 28.08 28.15 28.21 28.26 28.28 28.27 28.23 28.18 28.12 28.06 28.01 27.96 27.93 27.89 27.87 27.85 27.83 27.81 27.79 27.76 27.73 27.70 27.67 27.64 27.62 27.60 27.58 27.59 27.57 27.58 27.59 27.60 27.63 27.65 27.68 27.70 27.71 27.72 27.71 27.70 27.69 27.69 27.69 27.70 27.72 27.74 27.77 27.80 27.83 27.85 27.87 27.86 27.85 27.82 27.79 27.77 27.76 27.76 27.76 27.76 27.77 27.78 27.80 27.81 27.81 27.81 27.80
27.75 27.76 27.77 27.79 27.81 27.83 27.85 27.88 27.91 27.96 28.02 28.11 28.19 28.26 28.29 28.26 28.20 28.12 28.04 27.97 27.92 27.88 27.84 27.82 27.80 27.78 27.77 27.76 27.75 27.73 27.70 27.67 27.63 27.61 27.58 27.57 27.55 27.56 27.54 27.55 27.56 27.58 27.61 27.63 27.66 27.70 27.72 27.72 27.71 27.69 27.67 27.66 27.66 27.67 27.70 27.73 27.76 27.80 27.83 27.86 27.88 27.87 27.84 27.79 27.75 27.72 27.70 27.69 27.69 27.70 27.70 27.72 27.73 27.74 27.74 27.74 27.73
27.70 27.70 27.72 27.73 27.75 27.77 27.79 27.81 27.83 27.88 27.95 28.06 28.17 28.26 28.30 28.26 28.16 28.05 27.95 27.87 27.82 27.78 27.75 27.73 27.72 27.72 27.72 27.72 27.72 27.69 27.66 27.63 27.60 27.57 27.54 27.52 27.52 27.52 27.50 27.51 27.52 27.55 27.58 27.60 27.64 27.68 27.72 27.72 27.69 27.66 27.63 27.61 27.62 27.64 27.67 27.70 27.74 27.78 27.83 27.87 27.89 27.88 27.82 27.76 27.70 27.65 27.63 27.62 27.63 27.63 27.65 27.66 27.66 27.67 27.67 27.67 27.67
27.65 27.66 27.66 27.68 27.70 27.72 27.73 27.75 27.76 27.78 27.87 28.00 28.13 28.25 28.33 28.24 28.11 27.97 27.85 27.76 27.72 27.69 27.66 27.64 27.64 27.65 27.66 27.67 27.68 27.65 27.62 27.58 27.56 27.52 27.50 27.48 27.47 27.47 27.46 27.47 27.48 27.51 27.52 27.56 27.60 27.66 27.71 27.71 27.66 27.62 27.58 27.55 27.57 27.60 27.63 27.67 27.71 27.76 27.80 27.85 27.90 27.88 27.79 27.71 27.63 27.57 27.55 27.55 27.56 27.57 27.58 27.59 27.60 27.61 27.61 27.61 27.61
27.59 27.60 27.61 27.63 27.65 27.66 27.68 27.70 27.72 27.74 27.82 27.94 28.06 28.17 28.22 28.14 28.01 27.89 27.77 27.68 27.63 27.60 27.58 27.56 27.56 27.57 27.59 27.60 27.61 27.59 27.56 27.53 27.51 27.48 27.45 27.43 27.42 27.42 27.41 27.42 27.43 27.45 27.47 27.50 27.54 27.59 27.64 27.64 27.60 27.57 27.53 27.51 27.53 27.56 27.59 27.63 27.67 27.71 27.75 27.80 27.83 27.81 27.73 27.65 27.57 27.51 27.49 27.49 27.49 27.50 27.52 27.54 27.55 27.55 27.55 27.55 27.55
27.54 27.54 27.56 27.57 27.60 27.62 27.64 27.66 27.69 27.73 27.79 27.87 27.96 28.02 28.04 27.99 27.90 27.79 27.69 27.60 27.55 27.52 27.50 27.48 27.48 27.49 27.50 27.51 27.52 27.52 27.49 27.47 27.45 27.42 27.40 27.39 27.37 27.37 27.36 27.36 27.37 27.39 27.40 27.42 27.46 27.49 27.52 27.53 27.51 27.50 27.48 27.47 27.49 27.51 27.55 27.58 27.62 27.66 27.69 27.72 27.72 27.70 27.64 27.58 27.51 27.46 27.43 27.43 27.43 27.45 27.46 27.47 27.49 27.49 27.50 27.50 27.50
27.48 27.49 27.50 27.52 27.55 27.57 27.60 27.63 27.66 27.70 27.74 27.80 27.85 27.88 27.88 27.84 27.77 27.68 27.59 27.52 27.47 27.43 27.41 27.40 27.40 27.41 27.42 27.43 27.44 27.44 27.42 27.41 27.39 27.37 27.35 27.33 27.32 27.31 27.30 27.30 27.30 27.31 27.32 27.34 27.36 27.38 27.40 27.41 27.42 27.42 27.42 27.42 27.44 27.47 27.49 27.52 27.56 27.59 27.61 27.63 27.62 27.59 27.55 27.49 27.44 27.40 27.37 27.36 27.36 27.38 27.40 27.42 27.43 27.45 27.45 27.45 27.45
27.42 27.43 27.45 27.47 27.50 27.53 27.56 27.59 27.63 27.66 27.69 27.73 27.75 27.76 27.74 27.70 27.63 27.56 27.48 27.42 27.37 27.34 27.32 27.31 27.32 27.33 27.34 27.35 27.36 27.36 27.36 27.35 27.33 27.31 27.29 27.27 27.26 27.25 27.24 27.23 27.23 27.23 27.23 27.24 27.25 27.27 27.28 27.30 27.31 27.33 27.35 27.36 27.39 27.41 27.44 27.46 27.49 27.51 27.53 27.53 27.53 27.50 27.45 27.41 27.36 27.32 27.30 27.29 27.31 27.32 27.34 27.36 27.38 27.40 27.40 27.41 27.40
27.36 27.37 27.39 27.42 27.45 27.49 27.53 27.56 27.59 27.62 27.64 27.65 27.66 27.64 27.61 27.56 27.50 27.44 27.37 27.31 27.27 27.24 27.23 27.22 27.23 27.24 27.26 27.27 27.29 27.30 27.29 27.28 27.27 27.26 27.24 27.23 27.21 27.19 27.18 27.17 27.16 27.15 27.15 27.14 27.15 27.15 27.17 27.19 27.21 27.24 27.27 27.30 27.33 27.36 27.38 27.40 27.42 27.44 27.45 27.45 27.44 27.41 27.37 27.32 27.28 27.25 27.23 27.23 27.24 27.26 27.28 27.31 27.33 27.35 27.36 27.36 27.36
27.30 27.31 27.34 27.37 27.40 27.44 27.49 27.53 27.56 27.59 27.60 27.59 27.57 27.54 27.49 27.44 27.38 27.31 27.25 27.20 27.17 27.14 27.13 27.13 27.15 27.16 27.19 27.20 27.22 27.23 27.24 27.23 27.22 27.21 27.19 27.17 27.15 27.14 27.11 27.10 27.08 27.07 27.07 27.05 27.04 27.04 27.05 27.07 27.11 27.15 27.20 27.24 27.28 27.30 27.32 27.34 27.35 27.37 27.37 27.37 27.35 27.32 27.28 27.23 27.19 27.16 27.14 27.15 27.17 27.20 27.23 27.26 27.29 27.30 27.32 27.33 27.33
27.24 27.25 27.28 27.32 27.36 27.41 27.45 27.50 27.54 27.56 27.56 27.53 27.49 27.44 27.38 27.32 27.26 27.20 27.14 27.09 27.06 27.05 27.04 27.05 27.06 27.09 27.12 27.15 27.17 27.18 27.18 27.18 27.17 27.16 27.14 27.12 27.09 27.07 27.05 27.03 27.02 27.00 26.99 26.96 26.94 26.93 26.92 26.95 27.01 27.07 27.14 27.19 27.23 27.26 27.27 27.28 27.29 27.30 27.30 27.30 27.29 27.25 27.20 27.15 27.09 27.06 27.05 27.07 27.10 27.14 27.18 27.21 27.24 27.27 27.30 27.31 27.30
27.17 27.19 27.23 27.27 27.32 27.37 27.42 27.47 27.52 27.54 27.53 27.48 27.42 27.35 27.28 27.23 27.17 27.09 27.03 26.99 26.97 26.97 26.97 26.97 26.98 27.02 27.06 27.10 27.13 27.15 27.15 27.14 27.13 27.11 27.09 27.07 27.04 27.01 26.99 26.98 26.96 26.94 26.92 26.88 26.85 26.82 26.80 26.84 26.91 27.00 27.09 27.16 27.20 27.21 27.22 27.22 27.23 27.24 27.24 27.24 27.23 27.19 27.14 27.07 27.00 26.96 26.96 27.00 27.04 27.08 27.13 27.18 27.22 27.25 27.28 27.29 27.29
27.11 27.14 27.19 27.24 27.29 27.34 27.40 27.45 27.49 27.53 27.50 27.44 27.36 27.28 27.19 27.14 27.08 27.02 26.95 26.90 26.90 26.90 26.89 26.89 26.92 26.98 27.03 27.07 27.10 27.11 27.11 27.10 27.10 27.08 27.05 27.03 27.00 26.96 26.94 26.93 26.92 26.90 26.87 26.83 26.78 26.73 26.69 26.72 26.83 26.95 27.05 27.14 27.17 27.18 27.18 27.17 27.17 27.18 27.20 27.20 27.19 27.16 27.09 27.01 26.92 26.86 26.88 26.94 26.99 27.05 27.10 27.15 27.19 27.24 27.27 27.28 27.27
27.08 27.11 27.16 27.21 27.25 27.30 27.36 27.41 27.45 27.48 27.45 27.39 27.31 27.22 27.13 27.08 27.03 26.96 26.89 26.85 26.86 26.86 26.85 26.85 26.89 26.94 26.99 27.04 27.07 27.08 27.08 27.09 27.07 27.05 27.03 27.01 26.97 26.94 26.92 26.91 26.90 26.87 26.85 26.80 26.75 26.70 26.65 26.68 26.80 26.92 27.03 27.12 27.15 27.15 27.15 27.13 27.13 27.15 27.16 27.17 27.16 27.12 27.06 26.98 26.89 26.82 26.85 26.91 26.97 27.03 27.08 27.13 27.18 27.22 27.25 27.27 27.26
27.13 27.13 27.16 27.20 27.23 27.27 27.31 27.34 27.37 27.38 27.36 27.30 27.23 27.16 27.11 27.06 27.01 26.95 26.87 26.84 26.86 26.85 26.85 26.86 26.86 26.91 26.95 27.00 27.04 27.06 27.07 27.07 27.06 27.04 27.02 27.00 26.97 26.95 26.93 26.91 26.89 26.87 26.84 26.80 26.77 26.73 26.71 26.73 26.81 26.91 26.99 27.07 27.11 27.12 27.13 27.11 27.12 27.12 27.14 27.14 27.13 27.09 27.04 26.97 26.91 26.87 26.88 26.92 26.97 27.02 27.07 27.12 27.16 27.20 27.23 27.24 27.21
27.17 27.17 27.18 27.20 27.22 27.24 27.27 27.29 27.30 27.30 27.27 27.23 27.18 27.12 27.07 27.02 26.97 26.92 26.88 26.85 26.83 26.83 26.83 26.84 26.87 26.90 26.94 26.98 27.01 27.05 27.04 27.06 27.05 27.04 27.02 27.00 26.98 26.96 26.94 26.93 26.91 26.89 26.86 26.83 26.80 26.78 26.77 26.80 26.85 26.92 26.98 27.04 27.07 27.09 27.10 27.10 27.11 27.12 27.12 27.12 27.11 27.08 27.03 26.99 26.94 26.92 26.92 26.95 26.99 27.03 27.08 27.12 27.16 27.19 27.21 27.22 27.19
27.22 27.20 27.20 27.21 27.21 27.22 27.23 27.24 27.24 27.22 27.20 27.17 27.14 27.10 27.05 27.01 26.98 26.93 26.90 26.88 26.86 26.85 26.85 26.86 26.88 26.91 26.94 26.97 27.00 27.03 27.04 27.05 27.06 27.05 27.03 27.02 27.00 26.99 26.97 26.95 26.94 26.92 26.90 26.87 26.85 26.84 26.84 26.86 26.89 26.94 26.99 27.03 27.06 27.08 27.09 27.10 27.11 27.11 27.12 27.12 27.10 27.08 27.05 27.01 26.98 26.97 26.97 26.99 27.02 27.05 27.09 27.13 27.16 27.18 27.20 27.18 27.17
27.26 27.24 27.23 27.22 27.22 27.21 27.20 27.19 27.18 27.17 27.14 27.12 27.10 27.08 27.05 27.02 27.00 26.96 26.93 26.91 26.89 26.88 26.88 26.88 26.90 26.92 26.96 26.98 27.01 27.03 27.05 27.06 27.06 27.06 27.05 27.04 27.03 27.01 27.01 26.99 26.97 26.96 26.96 26.92 26.91 26.91 26.91 26.92 26.95 26.97 27.01 27.03 27.06 27.08 27.09 27.10 27.11 27.12 27.13 27.12 27.11 27.09 27.07 27.05 27.03 27.02 27.02 27.03 27.05 27.08 27.11 27.14 27.18 27.19 27.19 27.17 27.17
27.31 27.29 27.27 27.25 27.23 27.21 27.19 27.16 27.14 27.12 27.10 27.08 27.07 27.07 27.06 27.04 27.02 27.01 26.98 26.96 26.94 26.92 26.91 26.91 26.92 26.95 26.97 27.00 27.03 27.05 27.07 27.08 27.09 27.08 27.06 27.05 27.06 27.05 27.04 27.03 27.01 27.00 27.00 26.98 26.98 26.97 26.98 26.99 27.00 27.01 27.03 27.05 27.07 27.08 27.10 27.11 27.12 27.13 27.14 27.14 27.13 27.12 27.09 27.08 27.07 27.05 27.06 27.07 27.09 27.12 27.14 27.17 27.19 27.21 27.19 27.18 27.16
27.37 27.34 27.31 27.28 27.25 27.22 27.18 27.14 27.10 27.07 27.06 27.06 27.06 27.06 27.07 27.07 27.07 27.06 27.04 27.02 26.99 26.97 26.95 26.95 26.96 26.98 27.00 27.03 27.06 27.08 27.09 27.11 27.12 27.11 27.09 27.08 27.09 27.09 27.08 27.07 27.06 27.07 27.06 27.05 27.04 27.05 27.05 27.05 27.05 27.06 27.06 27.07 27.08 27.10 27.11 27.12 27.14 27.15 27.16 27.16 27.16 27.14 27.13 27.12 27.11 27.10 27.10 27.11 27.13 27.15 27.18 27.20 27.22 27.23 27.20 27.19 27.18
27.42 27.39 27.35 27.32 27.28 27.24 27.19 27.13 27.08 27.04 27.03 27.04 27.06 27.08 27.10 27.12 27.12 27.12 27.11 27.09 27.06 27.03 27.00 26.99 26.99 27.01 27.04 27.07 27.09 27.12 27.13 27.15 27.15 27.15 27.15 27.12 27.12 27.13 27.13 27.11 27.13 27.12 27.12 27.11 27.11 27.12 27.12 27.12 27.11 27.10 27.09 27.09 27.10 27.11 27.13 27.14 27.16 27.18 27.19 27.20 27.19 27.18 27.17 27.16 27.15 27.14 27.15 27.16 27.18 27.20 27.22 27.23 27.25 27.26 27.23 27.22 27.21
27.49 27.45 27.41 27.37 27.32 27.27 27.21 27.15 27.08 27.02 27.02 27.05 27.09 27.12 27.15 27.17 27.19 27.20 27.20 27.18 27.15 27.11 27.06 27.03 27.03 27.06 27.09 27.12 27.15 27.17 27.18 27.19 27.20 27.20 27.19 27.19 27.17 27.18 27.17 27.15 27.16 27.16 27.16 27.18 27.17 27.18 27.19 27.19 27.17 27.15 27.12 27.11 27.12 27.14 27.15 27.17 27.18 27.20 27.22 27.23 27.24 27.23 27.22 27.20 27.19 27.18 27.19 27.21 27.23 27.25 27.26 27.28 27.29 27.30 27.27 27.26 27.25
27.56 27.52 27.48 27.43 27.38 27.33 27.26 27.19 27.11 27.03 27.04 27.10 27.15 27.19 27.22 27.25 27.28 27.29 27.30 27.28 27.25 27.20 27.15 27.09 27.10 27.13 27.16 27.19 27.21 27.23 27.24 27.25 27.25 27.25 27.24 27.24 27.23 27.22 27.20 27.21 27.22 27.23 27.23 27.25 27.25 27.27 27.28 27.27 27.24 27.21 27.18 27.15 27.15 27.17 27.19 27.20 27.21 27.23 27.25 27.27 27.28 27.28 27.27 27.25 27.24 27.23 27.24 27.26 27.28 27.30 27.29 27.30 27.31 27.31 27.32 27.31 27.30
27.64 27.60 27.55 27.51 27.46 27.40 27.34 27.27 27.20 27.15 27.15 27.19 27.24 27.28 27.32 27.36 27.39 27.40 27.40 27.39 27.36 27.32 27.27 27.23 27.22 27.24 27.25 27.27 27.28 27.30 27.31 27.31 27.31 27.30 27.30 27.26 27.27 27.27 27.28 27.29 27.29 27.30 27.31 27.33 27.34 27.35 27.35 27.35 27.32 27.29 27.26 27.23 27.23 27.23 27.24 27.25 27.26 27.28 27.29 27.31 27.32 27.32 27.32 27.31 27.30 27.29 27.30 27.32 27.34 27.36 27.35 27.36 27.36 27.37 27.37 27.37 27.36
27.72 27.68 27.64 27.59 27.54 27.49 27.43 27.38 27.33 27.30 27.30 27.32 27.36 27.40 27.44 27.48 27.51 27.53 27.53 27.52 27.50 27.46 27.42 27.38 27.36 27.36 27.36 27.37 27.37 27.38 27.38 27.37 27.37 27.31 27.32 27.32 27.32 27.33 27.34 27.36 27.38 27.40 27.39 27.41 27.43 27.43 27.44 27.43 27.41 27.38 27.35 27.33 27.31 27.31 27.31 27.30 27.31 27.31 27.32 27.33 27.36 27.37 27.37 27.37 27.37 27.36 27.37 27.39 27.41 27.40 27.41 27.41 27.42 27.44 27.44 27.44 27.43
27.81 27.77 27.73 27.68 27.63 27.58 27.54 27.49 27.46 27.44 27.44 27.46 27.49 27.53 27.57 27.61 27.65 27.67 27.67 27.66 27.64 27.61 27.57 27.53 27.51 27.49 27.47 27.47 27.46 27.46 27.46 27.40 27.39 27.38 27.38 27.38 27.38 27.39 27.40 27.42 27.45 27.48 27.48 27.52 27.53 27.53 27.53 27.52 27.51 27.48 27.46 27.43 27.41 27.39 27.38 27.37 27.36 27.37 27.37 27.37 27.38 27.38 27.42 27.43 27.43 27.43 27.44 27.46 27.45 27.47 27.48 27.48 27.49 27.51 27.52 27.52 27.52
27.91 27.87 27.83 27.78 27.74 27.69 27.64 27.61 27.59 27.58 27.58 27.60 27.63 27.67 27.71 27.76 27.80 27.82 27.83 27.82 27.80 27.76 27.72 27.68 27.65 27.62 27.59 27.57 27.56 27.56 27.54 27.47 27.46 27.44 27.44 27.43 27.44 27.45 27.47 27.49 27.53 27.56 27.59 27.61 27.63 27.64 27.63 27.63 27.62 27.60 27.57 27.54 27.51 27.48 27.45 27.44 27.42 27.42 27.42 27.42 27.42 27.43 27.44 27.44 27.45 27.50 27.49 27.50 27.52 27.53 27.54 27.55 27.56 27.58 27.60 27.61 27.61
28.01 27.97 27.93 27.89 27.84 27.80 27.76 27.72 27.71 27.71 27.72 27.74 27.76 27.81 27.85 27.91 27.95 27.98 27.99 27.98 27.97 27.93 27.88 27.82 27.79 27.75 27.71 27.68 27.61 27.58 27.57 27.55 27.52 27.51 27.51 27.49 27.50 27.51 27.53 27.56 27.60 27.63 27.70 27.72 27.75 27.76 27.76 27.76 27.74 27.72 27.69 27.65 27.60 27.57 27.53 27.51 27.49 27.48 27.47 27.48 27.48 27.48 27.49 27.50 27.51 27.52 27.55 27.57 27.58 27.60 27.62 27.63 27.65 27.66 27.68 27.70 27.70
