data/EU espacial/T17062017.grd
DSAA
94	94
0.0000	100.0000
0.0000	100.0000
21.7365	23.7864
[rows 0 to 33 of 94, columns 0 to 76 of 94]
22.77 22.81 22.86 22.90 22.93 22.97 23.00 23.03 23.05 23.07 23.08 23.08 23.08 23.07 23.05 23.04 23.01 22.98 22.95 22.93 22.94 22.95 22.96 22.96 22.96 22.96 22.96 22.97 22.96 22.96 22.95 22.94 22.93 22.92 22.91 22.90 22.89 22.88 22.89 22.91 22.93 22.96 22.98 23.00 23.02 23.04 23.07 23.09 23.11 23.13 23.15 23.17 23.19 23.20 23.22 23.23 23.25 23.27 23.29 23.31 23.32 23.32 23.32 23.31 23.29 23.27 23.25 23.22 23.19 23.16 23.13 23.10 23.07 23.04 23.01 22.98 22.95
22.80 22.83 22.88 22.92 22.96 23.00 23.04 23.07 23.09 23.11 23.12 23.12 23.12 23.11 23.10 23.08 23.06 23.03 23.00 22.99 22.99 22.99 22.99 22.99 22.99 22.98 22.98 22.98 22.97 22.96 22.96 22.95 22.94 22.93 22.91 22.90 22.90 22.89 22.90 22.92 22.94 22.96 22.98 23.00 23.02 23.05 23.07 23.10 23.12 23.14 23.16 23.18 23.20 23.22 23.24 23.26 23.28 23.31 23.33 23.35 23.36 23.36 23.35 23.34 23.32 23.30 23.27 23.24 23.21 23.17 23.14 23.10 23.07 23.04 23.01 22.98 22.95
22.82 22.86 22.90 22.95 22.99 23.03 23.07 23.11 23.14 23.16 23.17 23.17 23.17 23.16 23.15 23.13 23.11 23.09 23.06 23.05 23.04 23.03 23.03 23.02 23.02 23.01 23.01 23.00 22.99 22.98 22.97 22.96 22.95 22.94 22.93 22.92 22.91 22.91 22.91 22.93 22.94 22.96 22.98 23.01 23.03 23.06 23.08 23.10 23.13 23.15 23.17 23.20 23.22 23.24 23.27 23.29 23.32 23.35 23.37 23.39 23.40 23.40 23.39 23.38 23.36 23.33 23.30 23.26 23.22 23.18 23.14 23.11 23.07 23.03 23.00 22.97 22.94
22.84 22.88 22.93 22.97 23.02 23.07 23.11 23.15 23.18 23.21 23.22 23.22 23.22 23.21 23.20 23.18 23.17 23.15 23.13 23.11 23.10 23.08 23.07 23.06 23.05 23.04 23.03 23.02 23.00 22.99 22.98 22.97 22.96 22.95 22.94 22.93 22.93 22.93 22.93 22.94 22.95 22.97 22.99 23.01 23.04 23.06 23.09 23.11 23.14 23.16 23.19 23.21 23.24 23.27 23.29 23.32 23.36 23.39 23.41 23.43 23.45 23.45 23.44 23.42 23.39 23.36 23.32 23.28 23.23 23.19 23.15 23.10 23.07 23.03 22.99 22.96 22.93
22.86 22.90 22.95 23.00 23.05 23.10 23.15 23.20 23.23 23.26 23.27 23.28 23.27 23.26 23.25 23.24 23.22 23.21 23.19 23.17 23.15 23.13 23.11 23.09 23.08 23.06 23.05 23.04 23.02 23.01 23.00 22.99 22.97 22.96 22.95 22.95 22.95 22.95 22.94 22.95 22.96 22.98 23.00 23.02 23.04 23.06 23.09 23.12 23.14 23.17 23.20 23.22 23.25 23.28 23.32 23.35 23.39 23.42 23.46 23.48 23.50 23.50 23.48 23.46 23.42 23.38 23.34 23.29 23.24 23.19 23.15 23.10 23.06 23.02 22.98 22.95 22.92
22.87 22.91 22.97 23.02 23.08 23.14 23.19 23.24 23.28 23.31 23.33 23.33 23.32 23.31 23.30 23.28 23.27 23.26 23.25 23.23 23.21 23.18 23.15 23.13 23.11 23.09 23.07 23.05 23.04 23.02 23.01 23.00 22.99 22.98 22.97 22.96 22.96 22.96 22.95 22.96 22.97 22.98 23.01 23.02 23.04 23.07 23.09 23.12 23.15 23.18 23.21 23.24 23.27 23.30 23.33 23.37 23.42 23.46 23.50 23.53 23.55 23.55 23.53 23.50 23.46 23.41 23.35 23.30 23.25 23.19 23.14 23.09 23.05 23.01 22.97 22.93 22.90
22.87 22.92 22.98 23.04 23.10 23.16 23.23 23.29 23.34 23.37 23.39 23.38 23.37 23.35 23.33 23.32 23.32 23.32 23.31 23.29 23.26 23.22 23.19 23.16 23.13 23.10 23.08 23.07 23.05 23.04 23.02 23.01 23.00 23.00 22.98 22.98 22.97 22.97 22.96 22.97 22.98 22.99 23.01 23.03 23.04 23.07 23.09 23.12 23.15 23.18 23.21 23.24 23.28 23.31 23.35 23.39 23.44 23.49 23.54 23.58 23.61 23.61 23.58 23.54 23.48 23.42 23.36 23.30 23.24 23.18 23.13 23.08 23.03 22.99 22.95 22.91 22.88
22.87 22.92 22.98 23.04 23.11 23.18 23.26 23.33 23.39 23.43 23.44 23.43 23.40 23.38 23.36 23.35 23.36 23.36 23.36 23.35 23.31 23.26 23.22 23.17 23.14 23.11 23.09 23.08 23.06 23.05 23.03 23.02 23.02 23.01 23.00 22.99 22.98 22.98 22.98 22.97 22.98 22.99 23.01 23.02 23.04 23.06 23.09 23.12 23.15 23.18 23.21 23.25 23.28 23.31 23.35 23.39 23.45 23.51 23.58 23.63 23.67 23.67 23.63 23.57 23.50 23.43 23.37 23.30 23.23 23.17 23.11 23.06 23.01 22.97 22.93 22.89 22.86
22.86 22.92 22.98 23.04 23.11 23.19 23.27 23.36 23.44 23.49 23.50 23.47 23.42 23.39 23.36 23.36 23.38 23.40 23.42 23.40 23.35 23.29 23.23 23.18 23.15 23.12 23.10 23.09 23.07 23.06 23.04 23.04 23.03 23.02 23.01 23.00 23.00 22.99 22.99 22.98 22.98 23.00 23.01 23.02 23.04 23.06 23.08 23.11 23.14 23.17 23.21 23.24 23.28 23.31 23.34 23.39 23.44 23.52 23.60 23.68 23.73 23.73 23.67 23.59 23.51 23.43 23.36 23.28 23.22 23.15 23.09 23.04 22.99 22.94 22.90 22.86 22.83
22.85 22.90 22.96 23.03 23.10 23.18 23.27 23.36 23.46 23.55 23.54 23.48 23.43 23.38 23.34 23.36 23.38 23.42 23.46 23.45 23.37 23.30 23.24 23.18 23.14 23.12 23.10 23.09 23.08 23.06 23.05 23.04 23.04 23.03 23.02 23.01 23.00 23.00 22.99 22.98 22.98 22.99 23.00 23.01 23.03 23.05 23.07 23.10 23.13 23.16 23.20 23.24 23.27 23.29 23.33 23.37 23.43 23.51 23.60 23.70 23.79 23.78 23.69 23.59 23.50 23.42 23.34 23.26 23.19 23.12 23.06 23.01 22.96 22.91 22.87 22.83 22.80
22.82 22.88 22.94 23.00 23.08 23.16 23.24 23.33 23.43 23.50 23.50 23.46 23.40 23.36 23.33 23.34 23.37 23.40 23.43 23.42 23.36 23.29 23.23 23.17 23.14 23.11 23.10 23.09 23.08 23.06 23.05 23.05 23.04 23.03 23.02 23.01 23.01 23.01 23.00 23.00 22.99 22.99 22.99 23.00 23.01 23.03 23.05 23.08 23.10 23.14 23.17 23.21 23.24 23.27 23.31 23.35 23.40 23.49 23.58 23.66 23.74 23.73 23.65 23.56 23.47 23.38 23.30 23.22 23.15 23.09 23.03 22.97 22.92 22.87 22.83 22.80 22.77
22.79 22.84 22.90 22.97 23.04 23.11 23.19 23.27 23.35 23.40 23.41 23.39 23.36 23.33 23.31 23.31 23.33 23.35 23.37 23.35 23.31 23.26 23.21 23.16 23.13 23.10 23.09 23.08 23.07 23.05 23.05 23.05 23.04 23.03 23.03 23.02 23.01 23.01 23.00 23.00 22.98 22.98 22.98 22.98 22.99 23.00 23.02 23.04 23.07 23.10 23.14 23.17 23.21 23.24 23.28 23.32 23.38 23.45 23.52 23.59 23.63 23.62 23.57 23.50 23.42 23.33 23.25 23.18 23.11 23.04 22.98 22.93 22.88 22.83 22.79 22.76 22.73
22.75 22.80 22.86 22.92 22.99 23.06 23.13 23.20 23.26 23.30 23.32 23.31 23.30 23.28 23.27 23.27 23.28 23.29 23.29 23.28 23.25 23.21 23.17 23.14 23.11 23.09 23.07 23.06 23.05 23.05 23.05 23.04 23.04 23.03 23.03 23.02 23.02 23.01 23.00 23.00 23.00 22.97 22.97 22.96 22.97 22.97 22.99 23.01 23.03 23.06 23.10 23.13 23.17 23.20 23.24 23.29 23.34 23.40 23.45 23.50 23.52 23.52 23.48 23.42 23.35 23.27 23.19 23.12 23.06 22.99 22.93 22.88 22.83 22.78 22.75 22.71 22.69
22.71 22.75 22.81 22.87 22.93 22.99 23.06 23.12 23.17 23.20 23.22 23.22 23.22 23.22 23.21 23.21 23.21 23.22 23.21 23.20 23.18 23.16 23.13 23.10 23.08 23.06 23.05 23.04 23.04 23.04 23.03 23.03 23.03 23.03 23.03 23.02 23.02 23.01 23.00 22.99 22.99 22.96 22.95 22.94 22.94 22.94 22.95 22.97 22.99 23.02 23.05 23.09 23.12 23.16 23.20 23.24 23.29 23.33 23.38 23.41 23.42 23.41 23.38 23.33 23.27 23.20 23.13 23.06 23.00 22.94 22.88 22.83 22.78 22.73 22.70 22.67 22.64
22.66 22.70 22.75 22.81 22.87 22.92 22.98 23.03 23.07 23.11 23.13 23.14 23.14 23.14 23.14 23.14 23.14 23.14 23.14 23.13 23.12 23.10 23.08 23.06 23.05 23.03 23.02 23.02 23.02 23.02 23.02 23.02 23.02 23.02 23.02 23.02 23.02 23.01 23.01 23.00 22.98 22.96 22.93 22.92 22.91 22.90 22.90 22.92 22.94 22.97 23.01 23.04 23.07 23.11 23.15 23.19 23.23 23.27 23.31 23.33 23.33 23.32 23.29 23.24 23.18 23.12 23.06 23.00 22.93 22.88 22.82 22.77 22.73 22.68 22.64 22.62 22.59
22.60 22.64 22.69 22.74 22.80 22.85 22.90 22.95 22.99 23.02 23.04 23.05 23.06 23.06 23.06 23.06 23.07 23.07 23.06 23.06 23.05 23.04 23.02 23.01 23.00 23.00 22.99 23.00 22.99 23.00 23.00 23.00 23.01 23.01 23.02 23.02 23.02 23.03 23.02 23.00 22.98 22.95 22.93 22.89 22.87 22.86 22.86 22.87 22.90 22.92 22.96 22.99 23.03 23.06 23.10 23.13 23.17 23.20 23.23 23.25 23.25 23.23 23.20 23.15 23.10 23.04 22.98 22.92 22.87 22.82 22.76 22.71 22.67 22.62 22.59 22.56 22.55
22.54 22.58 22.63 22.68 22.73 22.78 22.83 22.87 22.90 22.93 22.95 22.96 22.97 22.97 22.98 22.98 22.99 22.99 22.99 22.99 22.98 22.97 22.97 22.96 22.96 22.96 22.96 22.96 22.96 22.97 22.98 22.98 22.99 23.00 23.01 23.02 23.03 23.03 23.02 23.00 22.97 22.94 22.91 22.86 22.84 22.82 22.80 22.82 22.84 22.87 22.91 22.95 22.98 23.01 23.05 23.08 23.11 23.13 23.16 23.17 23.17 23.15 23.12 23.07 23.01 22.96 22.90 22.85 22.80 22.76 22.71 22.66 22.61 22.57 22.53 22.51 22.50
22.48 22.51 22.56 22.62 22.67 22.72 22.76 22.80 22.83 22.85 22.87 22.88 22.89 22.89 22.89 22.90 22.91 22.91 22.92 22.92 22.91 22.90 22.90 22.90 22.91 22.91 22.92 22.93 22.93 22.94 22.95 22.96 22.97 22.98 23.00 23.01 23.03 23.04 23.02 23.00 22.96 22.92 22.89 22.84 22.80 22.77 22.75 22.76 22.79 22.83 22.87 22.91 22.94 22.96 22.99 23.02 23.04 23.07 23.09 23.10 23.10 23.09 23.05 22.99 22.93 22.88 22.83 22.78 22.74 22.70 22.65 22.61 22.56 22.51 22.47 22.45 22.45
22.41 22.46 22.51 22.56 22.62 22.66 22.70 22.73 22.75 22.77 22.79 22.80 22.81 22.81 22.81 22.82 22.83 22.84 22.85 22.85 22.84 22.84 22.84 22.84 22.85 22.86 22.87 22.88 22.90 22.91 22.92 22.93 22.95 22.96 22.98 23.00 23.03 23.05 23.02 22.99 22.95 22.91 22.87 22.82 22.78 22.73 22.70 22.70 22.74 22.79 22.83 22.87 22.90 22.92 22.94 22.96 22.99 23.01 23.03 23.05 23.05 23.03 22.98 22.92 22.86 22.80 22.76 22.73 22.69 22.65 22.61 22.57 22.52 22.47 22.42 22.40 22.41
22.37 22.42 22.47 22.52 22.57 22.61 22.64 22.67 22.69 22.72 22.73 22.74 22.74 22.74 22.74 22.75 22.77 22.78 22.78 22.78 22.78 22.78 22.78 22.79 22.79 22.80 22.82 22.84 22.85 22.87 22.88 22.90 22.91 22.93 22.95 22.98 23.01 23.03 23.01 22.97 22.93 22.89 22.85 22.81 22.76 22.72 22.67 22.67 22.72 22.76 22.81 22.84 22.87 22.89 22.90 22.92 22.93 22.96 22.98 22.99 22.99 22.97 22.92 22.87 22.80 22.74 22.71 22.68 22.65 22.62 22.58 22.54 22.49 22.44 22.39 22.38 22.39
22.38 22.41 22.45 22.49 22.54 22.57 22.61 22.64 22.65 22.67 22.68 22.69 22.70 22.70 22.69 22.70 22.71 22.72 22.73 22.73 22.72 22.72 22.73 22.73 22.75 22.76 22.78 22.79 22.80 22.82 22.83 22.85 22.87 22.89 22.92 22.95 22.97 22.98 22.97 22.94 22.91 22.88 22.84 22.80 22.76 22.72 22.70 22.70 22.72 22.75 22.79 22.82 22.84 22.86 22.87 22.88 22.90 22.91 22.93 22.93 22.93 22.91 22.87 22.82 22.77 22.72 22.69 22.66 22.63 22.60 22.56 22.52 22.48 22.43 22.40 22.39 22.39
22.38 22.41 22.44 22.48 22.51 22.54 22.57 22.60 22.62 22.63 22.64 22.65 22.65 22.65 22.66 22.66 22.67 22.67 22.68 22.68 22.68 22.69 22.69 22.69 22.70 22.71 22.72 22.74 22.75 22.77 22.79 22.81 22.83 22.85 22.87 22.90 22.92 22.92 22.92 22.91 22.88 22.86 22.82 22.80 22.77 22.73 22.72 22.72 22.74 22.76 22.78 22.80 22.82 22.83 22.84 22.85 22.86 22.87 22.88 22.88 22.88 22.86 22.83 22.79 22.75 22.71 22.67 22.64 22.61 22.58 22.55 22.51 22.48 22.44 22.42 22.40 22.40
22.38 22.41 22.43 22.46 22.49 22.52 22.55 22.57 22.58 22.60 22.60 22.61 22.61 22.61 22.62 22.62 22.63 22.63 22.63 22.63 22.63 22.63 22.63 22.64 22.64 22.65 22.67 22.68 22.70 22.72 22.74 22.76 22.78 22.80 22.82 22.85 22.87 22.88 22.88 22.87 22.86 22.84 22.82 22.80 22.78 22.76 22.75 22.75 22.76 22.77 22.78 22.79 22.80 22.81 22.82 22.83 22.83 22.84 22.84 22.84 22.83 22.82 22.79 22.76 22.73 22.70 22.67 22.64 22.61 22.58 22.55 22.51 22.48 22.45 22.43 22.42 22.41
22.39 22.40 22.43 22.45 22.48 22.50 22.53 22.54 22.56 22.57 22.57 22.58 22.58 22.58 22.58 22.58 22.58 22.58 22.58 22.58 22.58 22.58 22.58 22.58 22.59 22.60 22.61 22.62 22.64 22.67 22.69 22.71 22.74 22.76 22.79 22.80 22.82 22.83 22.84 22.84 22.83 22.82 22.81 22.80 22.79 22.78 22.77 22.78 22.78 22.78 22.79 22.79 22.79 22.80 22.80 22.80 22.80 22.81 22.81 22.80 22.80 22.78 22.76 22.74 22.72 22.69 22.67 22.64 22.61 22.58 22.55 22.52 22.49 22.47 22.45 22.43 22.42
22.39 22.40 22.42 22.44 22.47 22.49 22.51 22.52 22.54 22.54 22.55 22.55 22.54 22.54 22.54 22.54 22.54 22.54 22.54 22.53 22.53 22.53 22.52 22.52 22.53 22.53 22.55 22.56 22.59 22.61 22.63 22.66 22.69 22.72 22.74 22.76 22.78 22.79 22.80 22.81 22.81 22.81 22.80 22.80 22.80 22.79 22.79 22.80 22.80 22.80 22.79 22.79 22.79 22.78 22.78 22.78 22.78 22.78 22.78 22.77 22.76 22.75 22.74 22.73 22.71 22.69 22.66 22.64 22.61 22.58 22.56 22.53 22.50 22.48 22.46 22.44 22.44
22.39 22.40 22.42 22.44 22.46 22.47 22.49 22.51 22.52 22.53 22.53 22.52 22.51 22.50 22.50 22.49 22.50 22.50 22.49 22.49 22.49 22.48 22.47 22.46 22.46 22.47 22.48 22.50 22.53 22.55 22.58 22.61 22.64 22.67 22.69 22.72 22.74 22.75 22.77 22.78 22.78 22.79 22.80 22.80 22.80 22.81 22.81 22.82 22.82 22.81 22.81 22.79 22.79 22.78 22.77 22.77 22.76 22.76 22.75 22.75 22.74 22.73 22.73 22.72 22.71 22.69 22.67 22.64 22.62 22.59 22.57 22.54 22.51 22.49 22.47 22.46 22.45
22.39 22.40 22.42 22.43 22.45 22.46 22.48 22.49 22.50 22.51 22.51 22.49 22.48 22.46 22.45 22.45 22.45 22.46 22.46 22.45 22.44 22.42 22.41 22.40 22.40 22.41 22.42 22.44 22.47 22.49 22.52 22.56 22.59 22.62 22.65 22.67 22.70 22.72 22.73 22.75 22.76 22.78 22.79 22.80 22.81 22.82 22.83 22.84 22.84 22.83 22.81 22.80 22.79 22.77 22.76 22.75 22.75 22.74 22.73 22.72 22.72 22.71 22.71 22.71 22.71 22.69 22.68 22.65 22.63 22.60 22.57 22.55 22.53 22.51 22.49 22.47 22.46
22.39 22.41 22.41 22.42 22.43 22.45 22.46 22.48 22.49 22.50 22.49 22.47 22.44 22.42 22.40 22.40 22.41 22.41 22.42 22.41 22.39 22.37 22.35 22.34 22.34 22.35 22.36 22.38 22.41 22.44 22.47 22.51 22.54 22.57 22.60 22.63 22.65 22.68 22.70 22.72 22.74 22.76 22.77 22.79 22.81 22.83 22.85 22.85 22.85 22.83 22.82 22.80 22.79 22.78 22.76 22.74 22.73 22.73 22.72 22.71 22.70 22.69 22.70 22.71 22.71 22.70 22.68 22.66 22.63 22.61 22.58 22.56 22.54 22.52 22.51 22.49 22.48
22.41 22.40 22.41 22.41 22.42 22.43 22.44 22.45 22.47 22.48 22.47 22.43 22.40 22.38 22.36 22.35 22.36 22.37 22.38 22.37 22.34 22.31 22.29 22.27 22.28 22.29 22.31 22.33 22.35 22.39 22.42 22.46 22.49 22.53 22.56 22.59 22.61 22.64 22.67 22.69 22.71 22.74 22.75 22.78 22.80 22.83 22.86 22.86 22.85 22.83 22.82 22.80 22.79 22.77 22.76 22.74 22.73 22.72 22.71 22.70 22.68 22.68 22.69 22.70 22.71 22.71 22.69 22.66 22.64 22.61 22.59 22.57 22.54 22.54 22.52 22.50 22.49
22.40 22.40 22.40 22.40 22.41 22.41 22.42 22.43 22.43 22.43 22.42 22.39 22.36 22.33 22.31 22.31 22.30 22.31 22.31 22.30 22.28 22.26 22.24 22.22 22.23 22.24 22.26 22.28 22.31 22.34 22.38 22.41 22.45 22.48 22.51 22.55 22.58 22.61 22.64 22.66 22.69 22.71 22.73 22.76 22.78 22.81 22.83 22.84 22.84 22.82 22.81 22.80 22.78 22.77 22.76 22.75 22.73 22.72 22.71 22.70 22.69 22.68 22.69 22.70 22.70 22.70 22.68 22.66 22.64 22.62 22.59 22.57 22.55 22.54 22.52 22.51 22.49
22.40 22.40 22.40 22.39 22.39 22.39 22.39 22.39 22.39 22.38 22.37 22.34 22.31 22.29 22.27 22.26 22.25 22.24 22.23 22.22 22.21 22.20 22.19 22.18 22.19 22.20 22.22 22.24 22.27 22.30 22.33 22.37 22.41 22.44 22.48 22.51 22.54 22.57 22.60 22.63 22.66 22.68 22.71 22.73 22.76 22.78 22.80 22.81 22.81 22.81 22.80 22.79 22.78 22.77 22.76 22.75 22.74 22.73 22.72 22.70 22.70 22.69 22.69 22.70 22.70 22.69 22.68 22.66 22.64 22.62 22.60 22.59 22.56 22.55 22.53 22.51 22.50
22.39 22.39 22.39 22.38 22.38 22.37 22.36 22.36 22.35 22.34 22.32 22.29 22.27 22.25 22.22 22.20 22.19 22.18 22.16 22.15 22.15 22.14 22.13 22.13 22.14 22.16 22.18 22.20 22.23 22.26 22.30 22.34 22.37 22.40 22.44 22.47 22.50 22.53 22.56 22.60 22.63 22.65 22.68 22.70 22.73 22.75 22.77 22.78 22.79 22.79 22.79 22.78 22.78 22.77 22.76 22.76 22.75 22.74 22.73 22.71 22.70 22.70 22.70 22.70 22.70 22.68 22.67 22.65 22.64 22.62 22.60 22.59 22.57 22.55 22.53 22.51 22.50
22.39 22.38 22.37 22.37 22.36 22.35 22.34 22.33 22.31 22.29 22.27 22.24 22.22 22.20 22.17 22.15 22.13 22.11 22.10 22.08 22.08 22.08 22.08 22.08 22.10 22.12 22.14 22.17 22.20 22.23 22.26 22.30 22.33 22.36 22.40 22.43 22.47 22.50 22.53 22.56 22.59 22.62 22.65 22.67 22.70 22.72 22.74 22.75 22.77 22.77 22.77 22.77 22.77 22.77 22.77 22.76 22.75 22.75 22.74 22.73 22.71 22.70 22.71 22.70 22.70 22.68 22.67 22.65 22.64 22.62 22.61 22.59 22.57 22.56 22.54 22.52 22.50
22.38 22.37 22.36 22.35 22.34 22.33 22.31 22.30 22.28 22.25 22.23 22.20 22.18 22.15 22.12 22.09 22.06 22.04 22.03 22.02 22.01 22.01 22.02 22.04 22.06 22.08 22.10 22.13 22.16 22.20 22.23 22.26 22.30 22.33 22.36 22.40 22.43 22.46 22.49 22.52 22.56 22.59 22.62 22.64 22.67 22.69 22.71 22.73 22.74 22.75 22.76 22.76 22.77 22.77 22.77 22.77 22.77 22.76 22.75 22.74 22.73 22.72 22.71 22.70 22.70 22.68 22.67 22.66 22.64 22.62 22.61 22.59 22.58 22.56 22.54 22.52 22.50
