data/EU espacial/T17062017.grd
DSAA
94	94
0.0000	100.0000
0.0000	100.0000
21.7365	23.7864
[rows 34 to 67 of 94, columns 0 to 76 of 94]
22.38 22.37 22.35 22.34 22.32 22.30 22.28 22.27 22.25 22.23 22.20 22.17 22.13 22.10 22.07 22.03 22.00 21.97 21.95 21.95 21.95 21.96 21.97 21.99 22.01 22.04 22.07 22.10 22.13 22.16 22.20 22.23 22.27 22.30 22.33 22.36 22.39 22.43 22.46 22.49 22.53 22.56 22.59 22.61 22.64 22.66 22.68 22.70 22.72 22.73 22.74 22.75 22.76 22.77 22.77 22.77 22.77 22.77 22.76 22.75 22.73 22.72 22.71 22.70 22.69 22.68 22.66 22.65 22.64 22.62 22.61 22.59 22.58 22.56 22.54 22.52 22.50
22.37 22.36 22.34 22.32 22.30 22.29 22.27 22.25 22.22 22.19 22.16 22.13 22.09 22.06 22.02 21.98 21.94 21.91 21.88 21.87 21.88 21.90 21.92 21.95 21.98 22.01 22.04 22.07 22.10 22.13 22.17 22.20 22.24 22.27 22.30 22.33 22.36 22.39 22.43 22.46 22.50 22.53 22.56 22.58 22.61 22.63 22.65 22.67 22.69 22.70 22.72 22.74 22.75 22.76 22.77 22.78 22.78 22.77 22.76 22.75 22.73 22.72 22.70 22.69 22.68 22.68 22.66 22.64 22.63 22.62 22.61 22.59 22.58 22.56 22.54 22.52 22.49
22.37 22.35 22.33 22.31 22.29 22.27 22.24 22.22 22.19 22.16 22.13 22.10 22.06 22.02 21.98 21.93 21.89 21.85 21.81 21.80 21.82 21.85 21.88 21.91 21.94 21.98 22.01 22.04 22.07 22.11 22.14 22.17 22.21 22.24 22.27 22.30 22.33 22.36 22.39 22.43 22.47 22.50 22.53 22.55 22.58 22.60 22.63 22.64 22.66 22.68 22.70 22.72 22.74 22.75 22.77 22.78 22.79 22.78 22.76 22.75 22.73 22.71 22.70 22.69 22.68 22.67 22.65 22.64 22.63 22.61 22.60 22.59 22.58 22.56 22.55 22.52 22.49
22.37 22.35 22.32 22.30 22.28 22.25 22.22 22.19 22.16 22.13 22.10 22.06 22.03 21.99 21.94 21.90 21.85 21.80 21.76 21.74 21.78 21.81 21.85 21.88 21.92 21.95 21.98 22.02 22.05 22.09 22.12 22.15 22.19 22.22 22.25 22.28 22.31 22.33 22.37 22.40 22.44 22.47 22.50 22.53 22.55 22.58 22.60 22.62 22.64 22.66 22.68 22.70 22.72 22.74 22.76 22.78 22.79 22.77 22.75 22.74 22.72 22.71 22.69 22.68 22.67 22.66 22.65 22.63 22.62 22.61 22.59 22.58 22.57 22.56 22.55 22.52 22.48
22.36 22.34 22.31 22.29 22.26 22.23 22.20 22.17 22.14 22.11 22.07 22.04 22.00 21.96 21.92 21.88 21.83 21.79 21.75 21.74 21.76 21.80 21.83 21.87 21.90 21.93 21.96 22.00 22.03 22.07 22.10 22.13 22.17 22.20 22.23 22.26 22.29 22.31 22.35 22.38 22.42 22.45 22.48 22.50 22.53 22.55 22.57 22.59 22.62 22.64 22.66 22.68 22.70 22.72 22.74 22.76 22.77 22.76 22.74 22.72 22.71 22.70 22.68 22.67 22.67 22.64 22.64 22.62 22.61 22.60 22.59 22.58 22.56 22.55 22.53 22.50 22.47
22.35 22.33 22.30 22.27 22.25 22.22 22.18 22.15 22.12 22.09 22.05 22.02 21.98 21.94 21.91 21.87 21.83 21.79 21.76 21.76 21.77 21.80 21.83 21.86 21.89 21.92 21.95 21.98 22.02 22.05 22.08 22.12 22.15 22.18 22.21 22.24 22.27 22.30 22.33 22.36 22.40 22.43 22.46 22.48 22.50 22.52 22.55 22.57 22.59 22.61 22.63 22.65 22.67 22.69 22.71 22.73 22.73 22.73 22.72 22.71 22.69 22.68 22.67 22.66 22.64 22.63 22.63 22.62 22.61 22.60 22.58 22.57 22.55 22.53 22.51 22.48 22.45
22.34 22.32 22.29 22.26 22.23 22.20 22.17 22.14 22.10 22.07 22.03 22.00 21.97 21.93 21.90 21.86 21.83 21.80 21.78 21.78 21.79 21.80 21.83 21.85 21.88 21.91 21.94 21.97 22.00 22.04 22.07 22.10 22.14 22.17 22.20 22.23 22.26 22.29 22.32 22.35 22.38 22.41 22.44 22.46 22.48 22.50 22.52 22.54 22.56 22.58 22.61 22.63 22.65 22.67 22.68 22.69 22.70 22.70 22.69 22.68 22.68 22.67 22.66 22.64 22.63 22.62 22.62 22.61 22.60 22.58 22.57 22.56 22.54 22.52 22.49 22.46 22.43
22.33 22.31 22.28 22.25 22.22 22.19 22.16 22.12 22.09 22.05 22.02 21.99 21.96 21.93 21.90 21.87 21.84 21.82 21.81 21.80 21.80 21.82 21.84 21.86 21.88 21.91 21.93 21.96 21.99 22.03 22.06 22.09 22.13 22.16 22.19 22.22 22.25 22.28 22.31 22.34 22.37 22.40 22.42 22.44 22.46 22.48 22.50 22.52 22.54 22.56 22.58 22.60 22.62 22.63 22.65 22.66 22.67 22.67 22.66 22.66 22.66 22.65 22.63 22.63 22.62 22.61 22.61 22.59 22.58 22.57 22.56 22.54 22.53 22.51 22.48 22.44 22.41
22.33 22.30 22.28 22.25 22.21 22.18 22.15 22.11 22.08 22.04 22.01 21.98 21.95 21.93 21.90 21.88 21.86 21.84 21.83 21.82 21.83 21.84 21.85 21.87 21.89 21.91 21.93 21.96 21.99 22.02 22.05 22.09 22.12 22.16 22.19 22.22 22.25 22.28 22.31 22.33 22.36 22.38 22.40 22.42 22.44 22.45 22.48 22.49 22.51 22.53 22.55 22.57 22.59 22.61 22.62 22.63 22.64 22.64 22.64 22.64 22.63 22.63 22.63 22.62 22.61 22.60 22.59 22.58 22.57 22.56 22.55 22.53 22.52 22.49 22.46 22.42 22.38
22.33 22.30 22.27 22.24 22.21 22.18 22.14 22.10 22.07 22.03 22.00 21.98 21.95 21.93 21.91 21.89 21.87 21.86 21.85 21.85 21.85 21.86 21.87 21.89 21.90 21.92 21.94 21.96 21.99 22.02 22.05 22.09 22.13 22.16 22.19 22.22 22.25 22.28 22.31 22.33 22.35 22.37 22.39 22.40 22.42 22.43 22.45 22.46 22.49 22.51 22.53 22.55 22.57 22.58 22.59 22.60 22.61 22.62 22.62 22.62 22.62 22.62 22.61 22.60 22.60 22.59 22.58 22.57 22.56 22.56 22.54 22.52 22.51 22.48 22.46 22.41 22.37
22.34 22.31 22.28 22.24 22.21 22.17 22.14 22.10 22.06 22.03 22.00 21.97 21.96 21.94 21.92 21.91 21.90 21.89 21.88 21.88 21.88 21.89 21.90 21.91 21.92 21.93 21.95 21.97 21.99 22.03 22.06 22.10 22.13 22.17 22.20 22.23 22.26 22.29 22.31 22.33 22.35 22.37 22.38 22.39 22.40 22.41 22.43 22.44 22.46 22.48 22.50 22.53 22.54 22.56 22.57 22.58 22.59 22.59 22.60 22.60 22.60 22.60 22.59 22.59 22.58 22.57 22.57 22.56 22.56 22.55 22.53 22.52 22.50 22.48 22.45 22.40 22.37
22.34 22.32 22.29 22.25 22.22 22.18 22.14 22.10 22.06 22.02 21.99 21.98 21.96 21.95 21.94 21.93 21.92 21.92 21.91 21.91 21.91 21.92 21.92 21.93 21.94 21.95 21.97 21.98 22.00 22.03 22.07 22.11 22.15 22.18 22.21 22.25 22.27 22.30 22.32 22.34 22.35 22.37 22.38 22.39 22.39 22.40 22.40 22.42 22.44 22.46 22.48 22.51 22.52 22.54 22.55 22.56 22.57 22.57 22.58 22.58 22.58 22.58 22.58 22.57 22.57 22.56 22.56 22.56 22.55 22.54 22.54 22.52 22.51 22.48 22.45 22.41 22.38
22.35 22.32 22.30 22.26 22.23 22.19 22.15 22.10 22.06 22.02 22.00 21.99 21.98 21.97 21.97 21.96 21.95 21.95 21.94 21.94 21.95 21.95 21.96 21.96 21.97 21.98 21.99 21.99 22.00 22.04 22.09 22.13 22.17 22.20 22.23 22.26 22.29 22.31 22.33 22.35 22.36 22.37 22.38 22.38 22.39 22.39 22.38 22.40 22.42 22.45 22.47 22.49 22.51 22.52 22.53 22.54 22.55 22.55 22.56 22.56 22.56 22.57 22.56 22.56 22.55 22.55 22.55 22.55 22.55 22.54 22.53 22.52 22.51 22.49 22.46 22.42 22.39
22.36 22.34 22.31 22.28 22.24 22.21 22.17 22.13 22.08 22.04 22.02 22.01 22.01 22.00 22.00 21.99 21.98 21.98 21.98 21.98 21.98 21.99 21.99 22.00 22.00 22.01 22.02 22.02 22.04 22.08 22.12 22.16 22.19 22.23 22.26 22.29 22.31 22.33 22.35 22.36 22.37 22.38 22.39 22.39 22.39 22.39 22.38 22.39 22.42 22.44 22.46 22.48 22.49 22.51 22.52 22.52 22.53 22.54 22.54 22.55 22.55 22.55 22.55 22.55 22.54 22.54 22.54 22.55 22.55 22.55 22.54 22.53 22.52 22.51 22.48 22.45 22.42
22.38 22.36 22.33 22.30 22.26 22.23 22.19 22.15 22.12 22.08 22.06 22.05 22.04 22.04 22.03 22.02 22.02 22.02 22.02 22.02 22.02 22.02 22.03 22.04 22.05 22.06 22.06 22.07 22.09 22.12 22.16 22.19 22.23 22.26 22.29 22.31 22.34 22.36 22.37 22.38 22.39 22.40 22.40 22.40 22.40 22.40 22.40 22.40 22.42 22.44 22.46 22.47 22.48 22.49 22.50 22.51 22.51 22.52 22.53 22.53 22.54 22.54 22.54 22.54 22.54 22.54 22.55 22.55 22.55 22.55 22.56 22.55 22.54 22.52 22.50 22.48 22.45
22.40 22.38 22.35 22.32 22.29 22.26 22.23 22.19 22.16 22.13 22.11 22.09 22.08 22.08 22.07 22.06 22.06 22.06 22.06 22.06 22.06 22.07 22.08 22.08 22.09 22.10 22.12 22.13 22.15 22.18 22.21 22.24 22.27 22.30 22.33 22.35 22.37 22.38 22.40 22.41 22.42 22.42 22.42 22.42 22.42 22.41 22.41 22.42 22.43 22.45 22.46 22.47 22.48 22.48 22.49 22.50 22.50 22.51 22.52 22.52 22.53 22.53 22.54 22.54 22.55 22.55 22.55 22.56 22.56 22.57 22.57 22.57 22.56 22.55 22.54 22.51 22.49
22.42 22.40 22.38 22.35 22.32 22.29 22.26 22.23 22.20 22.18 22.16 22.14 22.13 22.12 22.11 22.11 22.10 22.10 22.10 22.10 22.11 22.11 22.12 22.13 22.15 22.16 22.17 22.19 22.21 22.24 22.27 22.30 22.32 22.35 22.36 22.38 22.39 22.41 22.42 22.43 22.43 22.44 22.44 22.44 22.43 22.43 22.43 22.44 22.44 22.45 22.46 22.47 22.47 22.47 22.48 22.49 22.49 22.50 22.51 22.51 22.52 22.53 22.54 22.54 22.54 22.55 22.56 22.57 22.58 22.59 22.59 22.59 22.59 22.58 22.57 22.56 22.53
22.45 22.43 22.41 22.38 22.36 22.33 22.30 22.28 22.25 22.23 22.21 22.19 22.18 22.17 22.16 22.15 22.15 22.14 22.14 22.15 22.15 22.16 22.17 22.19 22.20 22.22 22.23 22.26 22.27 22.30 22.33 22.34 22.37 22.39 22.41 22.43 22.44 22.45 22.46 22.47 22.46 22.46 22.46 22.46 22.46 22.45 22.45 22.45 22.46 22.46 22.46 22.46 22.47 22.47 22.47 22.48 22.48 22.49 22.50 22.50 22.51 22.52 22.53 22.54 22.55 22.56 22.57 22.58 22.59 22.61 22.61 22.62 22.62 22.62 22.62 22.60 22.59
22.48 22.46 22.44 22.42 22.39 22.37 22.35 22.32 22.30 22.28 22.26 22.24 22.23 22.22 22.21 22.20 22.19 22.19 22.19 22.19 22.20 22.21 22.23 22.24 22.26 22.28 22.30 22.32 22.34 22.35 22.38 22.40 22.42 22.44 22.46 22.48 22.49 22.50 22.50 22.50 22.50 22.50 22.49 22.48 22.48 22.47 22.47 22.47 22.47 22.47 22.47 22.47 22.47 22.47 22.47 22.47 22.47 22.48 22.49 22.50 22.51 22.52 22.53 22.54 22.55 22.56 22.58 22.60 22.61 22.63 22.64 22.65 22.66 22.66 22.66 22.66 22.64
22.51 22.50 22.47 22.45 22.43 22.41 22.39 22.37 22.35 22.33 22.31 22.30 22.28 22.27 22.26 22.25 22.24 22.24 22.24 22.24 22.25 22.27 22.28 22.30 22.32 22.33 22.36 22.38 22.40 22.42 22.44 22.46 22.48 22.50 22.52 22.53 22.54 22.54 22.54 22.54 22.54 22.53 22.52 22.51 22.50 22.50 22.50 22.49 22.49 22.48 22.48 22.48 22.47 22.47 22.47 22.46 22.47 22.47 22.48 22.49 22.50 22.51 22.53 22.54 22.56 22.57 22.59 22.61 22.63 22.65 22.66 22.68 22.70 22.71 22.71 22.71 22.70
22.54 22.53 22.51 22.49 22.47 22.45 22.43 22.41 22.40 22.38 22.37 22.35 22.34 22.33 22.31 22.30 22.29 22.29 22.28 22.29 22.30 22.31 22.33 22.36 22.38 22.39 22.42 22.45 22.46 22.48 22.50 22.52 22.54 22.56 22.57 22.58 22.59 22.59 22.59 22.58 22.57 22.57 22.56 22.55 22.53 22.52 22.52 22.51 22.51 22.50 22.49 22.49 22.48 22.47 22.46 22.46 22.46 22.47 22.48 22.49 22.50 22.51 22.53 22.54 22.56 22.58 22.60 22.62 22.64 22.66 22.69 22.71 22.74 22.75 22.77 22.77 22.76
22.58 22.56 22.55 22.53 22.51 22.50 22.48 22.46 22.45 22.43 22.42 22.41 22.39 22.38 22.37 22.36 22.35 22.34 22.33 22.34 22.35 22.37 22.39 22.41 22.43 22.46 22.48 22.50 22.53 22.54 22.57 22.59 22.60 22.62 22.63 22.64 22.64 22.64 22.63 22.62 22.61 22.60 22.59 22.58 22.57 22.55 22.54 22.54 22.53 22.52 22.51 22.50 22.49 22.48 22.47 22.46 22.46 22.47 22.48 22.49 22.50 22.51 22.53 22.55 22.57 22.59 22.61 22.63 22.65 22.68 22.71 22.74 22.77 22.80 22.83 22.83 22.82
22.61 22.60 22.58 22.57 22.56 22.54 22.53 22.52 22.50 22.49 22.47 22.46 22.45 22.44 22.43 22.42 22.41 22.40 22.39 22.39 22.41 22.43 22.45 22.47 22.50 22.52 22.55 22.57 22.60 22.62 22.63 22.65 22.67 22.68 22.69 22.69 22.69 22.69 22.68 22.67 22.65 22.64 22.62 22.61 22.59 22.58 22.56 22.56 22.54 22.53 22.53 22.51 22.50 22.49 22.48 22.47 22.46 22.47 22.48 22.49 22.51 22.52 22.53 22.55 22.57 22.59 22.61 22.63 22.66 22.69 22.72 22.76 22.80 22.84 22.88 22.88 22.87
22.64 22.63 22.62 22.61 22.60 22.59 22.58 22.57 22.56 22.54 22.53 22.52 22.51 22.50 22.48 22.47 22.47 22.46 22.45 22.45 22.47 22.49 22.51 22.54 22.56 22.59 22.61 22.64 22.66 22.69 22.71 22.72 22.73 22.74 22.75 22.75 22.74 22.74 22.73 22.71 22.69 22.68 22.66 22.64 22.62 22.61 22.59 22.58 22.57 22.55 22.54 22.53 22.52 22.51 22.50 22.48 22.48 22.48 22.49 22.50 22.51 22.52 22.53 22.55 22.57 22.59 22.61 22.64 22.67 22.71 22.74 22.78 22.82 22.86 22.90 22.91 22.91
22.67 22.67 22.66 22.65 22.65 22.64 22.63 22.62 22.61 22.60 22.59 22.58 22.57 22.56 22.54 22.53 22.52 22.52 22.52 22.52 22.54 22.55 22.58 22.60 22.63 22.65 22.68 22.71 22.73 22.76 22.77 22.79 22.80 22.80 22.81 22.80 22.80 22.79 22.77 22.75 22.73 22.71 22.69 22.67 22.65 22.64 22.62 22.61 22.58 22.57 22.55 22.55 22.54 22.53 22.51 22.50 22.50 22.50 22.50 22.51 22.51 22.52 22.53 22.55 22.57 22.59 22.61 22.64 22.68 22.72 22.76 22.80 22.84 22.88 22.91 22.93 22.95
22.71 22.70 22.70 22.69 22.69 22.68 22.68 22.67 22.67 22.66 22.65 22.64 22.63 22.62 22.60 22.59 22.58 22.58 22.58 22.59 22.60 22.62 22.64 22.66 22.69 22.72 22.74 22.77 22.80 22.82 22.84 22.85 22.86 22.87 22.87 22.86 22.85 22.83 22.81 22.79 22.77 22.75 22.72 22.70 22.68 22.66 22.65 22.63 22.62 22.59 22.58 22.56 22.56 22.55 22.54 22.53 22.52 22.52 22.52 22.52 22.52 22.53 22.53 22.55 22.56 22.58 22.61 22.64 22.67 22.71 22.75 22.80 22.84 22.89 22.93 22.96 22.98
22.74 22.74 22.74 22.74 22.73 22.73 22.73 22.73 22.72 22.72 22.71 22.70 22.69 22.67 22.66 22.65 22.64 22.64 22.64 22.65 22.66 22.68 22.70 22.72 22.75 22.78 22.81 22.84 22.86 22.89 22.91 22.92 22.93 22.94 22.93 22.92 22.90 22.88 22.86 22.83 22.81 22.78 22.75 22.73 22.71 22.69 22.67 22.66 22.64 22.62 22.60 22.59 22.58 22.57 22.56 22.55 22.54 22.54 22.54 22.54 22.53 22.53 22.54 22.55 22.56 22.58 22.60 22.64 22.67 22.71 22.76 22.80 22.85 22.91 22.95 22.99 23.01
22.77 22.77 22.78 22.78 22.78 22.78 22.78 22.78 22.78 22.77 22.77 22.76 22.74 22.73 22.72 22.71 22.70 22.70 22.70 22.71 22.72 22.74 22.76 22.78 22.81 22.84 22.87 22.90 22.93 22.96 22.98 22.99 23.00 23.01 23.00 22.98 22.96 22.93 22.90 22.87 22.84 22.81 22.78 22.76 22.74 22.72 22.70 22.68 22.67 22.65 22.63 22.61 22.61 22.59 22.59 22.58 22.57 22.56 22.55 22.54 22.54 22.54 22.54 22.54 22.56 22.57 22.60 22.63 22.66 22.71 22.76 22.81 22.86 22.91 22.96 23.01 23.04
22.80 22.81 22.81 22.82 22.82 22.82 22.83 22.83 22.83 22.83 22.82 22.81 22.80 22.79 22.78 22.77 22.75 22.75 22.75 22.76 22.77 22.79 22.81 22.83 22.86 22.89 22.93 22.96 22.99 23.02 23.04 23.06 23.08 23.08 23.06 23.04 23.01 22.98 22.94 22.91 22.87 22.84 22.81 22.79 22.76 22.74 22.73 22.71 22.69 22.68 22.65 22.64 22.63 22.62 22.62 22.61 22.59 22.58 22.57 22.56 22.55 22.55 22.54 22.54 22.55 22.56 22.59 22.62 22.66 22.71 22.76 22.81 22.87 22.93 22.98 23.04 23.08
22.84 22.84 22.85 22.85 22.86 22.87 22.88 22.88 22.89 22.89 22.88 22.87 22.86 22.84 22.82 22.81 22.80 22.80 22.80 22.80 22.82 22.84 22.86 22.88 22.91 22.95 22.98 23.02 23.05 23.08 23.11 23.13 23.15 23.14 23.13 23.10 23.06 23.02 22.98 22.94 22.90 22.87 22.83 22.81 22.79 22.77 22.75 22.74 22.72 22.71 22.69 22.67 22.65 22.65 22.65 22.63 22.61 22.60 22.59 22.57 22.56 22.55 22.55 22.54 22.54 22.55 22.58 22.61 22.66 22.70 22.76 22.82 22.88 22.94 23.00 23.06 23.11
22.87 22.87 22.88 22.89 22.90 22.91 22.92 22.93 22.94 22.95 22.94 22.92 22.90 22.88 22.87 22.86 22.85 22.84 22.84 22.85 22.86 22.88 22.90 22.92 22.95 22.99 23.02 23.06 23.10 23.13 23.16 23.19 23.22 23.21 23.19 23.15 23.11 23.07 23.02 22.98 22.93 22.89 22.85 22.83 22.81 22.80 22.78 22.76 22.75 22.74 22.71 22.70 22.68 22.68 22.66 22.65 22.64 22.63 22.61 22.59 22.58 22.56 22.55 22.54 22.53 22.54 22.57 22.61 22.65 22.70 22.76 22.82 22.89 22.96 23.02 23.09 23.13
22.90 22.90 22.91 22.92 22.93 22.95 22.96 22.97 22.98 23.00 22.99 22.96 22.94 22.93 22.91 22.90 22.89 22.88 22.88 22.89 22.90 22.92 22.93 22.96 22.99 23.02 23.06 23.10 23.14 23.17 23.20 23.23 23.27 23.27 23.23 23.19 23.15 23.10 23.06 23.01 22.96 22.92 22.88 22.86 22.84 22.83 22.81 22.79 22.78 22.77 22.74 22.73 22.71 22.70 22.69 22.67 22.67 22.64 22.63 22.62 22.59 22.58 22.56 22.55 22.54 22.53 22.57 22.61 22.66 22.71 22.76 22.83 22.90 22.97 23.04 23.10 23.15
22.92 22.93 22.94 22.95 22.97 22.98 22.99 23.00 23.02 23.03 23.02 23.00 22.98 22.96 22.95 22.94 22.93 22.92 22.92 22.92 22.94 22.95 22.97 22.99 23.01 23.04 23.08 23.12 23.15 23.18 23.21 23.25 23.28 23.28 23.25 23.21 23.17 23.13 23.09 23.05 23.00 22.95 22.92 22.89 22.88 22.86 22.84 22.82 22.81 22.80 22.79 22.76 22.75 22.74 22.72 22.70 22.69 22.67 22.65 22.63 22.61 22.60 22.58 22.56 22.56 22.56 22.58 22.62 22.67 22.72 22.78 22.84 22.91 22.98 23.05 23.11 23.17
22.95 22.96 22.97 22.98 23.00 23.01 23.02 23.03 23.04 23.05 23.04 23.03 23.01 23.00 22.98 22.97 22.96 22.95 22.95 22.95 22.96 22.97 22.99 23.01 23.02 23.05 23.09 23.12 23.15 23.18 23.21 23.23 23.25 23.26 23.24 23.22 23.19 23.15 23.12 23.08 23.04 22.99 22.96 22.93 22.91 22.90 22.87 22.86 22.84 22.83 22.81 22.79 22.78 22.77 22.75 22.73 22.72 22.70 22.68 22.66 22.64 22.62 22.60 22.59 22.59 22.59 22.61 22.65 22.69 22.74 22.79 22.86 22.92 22.99 23.05 23.12 23.17
