data/EU espacial/U03062017.grd
DSAA
94	94
0.0000	100.0000
0.0000	100.0000
8.1362	19.2002
[rows 0 to 33 of 94, columns 0 to 76 of 94]
13.60 13.42 13.20 13.01 12.83 12.67 12.52 12.37 12.21 12.04 11.84 11.61 11.34 11.02 10.60 10.16 9.64 8.99 8.28 8.14 8.80 9.44 9.94 10.36 10.70 10.99 11.21 11.31 11.44 11.28 11.35 11.40 11.41 11.44 11.47 11.49 11.50 11.52 11.46 11.37 11.24 11.15 11.06 10.98 10.91 10.96 10.84 10.76 10.88 10.76 10.60 10.32 10.03 9.72 9.33 8.86 8.60 9.02 9.43 9.77 10.06 10.29 10.42 10.57 10.70 10.80 10.88 10.95 11.01 11.09 11.13 11.15 11.16 11.15 11.14 11.18 11.23
13.44 13.35 13.18 13.01 12.86 12.71 12.57 12.43 12.29 12.12 11.93 11.71 11.45 11.14 10.74 10.32 9.83 9.26 8.77 8.69 9.10 9.63 10.09 10.48 10.81 11.07 11.30 11.39 11.51 11.59 11.41 11.45 11.46 11.47 11.49 11.49 11.49 11.48 11.42 11.34 11.20 11.11 11.02 10.94 10.98 10.92 10.81 10.95 10.87 10.77 10.63 10.38 10.12 9.83 9.49 9.14 9.01 9.22 9.55 9.85 10.11 10.33 10.52 10.60 10.72 10.82 10.90 10.97 11.06 11.10 11.15 11.16 11.17 11.17 11.19 11.21 11.25
13.24 13.20 13.10 12.98 12.86 12.74 12.63 12.51 12.37 12.23 12.06 11.85 11.61 11.32 10.96 10.58 10.18 9.78 9.46 9.42 9.63 10.05 10.37 10.70 10.99 11.22 11.40 11.50 11.60 11.67 11.49 11.52 11.53 11.51 11.50 11.49 11.47 11.43 11.37 11.29 11.16 11.06 10.97 10.89 10.92 10.89 10.80 10.92 10.87 10.80 10.70 10.44 10.28 10.05 9.80 9.60 9.52 9.58 9.79 10.02 10.23 10.42 10.58 10.66 10.77 10.86 10.93 10.99 11.08 11.12 11.17 11.19 11.20 11.24 11.24 11.26 11.30
13.08 13.06 13.01 12.94 12.85 12.77 12.68 12.59 12.48 12.36 12.21 12.03 11.81 11.56 11.24 10.93 10.61 10.32 10.11 10.07 10.26 10.50 10.78 10.99 11.22 11.42 11.57 11.76 11.72 11.86 11.88 11.59 11.58 11.54 11.49 11.56 11.44 11.39 11.32 11.24 11.22 11.00 10.91 10.94 10.87 10.82 10.75 10.88 10.87 10.85 10.69 10.61 10.51 10.34 10.16 10.02 9.96 10.01 10.08 10.23 10.39 10.54 10.67 10.92 10.82 10.90 10.97 11.03 11.15 11.15 11.19 11.21 11.27 11.28 11.29 11.31 11.34
12.94 12.94 12.92 12.89 12.84 12.79 12.74 12.68 12.61 12.51 12.39 12.24 12.05 11.83 11.56 11.31 11.06 10.84 10.68 10.65 10.79 10.96 11.16 11.31 11.49 11.65 11.77 11.85 11.87 11.97 11.97 11.95 11.64 11.55 11.61 11.56 11.42 11.35 11.27 11.27 11.17 11.07 10.83 10.85 10.77 10.89 10.87 10.75 10.87 10.92 10.84 10.83 10.78 10.66 10.54 10.42 10.35 10.35 10.36 10.45 10.56 10.67 10.89 10.99 10.89 10.96 11.02 11.14 11.18 11.21 11.22 11.28 11.30 11.32 11.34 11.36 11.39
12.82 12.84 12.85 12.84 12.83 12.82 12.81 12.79 12.75 12.69 12.60 12.47 12.32 12.14 11.93 11.69 11.49 11.32 11.21 11.22 11.28 11.39 11.54 11.71 11.80 11.91 11.99 12.04 12.07 12.09 12.07 12.02 11.97 11.59 11.63 11.56 11.40 11.32 11.32 11.22 11.11 11.00 11.02 10.91 10.81 10.75 10.74 10.68 10.80 10.91 11.03 11.09 11.09 11.00 10.89 10.77 10.69 10.66 10.68 10.67 10.74 10.91 10.99 11.06 11.13 11.02 11.13 11.18 11.21 11.25 11.29 11.32 11.34 11.36 11.38 11.40 11.43
12.72 12.75 12.78 12.80 12.83 12.85 12.88 12.90 12.91 12.89 12.83 12.73 12.61 12.45 12.28 12.09 11.90 11.75 11.66 11.66 11.70 11.80 11.93 12.05 12.16 12.18 12.22 12.24 12.22 12.23 12.17 12.10 12.02 11.87 11.65 11.57 11.48 11.30 11.29 11.18 11.05 10.93 10.93 10.78 10.65 10.57 10.56 10.57 10.78 11.05 11.26 11.47 11.49 11.38 11.24 11.09 10.98 10.92 10.91 10.88 11.00 11.05 11.10 11.14 11.18 11.09 11.18 11.22 11.25 11.28 11.33 11.35 11.38 11.40 11.42 11.45 11.47
12.69 12.67 12.72 12.77 12.82 12.88 12.95 13.03 13.09 13.12 13.09 13.01 12.90 12.78 12.63 12.46 12.29 12.13 12.04 12.06 12.08 12.17 12.29 12.40 12.47 12.46 12.46 12.45 12.40 12.32 12.26 12.16 12.04 11.90 11.67 11.57 11.47 11.36 11.26 11.14 11.01 10.86 10.84 10.66 10.48 10.33 10.21 10.38 10.73 11.17 11.55 11.86 11.91 11.76 11.57 11.37 11.22 11.14 11.11 11.12 11.16 11.19 11.21 11.23 11.24 11.31 11.23 11.26 11.30 11.32 11.37 11.39 11.41 11.43 11.46 11.48 11.51
12.60 12.59 12.65 12.73 12.81 12.91 13.02 13.14 13.27 13.36 13.35 13.27 13.18 13.09 12.98 12.80 12.62 12.48 12.39 12.36 12.38 12.49 12.63 12.74 12.77 12.74 12.68 12.64 12.58 12.46 12.31 12.20 12.07 11.96 11.82 11.56 11.46 11.35 11.24 11.19 10.97 10.82 10.77 10.56 10.32 10.08 9.89 10.10 10.65 11.31 11.93 12.36 12.39 12.14 11.86 11.59 11.41 11.32 11.29 11.29 11.32 11.32 11.32 11.32 11.30 11.33 11.37 11.31 11.34 11.37 11.41 11.43 11.45 11.47 11.49 11.52 11.63
12.51 12.57 12.59 12.68 12.79 12.91 13.05 13.22 13.41 13.61 13.59 13.48 13.40 13.36 13.30 13.09 12.89 12.74 12.63 12.59 12.64 12.75 12.90 13.07 13.03 12.92 12.84 12.79 12.74 12.55 12.35 12.22 12.08 11.96 11.81 11.81 11.53 11.33 11.29 11.17 11.22 11.05 10.74 10.51 10.24 9.91 9.54 9.78 10.60 11.43 12.24 12.95 12.83 12.44 12.09 11.76 11.53 11.48 11.47 11.46 11.47 11.47 11.45 11.42 11.40 11.35 11.40 11.37 11.40 11.42 11.45 11.47 11.48 11.50 11.52 11.63 11.66
12.41 12.48 12.57 12.62 12.75 12.89 13.06 13.24 13.44 13.63 13.65 13.58 13.52 13.48 13.43 13.26 13.08 12.94 12.84 12.81 12.85 12.93 13.04 13.15 13.10 12.98 12.88 12.80 12.71 12.53 12.34 12.20 12.06 11.93 11.78 11.78 11.67 11.56 11.49 11.37 11.22 11.06 10.87 10.55 10.30 10.02 9.74 10.00 10.73 11.52 12.29 12.89 12.88 12.56 12.24 11.95 11.74 11.68 11.65 11.64 11.63 11.61 11.58 11.54 11.52 11.47 11.50 11.55 11.53 11.55 11.57 11.51 11.52 11.53 11.63 11.66 11.68
12.30 12.38 12.48 12.55 12.69 12.86 13.03 13.22 13.40 13.54 13.59 13.58 13.55 13.51 13.45 13.34 13.21 13.10 13.02 13.01 13.00 13.04 13.08 13.09 13.04 12.94 12.83 12.73 12.57 12.43 12.23 12.13 12.00 11.89 11.88 11.72 11.63 11.54 11.47 11.36 11.24 11.10 10.94 10.67 10.49 10.26 10.23 10.47 10.98 11.59 12.17 12.57 12.67 12.53 12.33 12.12 11.97 11.89 11.85 11.83 11.81 11.77 11.74 11.73 11.68 11.64 11.63 11.65 11.61 11.62 11.62 11.55 11.55 11.64 11.66 11.68 11.70
12.17 12.26 12.37 12.51 12.63 12.80 12.99 13.17 13.34 13.47 13.54 13.56 13.55 13.52 13.46 13.39 13.30 13.22 13.19 13.15 13.12 13.11 13.09 13.05 12.97 12.86 12.73 12.61 12.41 12.26 12.11 11.97 11.93 11.82 11.82 11.67 11.77 11.69 11.46 11.37 11.27 11.16 11.04 10.92 10.72 10.59 10.64 10.86 11.23 11.67 12.08 12.38 12.51 12.47 12.38 12.26 12.16 12.09 12.05 12.02 11.99 11.96 11.91 11.90 11.85 11.80 11.77 11.76 11.69 11.68 11.67 11.59 11.66 11.66 11.67 11.69 11.72
12.08 12.17 12.30 12.45 12.65 12.84 12.94 13.13 13.30 13.43 13.51 13.55 13.55 13.52 13.48 13.43 13.38 13.33 13.32 13.27 13.21 13.17 13.10 13.02 12.90 12.76 12.61 12.47 12.25 12.11 11.98 11.86 11.84 11.75 11.75 11.62 11.71 11.64 11.57 11.38 11.31 11.24 11.16 11.09 10.96 10.89 10.97 11.18 11.44 11.76 12.06 12.29 12.42 12.45 12.41 12.36 12.31 12.27 12.25 12.23 12.19 12.15 12.12 12.05 12.01 11.95 11.90 11.78 11.75 11.75 11.72 11.69 11.69 11.68 11.69 11.70 11.72
11.89 12.00 12.14 12.33 12.54 12.72 12.94 13.14 13.29 13.43 13.52 13.55 13.55 13.53 13.50 13.48 13.45 13.42 13.43 13.39 13.33 13.23 13.13 13.00 12.84 12.67 12.47 12.30 12.07 11.94 11.83 11.74 11.66 11.87 11.81 11.70 11.64 11.58 11.53 11.50 11.35 11.32 11.29 11.26 11.25 11.19 11.28 11.42 11.62 11.86 12.08 12.27 12.39 12.46 12.48 12.48 12.46 12.45 12.44 12.43 12.41 12.38 12.31 12.23 12.17 12.09 12.02 11.88 11.83 11.78 11.83 11.80 11.71 11.69 11.69 11.70 11.73
11.67 11.79 11.97 12.19 12.44 12.69 12.91 13.14 13.34 13.49 13.57 13.58 13.57 13.55 13.53 13.52 13.52 13.56 13.55 13.51 13.43 13.31 13.17 13.00 12.79 12.57 12.35 12.12 11.95 11.76 11.68 11.62 11.74 11.73 11.67 11.61 11.55 11.51 11.48 11.49 11.49 11.40 11.41 11.42 11.37 11.41 11.50 11.62 11.78 11.96 12.14 12.28 12.41 12.49 12.54 12.58 12.60 12.62 12.64 12.64 12.63 12.60 12.51 12.41 12.33 12.23 12.14 11.97 11.90 11.84 11.87 11.82 11.78 11.70 11.69 11.70 11.72
11.41 11.55 11.78 12.05 12.34 12.64 12.92 13.17 13.40 13.58 13.66 13.64 13.61 13.57 13.54 13.55 13.59 13.66 13.68 13.65 13.56 13.40 13.23 13.02 12.77 12.49 12.20 11.94 11.72 11.56 11.52 11.65 11.65 11.65 11.60 11.53 11.46 11.42 11.42 11.46 11.52 11.57 11.53 11.57 11.55 11.60 11.69 11.80 11.93 12.08 12.21 12.34 12.45 12.54 12.62 12.68 12.73 12.78 12.82 12.86 12.87 12.83 12.72 12.58 12.44 12.34 12.15 12.05 11.97 11.89 11.91 11.85 11.79 11.70 11.68 11.68 11.71
11.09 11.28 11.58 11.92 12.26 12.59 12.92 13.21 13.50 13.72 13.77 13.72 13.64 13.57 13.53 13.58 13.66 13.76 13.84 13.82 13.69 13.51 13.31 13.08 12.78 12.43 12.06 11.72 11.51 11.42 11.46 11.57 11.60 11.61 11.56 11.40 11.33 11.27 11.29 11.37 11.47 11.57 11.65 11.65 11.72 11.78 11.87 11.96 12.08 12.19 12.31 12.42 12.52 12.61 12.70 12.78 12.85 12.92 12.99 13.07 13.12 13.06 12.91 12.72 12.55 12.44 12.23 12.12 12.03 11.95 11.95 11.87 11.80 11.69 11.65 11.66 11.79
10.73 11.02 11.43 11.83 12.20 12.56 12.97 13.30 13.64 13.91 13.93 13.79 13.68 13.56 13.50 13.56 13.68 13.84 14.00 14.01 13.81 13.59 13.39 13.16 12.84 12.44 12.01 11.53 11.20 11.27 11.46 11.55 11.51 11.50 11.48 11.39 11.28 11.16 11.24 11.39 11.54 11.68 11.78 11.81 11.89 11.93 12.04 12.13 12.23 12.33 12.42 12.51 12.60 12.68 12.77 12.87 12.96 13.01 13.09 13.22 13.38 13.31 13.05 12.81 12.62 12.50 12.30 12.26 12.17 12.08 11.99 11.93 11.83 11.74 11.62 11.67 11.78
10.69 11.04 11.49 11.91 12.29 12.65 12.95 13.28 13.63 13.94 13.96 13.80 13.65 13.53 13.46 13.53 13.66 13.82 14.01 14.03 13.82 13.61 13.42 13.21 12.89 12.50 12.06 11.57 11.20 11.40 11.54 11.56 11.58 11.58 11.56 11.46 11.34 11.21 11.33 11.50 11.67 11.81 11.87 11.98 12.08 12.16 12.23 12.29 12.37 12.44 12.50 12.57 12.64 12.71 12.79 12.89 12.98 13.02 13.09 13.22 13.40 13.32 13.05 12.81 12.68 12.63 12.56 12.31 12.22 12.13 12.14 11.98 11.88 11.78 11.71 11.71 11.82
11.08 11.27 11.60 11.96 12.31 12.64 12.95 13.20 13.48 13.70 13.77 13.70 13.59 13.50 13.46 13.50 13.59 13.71 13.83 13.83 13.72 13.56 13.40 13.20 12.94 12.62 12.27 11.92 11.65 11.67 11.75 11.73 11.75 11.71 11.71 11.62 11.54 11.49 11.57 11.68 11.83 11.99 12.07 12.17 12.30 12.37 12.48 12.54 12.54 12.59 12.64 12.67 12.71 12.75 12.80 12.85 12.90 12.92 12.96 13.03 13.09 13.04 12.92 12.77 12.64 12.62 12.57 12.50 12.43 12.35 12.21 12.11 12.02 11.94 11.88 11.89 11.90
11.43 11.55 11.79 12.07 12.36 12.64 12.91 13.11 13.34 13.49 13.56 13.57 13.51 13.45 13.42 13.43 13.48 13.57 13.63 13.63 13.58 13.48 13.36 13.22 13.03 12.80 12.55 12.32 12.08 12.06 12.06 11.98 11.96 11.92 11.90 11.84 11.79 11.77 11.82 11.93 12.06 12.12 12.26 12.40 12.52 12.65 12.73 12.78 12.83 12.77 12.78 12.79 12.80 12.80 12.79 12.79 12.80 12.77 12.76 12.76 12.76 12.75 12.69 12.62 12.56 12.59 12.58 12.54 12.48 12.42 12.28 12.20 12.12 12.07 12.03 12.04 12.06
11.71 11.80 11.97 12.19 12.42 12.66 12.82 13.03 13.21 13.34 13.40 13.44 13.41 13.37 13.34 13.33 13.35 13.40 13.43 13.44 13.44 13.39 13.34 13.26 13.16 13.02 12.86 12.65 12.50 12.47 12.40 12.35 12.21 12.14 12.08 12.05 12.02 12.02 12.06 12.16 12.27 12.32 12.47 12.62 12.76 12.91 13.00 13.04 13.07 13.08 12.95 12.92 12.89 12.84 12.79 12.73 12.68 12.60 12.52 12.46 12.42 12.43 12.42 12.44 12.52 12.55 12.55 12.58 12.54 12.49 12.36 12.29 12.23 12.20 12.17 12.14 12.18
11.94 12.01 12.14 12.31 12.49 12.60 12.80 12.97 13.14 13.25 13.30 13.32 13.31 13.28 13.24 13.21 13.19 13.22 13.23 13.26 13.29 13.31 13.33 13.34 13.31 13.26 13.13 13.03 12.97 12.87 12.77 12.66 12.56 12.38 12.29 12.27 12.23 12.23 12.27 12.36 12.38 12.52 12.69 12.85 13.02 13.19 13.30 13.32 13.34 13.31 13.25 13.06 12.99 12.90 12.81 12.69 12.58 12.41 12.25 12.12 12.04 12.07 12.13 12.23 12.41 12.51 12.58 12.63 12.61 12.57 12.45 12.38 12.36 12.31 12.25 12.25 12.28
12.12 12.18 12.28 12.41 12.58 12.74 12.82 12.96 13.08 13.17 13.22 13.23 13.22 13.19 13.14 13.08 13.03 13.00 13.02 13.06 13.12 13.23 13.34 13.43 13.49 13.48 13.47 13.43 13.40 13.27 13.13 12.98 12.83 12.62 12.51 12.43 12.42 12.41 12.45 12.52 12.59 12.75 12.89 13.09 13.29 13.50 13.63 13.69 13.67 13.56 13.45 13.38 13.19 13.06 12.91 12.71 12.50 12.24 11.97 11.75 11.68 11.69 11.80 12.02 12.31 12.51 12.63 12.71 12.70 12.70 12.64 12.56 12.40 12.36 12.35 12.35 12.38
12.26 12.31 12.39 12.53 12.64 12.76 12.89 13.00 13.05 13.12 13.16 13.17 13.15 13.11 13.05 12.96 12.87 12.79 12.79 12.84 12.97 13.16 13.36 13.55 13.67 13.77 13.83 13.84 13.83 13.68 13.48 13.27 13.07 12.82 12.68 12.59 12.53 12.55 12.59 12.66 12.73 12.91 13.07 13.31 13.60 13.85 14.01 14.06 13.99 13.86 13.70 13.54 13.30 13.15 12.97 12.74 12.45 12.09 11.68 11.37 11.17 11.20 11.46 11.86 12.25 12.56 12.74 12.79 12.84 12.78 12.72 12.65 12.48 12.44 12.42 12.42 12.45
12.37 12.42 12.51 12.59 12.69 12.79 12.89 12.99 13.07 13.10 13.13 13.13 13.10 13.05 12.97 12.85 12.71 12.57 12.51 12.58 12.79 13.09 13.40 13.67 13.88 14.05 14.18 14.28 14.29 14.09 13.81 13.56 13.32 13.12 12.81 12.70 12.63 12.62 12.67 12.63 12.77 13.04 13.28 13.52 13.85 14.19 14.43 14.48 14.34 14.11 13.88 13.67 13.41 13.24 13.06 12.84 12.48 11.98 11.43 10.87 10.52 10.58 11.05 11.66 12.26 12.71 12.92 12.98 12.92 12.87 12.74 12.71 12.66 12.49 12.48 12.48 12.51
12.45 12.53 12.58 12.65 12.72 12.81 12.90 12.98 13.06 13.12 13.13 13.10 13.07 13.02 12.93 12.77 12.57 12.37 12.19 12.25 12.61 13.03 13.44 13.83 14.09 14.27 14.48 14.73 14.79 14.49 14.10 13.75 13.46 13.22 12.94 12.80 12.73 12.65 12.71 12.67 12.84 13.11 13.37 13.69 14.10 14.50 14.90 14.94 14.64 14.30 14.01 13.76 13.48 13.30 13.15 12.97 12.60 11.96 11.19 10.39 9.75 9.84 10.62 11.51 12.36 13.00 13.19 13.12 13.01 12.90 12.79 12.75 12.69 12.66 12.51 12.52 12.55
12.73 12.58 12.62 12.68 12.75 12.82 12.89 12.97 13.04 13.10 13.10 13.08 13.04 12.99 12.91 12.73 12.51 12.26 11.99 12.03 12.50 12.99 13.47 13.95 14.20 14.38 14.61 14.94 15.12 14.69 14.22 13.83 13.51 13.26 13.06 12.94 12.75 12.81 12.72 12.69 12.84 13.12 13.39 13.73 14.16 14.62 15.17 15.22 14.76 14.37 14.04 13.79 13.56 13.32 13.17 13.04 12.73 11.94 11.07 10.15 9.22 9.36 10.42 11.43 12.40 13.24 13.30 13.16 13.03 12.91 12.83 12.76 12.70 12.67 12.65 12.48 12.51
12.77 12.78 12.65 12.70 12.76 12.82 12.89 12.95 13.01 13.04 13.05 13.03 13.00 12.94 12.85 12.70 12.51 12.32 12.20 12.26 12.58 13.00 13.42 13.82 14.09 14.30 14.52 14.75 14.79 14.52 14.14 13.79 13.48 13.22 13.03 12.89 12.78 12.75 12.65 12.62 12.78 13.06 13.32 13.68 14.06 14.47 14.80 14.86 14.59 14.28 13.98 13.74 13.45 13.27 13.09 12.89 12.52 11.88 11.13 10.37 9.82 9.91 10.60 11.45 12.28 12.90 13.10 13.05 12.97 12.87 12.81 12.74 12.69 12.66 12.47 12.50 12.53
12.78 12.88 12.90 12.71 12.76 12.82 12.87 12.93 12.94 12.98 12.99 12.98 12.95 12.90 12.81 12.71 12.59 12.47 12.40 12.49 12.71 13.03 13.37 13.66 13.92 14.12 14.33 14.43 14.42 14.22 13.94 13.65 13.38 13.14 12.93 12.78 12.67 12.63 12.53 12.61 12.66 12.87 13.19 13.52 13.84 14.15 14.38 14.40 14.28 14.07 13.84 13.64 13.44 13.16 12.97 12.72 12.37 11.87 11.29 10.77 10.49 10.54 10.95 11.59 12.15 12.60 12.84 12.85 12.82 12.79 12.75 12.70 12.63 12.47 12.46 12.47 12.50
12.86 12.87 12.89 12.92 12.96 13.00 12.85 12.86 12.91 12.94 12.95 12.95 12.92 12.89 12.83 12.75 12.67 12.56 12.58 12.67 12.82 13.06 13.31 13.55 13.75 13.97 14.08 14.13 14.08 13.92 13.70 13.46 13.21 12.98 12.77 12.59 12.49 12.45 12.34 12.44 12.59 12.69 12.99 13.30 13.57 13.81 13.98 14.00 13.95 13.83 13.68 13.50 13.32 13.05 12.85 12.60 12.31 11.93 11.52 11.21 11.01 11.04 11.35 11.73 12.10 12.43 12.63 12.68 12.69 12.68 12.64 12.56 12.44 12.42 12.41 12.43 12.46
12.83 12.83 12.86 12.90 12.94 12.98 13.03 13.06 12.87 12.90 12.94 12.94 12.91 12.89 12.85 12.80 12.69 12.67 12.69 12.78 12.90 13.07 13.25 13.44 13.59 13.77 13.85 13.86 13.77 13.65 13.47 13.24 13.01 12.77 12.54 12.37 12.26 12.20 12.11 12.21 12.37 12.57 12.77 13.05 13.29 13.49 13.64 13.73 13.65 13.65 13.54 13.36 13.15 12.99 12.80 12.61 12.34 12.05 11.77 11.53 11.41 11.49 11.64 11.83 12.11 12.33 12.49 12.51 12.54 12.58 12.55 12.52 12.41 12.39 12.35 12.37 12.48
12.77 12.78 12.81 12.86 12.91 12.97 13.01 13.05 13.09 12.91 12.92 12.93 12.90 12.88 12.86 12.77 12.76 12.77 12.84 12.90 12.97 13.08 13.21 13.34 13.53 13.61 13.65 13.64 13.57 13.41 13.24 13.03 12.80 12.47 12.30 12.11 11.96 11.83 11.84 11.93 12.11 12.33 12.56 12.84 13.06 13.21 13.35 13.45 13.54 13.44 13.36 13.26 13.04 12.90 12.75 12.59 12.38 12.19 11.98 11.77 11.72 11.72 11.85 12.00 12.13 12.29 12.41 12.46 12.48 12.49 12.47 12.44 12.33 12.31 12.39 12.40 12.40
