data/EU espacial/U03062017.grd
DSAA
94	94
0.0000	100.0000
0.0000	100.0000
8.1362	19.2002
[rows 34 to 67 of 94, columns 0 to 76 of 94]
12.68 12.70 12.72 12.79 12.86 12.92 12.98 13.02 13.06 13.08 12.88 12.89 12.90 12.90 12.89 12.89 12.87 12.89 12.92 12.98 13.04 13.12 13.19 13.27 13.33 13.47 13.48 13.45 13.37 13.16 13.04 12.75 12.51 12.24 11.98 11.72 11.54 11.45 11.40 11.55 11.76 12.01 12.35 12.61 12.83 13.01 13.14 13.30 13.24 13.34 13.22 13.14 13.08 12.90 12.77 12.59 12.43 12.26 12.09 11.96 11.94 11.92 12.02 12.13 12.24 12.32 12.40 12.46 12.41 12.40 12.38 12.44 12.29 12.30 12.28 12.30 12.34
12.55 12.58 12.65 12.74 12.83 12.91 12.97 13.02 13.06 13.09 13.10 13.11 12.91 12.92 12.92 12.93 12.93 12.96 13.00 13.04 13.09 13.13 13.18 13.21 13.24 13.33 13.32 13.27 13.21 12.99 12.81 12.58 12.33 12.03 11.73 11.41 11.15 11.02 11.01 11.21 11.49 11.78 12.14 12.41 12.63 12.89 13.03 13.12 13.07 13.14 13.12 13.04 12.97 12.85 12.76 12.62 12.49 12.35 12.22 12.17 12.10 12.08 12.14 12.23 12.26 12.33 12.38 12.41 12.42 12.41 12.40 12.36 12.25 12.19 12.17 12.18 12.23
12.41 12.47 12.59 12.71 12.82 12.90 12.97 13.03 13.07 13.10 13.12 13.13 13.13 12.94 12.95 12.95 12.98 13.02 13.06 13.10 13.12 13.14 13.17 13.17 13.17 13.25 13.22 13.16 13.01 12.88 12.68 12.44 12.16 11.86 11.52 11.13 10.76 10.51 10.57 10.90 11.25 11.59 11.94 12.26 12.49 12.75 12.89 12.98 13.04 13.03 13.02 12.96 12.91 12.76 12.71 12.65 12.56 12.44 12.31 12.21 12.14 12.10 12.24 12.28 12.31 12.35 12.37 12.39 12.39 12.36 12.29 12.24 12.17 12.10 12.03 12.05 12.19
12.27 12.40 12.57 12.71 12.82 12.92 12.99 13.04 13.09 13.12 13.14 13.15 13.16 13.16 12.98 12.98 13.01 13.06 13.12 13.15 13.15 13.15 13.15 13.16 13.04 13.00 12.95 13.00 12.93 12.77 12.59 12.37 12.08 11.76 11.38 10.96 10.48 10.01 10.23 10.70 11.11 11.52 11.83 12.16 12.38 12.64 12.78 12.88 12.95 12.98 12.98 12.90 12.87 12.74 12.71 12.68 12.63 12.51 12.39 12.30 12.23 12.18 12.34 12.34 12.35 12.37 12.38 12.38 12.36 12.29 12.25 12.19 12.11 12.02 11.91 11.96 12.10
12.40 12.48 12.62 12.75 12.86 12.95 13.01 13.07 13.11 13.14 13.16 13.17 13.18 13.19 13.17 13.17 13.04 13.08 13.13 13.15 13.15 13.15 13.14 13.05 13.00 12.97 12.95 12.87 12.86 12.74 12.56 12.34 12.06 11.72 11.37 10.97 10.55 10.23 10.34 10.73 11.11 11.49 11.79 12.16 12.32 12.58 12.72 12.81 12.88 12.92 12.94 12.82 12.73 12.72 12.70 12.67 12.62 12.54 12.44 12.36 12.29 12.25 12.40 12.39 12.39 12.39 12.38 12.37 12.31 12.27 12.22 12.16 12.09 12.00 11.96 11.98 12.08
12.62 12.65 12.74 12.83 12.92 12.99 13.04 13.10 13.14 13.16 13.18 13.19 13.21 13.21 13.19 13.20 13.21 13.08 13.11 13.13 13.14 13.07 13.05 13.04 13.07 13.04 12.94 13.03 12.84 12.71 12.56 12.35 12.08 11.77 11.46 11.13 10.84 10.67 10.68 10.92 11.21 11.50 11.81 12.16 12.36 12.55 12.69 12.78 12.85 12.89 12.79 12.80 12.71 12.70 12.67 12.64 12.60 12.53 12.47 12.40 12.37 12.31 12.45 12.44 12.42 12.41 12.39 12.37 12.31 12.29 12.24 12.16 12.10 12.10 12.05 12.06 12.12
12.82 12.83 12.88 12.94 13.00 13.05 13.10 13.13 13.16 13.18 13.19 13.22 13.23 13.21 13.21 13.22 13.23 13.24 13.10 13.12 13.05 13.05 13.04 13.03 13.07 13.04 13.11 13.04 12.86 12.73 12.57 12.40 12.15 11.90 11.61 11.35 11.15 11.05 11.09 11.16 11.37 11.63 11.92 12.13 12.37 12.55 12.67 12.77 12.85 12.89 12.79 12.80 12.79 12.74 12.65 12.62 12.58 12.52 12.51 12.45 12.40 12.35 12.49 12.47 12.45 12.43 12.41 12.45 12.31 12.29 12.24 12.18 12.12 12.08 12.12 12.01 12.04
13.00 13.00 13.02 13.06 13.09 13.13 13.16 13.18 13.19 13.21 13.22 13.23 13.33 13.22 13.23 13.24 13.26 13.27 13.28 13.20 13.03 13.04 13.04 13.07 13.06 13.02 12.99 13.08 12.92 12.79 12.59 12.44 12.25 12.01 11.78 11.57 11.42 11.37 11.41 11.51 11.61 11.80 12.01 12.19 12.42 12.57 12.70 12.79 12.85 12.93 12.80 12.80 12.76 12.74 12.64 12.61 12.57 12.52 12.53 12.50 12.45 12.41 12.38 12.55 12.52 12.57 12.49 12.34 12.32 12.28 12.21 12.19 12.10 11.98 12.15 12.04 12.05
13.16 13.16 13.16 13.18 13.20 13.21 13.22 13.23 13.23 13.23 13.24 13.24 13.23 13.23 13.24 13.25 13.26 13.24 13.19 13.21 13.22 12.99 13.00 13.01 13.07 13.06 13.03 12.98 12.98 12.88 12.71 12.54 12.35 12.14 11.90 11.79 11.72 11.66 11.70 11.78 11.91 11.96 12.11 12.27 12.43 12.67 12.79 12.88 12.93 12.84 12.84 12.82 12.80 12.75 12.72 12.65 12.59 12.54 12.50 12.52 12.48 12.44 12.57 12.53 12.58 12.55 12.45 12.41 12.27 12.23 12.18 12.14 12.11 11.98 12.18 12.03 11.98
13.23 13.31 13.30 13.30 13.30 13.30 13.29 13.28 13.27 13.26 13.26 13.26 13.24 13.25 13.26 13.27 13.17 13.18 13.15 13.16 13.18 13.19 13.06 13.09 13.11 13.10 13.11 13.07 13.14 12.97 12.82 12.65 12.53 12.33 12.09 12.05 11.95 11.90 11.98 12.03 12.06 12.15 12.29 12.41 12.56 12.75 12.86 12.94 12.98 12.87 12.84 12.82 12.83 12.69 12.66 12.63 12.59 12.55 12.51 12.57 12.52 12.48 12.59 12.63 12.60 12.57 12.53 12.21 12.17 12.14 12.25 12.05 12.03 12.01 12.12 12.03 12.04
13.38 13.37 13.36 13.43 13.41 13.39 13.36 13.33 13.30 13.28 13.27 13.29 13.26 13.18 13.18 13.10 13.11 13.14 13.15 13.13 13.15 13.17 13.08 13.12 13.15 13.21 13.19 13.31 13.26 13.14 12.99 12.81 12.63 12.45 12.30 12.19 12.16 12.11 12.11 12.18 12.23 12.33 12.39 12.53 12.65 12.79 12.97 13.03 12.95 12.94 12.91 12.88 12.84 12.69 12.65 12.61 12.60 12.56 12.52 12.48 12.50 12.50 12.69 12.66 12.62 12.58 12.26 12.21 12.17 12.13 12.09 12.04 12.02 12.07 12.05 12.02 12.02
13.54 13.52 13.54 13.51 13.48 13.49 13.44 13.39 13.29 13.25 13.29 13.21 13.21 13.13 13.12 13.11 13.10 13.10 13.11 13.13 13.14 13.17 13.20 13.13 13.20 13.27 13.33 13.38 13.41 13.28 13.09 12.90 12.72 12.53 12.39 12.34 12.27 12.23 12.23 12.26 12.32 12.42 12.43 12.58 12.73 12.90 13.08 13.08 13.06 13.02 12.97 12.93 12.86 12.71 12.67 12.63 12.62 12.58 12.54 12.50 12.53 12.49 12.67 12.47 12.42 12.38 12.26 12.21 12.16 12.12 12.07 12.02 11.89 12.04 12.03 12.12 12.12
13.70 13.72 13.69 13.65 13.61 13.56 13.50 13.40 13.34 13.29 13.25 13.24 13.17 13.14 13.12 13.11 13.10 13.10 13.11 13.12 13.14 13.16 13.20 13.15 13.22 13.30 13.39 13.51 13.58 13.39 13.16 12.95 12.77 12.61 12.45 12.41 12.34 12.30 12.30 12.33 12.38 12.47 12.58 12.63 12.79 12.98 13.16 13.21 13.14 13.07 13.00 12.96 12.89 12.73 12.69 12.65 12.64 12.60 12.57 12.53 12.56 12.73 12.69 12.49 12.44 12.39 12.26 12.21 12.15 12.10 11.96 11.92 11.86 11.84 12.10 12.09 12.09
13.79 13.74 13.71 13.67 13.63 13.57 13.55 13.54 13.45 13.37 13.32 13.23 13.19 13.16 13.14 13.12 13.11 13.10 13.10 13.11 13.12 13.15 13.20 13.13 13.20 13.28 13.38 13.50 13.55 13.34 13.10 12.95 12.78 12.62 12.53 12.43 12.37 12.33 12.33 12.36 12.41 12.49 12.60 12.64 12.81 12.99 13.13 13.20 13.11 13.02 13.02 12.97 12.81 12.75 12.72 12.68 12.67 12.64 12.60 12.56 12.64 12.76 12.72 12.40 12.34 12.29 12.16 12.09 12.03 11.97 11.91 11.97 11.93 12.06 12.04 12.03 12.04
13.99 13.90 13.86 13.81 13.75 13.68 13.71 13.62 13.53 13.44 13.35 13.31 13.28 13.18 13.15 13.12 13.10 13.09 13.09 13.09 13.10 13.15 13.18 13.23 13.14 13.21 13.29 13.35 13.34 13.21 13.02 12.91 12.74 12.65 12.51 12.42 12.35 12.32 12.32 12.35 12.40 12.49 12.59 12.71 12.77 12.84 12.99 13.06 13.04 12.99 12.94 12.97 12.83 12.79 12.74 12.71 12.58 12.67 12.64 12.72 12.68 12.79 12.48 12.43 12.37 12.30 12.17 12.09 12.02 11.94 11.95 11.91 11.86 11.98 11.96 11.96 11.98
14.14 14.12 14.08 14.00 13.92 13.82 13.84 13.70 13.60 13.52 13.45 13.35 13.30 13.26 13.23 13.12 13.10 13.08 13.07 13.07 13.07 13.08 13.16 13.18 13.08 13.12 13.16 13.18 13.14 13.10 12.96 12.81 12.60 12.59 12.46 12.37 12.30 12.27 12.30 12.33 12.39 12.45 12.55 12.62 12.72 12.85 12.92 12.98 12.94 12.93 12.91 12.83 12.76 12.74 12.71 12.68 12.63 12.60 12.56 12.76 12.59 12.58 12.53 12.47 12.40 12.33 12.19 12.10 12.00 11.91 11.90 11.84 11.75 11.88 11.86 11.87 11.90
14.41 14.39 14.32 14.22 14.10 14.05 13.94 13.81 13.70 13.51 13.42 13.35 13.28 13.28 13.24 13.20 13.02 13.00 13.05 13.03 13.03 13.04 13.05 13.12 13.00 13.08 13.09 13.08 12.97 12.95 12.83 12.75 12.62 12.44 12.33 12.30 12.24 12.21 12.21 12.18 12.25 12.34 12.41 12.54 12.65 12.76 12.83 12.88 12.93 12.95 12.88 12.87 12.77 12.76 12.75 12.63 12.69 12.66 12.63 12.65 12.65 12.63 12.58 12.52 12.45 12.36 12.21 12.03 11.94 11.82 11.83 11.70 11.73 11.70 11.73 11.75 11.74
14.73 14.69 14.60 14.41 14.26 14.23 13.96 13.81 13.68 13.57 13.46 13.38 13.30 13.24 13.24 13.05 13.01 12.98 12.95 12.94 12.93 13.00 13.06 12.99 12.98 12.98 12.97 12.98 12.93 12.85 12.76 12.64 12.52 12.39 12.28 12.18 12.03 12.00 12.02 12.03 12.12 12.22 12.34 12.47 12.59 12.67 12.76 12.79 12.89 12.91 12.93 12.98 12.85 12.87 12.66 12.67 12.76 12.63 12.76 12.72 12.60 12.69 12.57 12.51 12.43 12.43 12.30 12.17 12.02 11.88 11.82 11.69 11.59 11.43 11.48 11.45 11.51
15.15 15.09 15.03 14.84 14.63 14.42 14.22 13.91 13.75 13.62 13.50 13.40 13.32 13.24 13.26 13.13 13.09 13.11 12.96 12.96 12.98 12.95 12.94 12.99 12.99 12.89 12.86 12.83 12.81 12.73 12.63 12.52 12.40 12.20 12.14 12.02 11.86 11.82 11.75 11.87 12.00 12.03 12.16 12.39 12.51 12.51 12.55 12.63 12.69 12.74 12.77 12.70 12.74 12.80 12.84 12.86 12.85 12.90 12.76 12.57 12.72 12.70 12.67 12.62 12.55 12.45 12.31 12.12 11.94 11.76 11.65 11.50 11.37 11.25 11.22 11.26 11.36
15.58 15.57 15.36 15.10 14.83 14.57 14.33 14.13 13.85 13.70 13.57 13.46 13.36 13.28 13.21 13.15 13.09 12.96 12.93 12.92 12.92 12.90 12.88 12.92 12.91 12.73 12.69 12.64 12.58 12.50 12.40 12.28 12.21 12.07 11.89 11.75 11.64 11.59 11.61 11.71 11.84 11.93 12.08 12.22 12.32 12.44 12.54 12.58 12.64 12.71 12.77 12.78 12.76 12.83 12.88 12.93 13.00 12.97 12.84 12.79 12.73 12.79 12.75 12.70 12.64 12.54 12.38 12.16 11.93 11.71 11.54 11.35 11.14 11.01 10.96 11.07 11.20
16.18 16.03 15.71 15.36 15.02 14.72 14.46 14.24 13.89 13.73 13.59 13.47 13.37 13.30 13.19 13.12 13.06 12.94 12.89 12.86 12.83 12.88 12.85 12.83 12.80 12.64 12.60 12.54 12.47 12.39 12.29 12.18 12.10 11.91 11.75 11.58 11.43 11.34 11.38 11.53 11.72 11.84 12.00 12.10 12.23 12.39 12.49 12.53 12.60 12.68 12.70 12.77 12.78 12.90 13.05 13.12 13.13 13.09 13.01 12.87 12.80 12.85 12.82 12.79 12.75 12.66 12.46 12.21 11.93 11.60 11.34 11.16 10.96 10.78 10.68 10.77 10.97
16.75 16.45 15.97 15.52 15.13 14.79 14.51 14.27 14.07 13.85 13.59 13.49 13.38 13.29 13.17 13.10 13.03 12.92 12.88 12.84 12.81 12.82 12.79 12.76 12.73 12.56 12.51 12.44 12.37 12.29 12.20 12.08 11.96 11.82 11.64 11.44 11.22 11.05 11.15 11.38 11.61 11.82 11.95 12.05 12.19 12.31 12.45 12.49 12.57 12.61 12.68 12.77 12.90 13.00 13.11 13.23 13.28 13.19 13.08 12.92 12.85 12.89 12.87 12.86 12.86 12.81 12.57 12.25 11.89 11.56 11.26 11.05 10.81 10.56 10.35 10.44 10.74
17.05 16.60 16.04 15.56 15.15 14.81 14.52 14.23 14.03 13.85 13.70 13.56 13.44 13.34 13.25 13.16 13.03 12.95 12.87 12.81 12.78 12.75 12.72 12.68 12.64 12.48 12.42 12.36 12.29 12.21 12.11 12.00 11.84 11.71 11.54 11.34 11.10 10.87 11.02 11.30 11.54 11.75 11.94 12.03 12.17 12.29 12.38 12.42 12.50 12.59 12.78 12.86 12.89 12.99 13.12 13.27 13.35 13.21 13.09 12.93 12.86 12.90 12.88 12.88 12.90 12.90 12.62 12.26 11.89 11.54 11.23 11.01 10.76 10.47 10.16 10.25 10.61
16.51 16.29 15.88 15.46 15.08 14.76 14.44 14.20 14.00 13.82 13.67 13.54 13.42 13.32 13.24 13.14 13.01 12.93 12.86 12.78 12.74 12.71 12.66 12.62 12.57 12.40 12.34 12.27 12.20 12.12 12.04 11.90 11.80 11.68 11.53 11.36 11.19 11.09 11.16 11.35 11.56 11.76 11.94 12.09 12.15 12.27 12.37 12.58 12.57 12.69 12.77 12.84 12.89 12.95 13.06 13.16 13.19 13.13 13.04 12.90 12.86 12.82 12.85 12.83 12.82 12.75 12.54 12.23 11.92 11.60 11.32 11.06 10.80 10.56 10.36 10.40 10.61
15.99 15.85 15.58 15.26 14.91 14.62 14.36 14.14 13.94 13.77 13.63 13.51 13.41 13.31 13.22 13.14 13.06 13.00 12.93 12.87 12.83 12.66 12.72 12.67 12.62 12.30 12.37 12.30 12.12 12.05 11.93 11.86 11.77 11.68 11.57 11.45 11.34 11.30 11.35 11.47 11.64 11.80 11.96 12.11 12.16 12.27 12.37 12.57 12.56 12.68 12.75 12.81 12.85 12.88 12.96 13.02 13.03 13.00 12.95 12.83 12.80 12.76 12.79 12.76 12.69 12.61 12.43 12.21 11.94 11.67 11.43 11.17 10.93 10.74 10.59 10.57 10.66
15.55 15.46 15.28 15.04 14.73 14.48 14.25 14.04 13.86 13.79 13.66 13.54 13.44 13.28 13.19 13.12 13.07 13.00 12.93 12.87 12.82 12.80 12.67 12.61 12.55 12.43 12.28 12.21 12.03 11.93 11.88 11.82 11.76 11.70 11.62 11.55 11.49 11.47 11.51 11.60 11.73 11.86 12.00 12.14 12.35 12.46 12.39 12.54 12.57 12.63 12.70 12.76 12.81 12.80 12.86 12.89 12.91 12.89 12.84 12.71 12.72 12.69 12.70 12.66 12.59 12.51 12.36 12.19 12.00 11.77 11.53 11.29 11.11 10.91 10.76 10.68 10.69
15.17 15.10 14.97 14.79 14.53 14.31 14.20 14.02 13.85 13.71 13.58 13.48 13.39 13.31 13.16 13.20 13.05 12.99 12.93 12.87 12.81 12.77 12.71 12.56 12.42 12.34 12.25 12.19 12.01 12.04 11.99 11.80 11.76 11.73 11.69 11.65 11.62 11.62 11.65 11.72 11.82 11.93 12.05 12.25 12.37 12.48 12.58 12.49 12.58 12.64 12.69 12.72 12.76 12.79 12.76 12.78 12.79 12.78 12.75 12.61 12.65 12.65 12.62 12.55 12.51 12.44 12.32 12.20 12.05 11.86 11.65 11.43 11.26 11.05 10.87 10.74 10.67
14.85 14.89 14.78 14.64 14.46 14.29 14.05 13.89 13.74 13.61 13.50 13.40 13.33 13.26 13.24 13.18 13.12 13.06 12.92 12.86 12.79 12.75 12.67 12.59 12.34 12.24 12.14 12.05 11.95 11.93 11.92 11.87 11.89 11.81 11.83 11.77 11.76 11.76 11.79 11.85 11.95 12.05 12.16 12.28 12.40 12.51 12.57 12.56 12.62 12.65 12.67 12.69 12.71 12.73 12.68 12.68 12.68 12.67 12.68 12.58 12.56 12.46 12.45 12.44 12.42 12.41 12.35 12.26 12.12 11.97 11.79 11.57 11.33 11.16 10.94 10.75 10.60
14.68 14.63 14.54 14.41 14.27 14.12 13.96 13.76 13.61 13.49 13.39 13.32 13.26 13.25 13.20 13.15 13.10 13.04 12.98 12.92 12.85 12.71 12.63 12.39 12.28 12.15 12.02 11.88 11.81 11.80 11.82 11.86 11.89 11.85 11.86 11.85 11.85 11.89 11.88 11.93 12.00 12.08 12.19 12.31 12.40 12.52 12.61 12.61 12.64 12.66 12.66 12.66 12.66 12.66 12.67 12.59 12.59 12.57 12.59 12.49 12.47 12.38 12.33 12.33 12.37 12.38 12.35 12.30 12.23 12.11 11.94 11.72 11.46 11.25 10.98 10.73 10.48
14.47 14.43 14.35 14.25 14.10 13.96 13.82 13.67 13.48 13.36 13.28 13.23 13.23 13.19 13.16 13.12 13.07 13.03 12.97 12.91 12.84 12.71 12.61 12.36 12.23 12.07 11.88 11.73 11.66 11.68 11.75 11.81 11.88 11.92 11.93 11.94 11.94 11.97 11.98 12.00 12.05 12.11 12.18 12.30 12.44 12.56 12.64 12.69 12.69 12.70 12.68 12.63 12.62 12.61 12.60 12.51 12.50 12.52 12.50 12.40 12.43 12.33 12.33 12.32 12.32 12.35 12.35 12.35 12.35 12.29 12.15 11.88 11.58 11.26 11.00 10.68 10.36
14.28 14.24 14.17 14.08 13.97 13.85 13.69 13.54 13.38 13.23 13.16 13.17 13.16 13.14 13.12 13.09 13.05 13.01 12.96 12.90 12.83 12.77 12.54 12.35 12.20 11.99 11.78 11.58 11.47 11.56 11.71 11.83 11.93 12.00 12.03 12.03 12.03 12.04 12.06 12.08 12.10 12.13 12.20 12.32 12.47 12.62 12.73 12.77 12.73 12.71 12.66 12.63 12.56 12.55 12.52 12.50 12.41 12.43 12.45 12.35 12.34 12.25 12.26 12.26 12.28 12.32 12.35 12.40 12.45 12.46 12.35 12.07 11.71 11.32 11.01 10.63 10.24
14.12 14.07 14.01 13.94 13.84 13.73 13.60 13.44 13.28 13.11 13.07 13.10 13.11 13.10 13.08 13.06 13.03 12.99 12.94 12.89 12.83 12.64 12.56 12.44 12.18 12.01 11.79 11.52 11.32 11.54 11.75 11.91 12.03 12.11 12.15 12.15 12.14 12.12 12.14 12.17 12.18 12.18 12.22 12.36 12.51 12.67 12.82 12.84 12.76 12.69 12.63 12.58 12.54 12.48 12.45 12.42 12.40 12.38 12.36 12.27 12.26 12.18 12.19 12.21 12.23 12.26 12.33 12.41 12.50 12.59 12.54 12.17 11.77 11.38 10.99 10.61 10.18
13.97 13.93 13.88 13.82 13.73 13.64 13.52 13.39 13.25 13.14 13.10 13.12 13.08 13.07 13.06 13.03 13.00 12.96 12.92 12.88 12.69 12.64 12.59 12.45 12.26 12.12 11.94 11.73 11.63 11.74 11.92 12.07 12.18 12.25 12.29 12.30 12.29 12.27 12.28 12.29 12.30 12.30 12.34 12.44 12.55 12.67 12.76 12.77 12.72 12.64 12.55 12.49 12.44 12.36 12.32 12.43 12.36 12.29 12.28 12.18 12.18 12.11 12.13 12.15 12.18 12.22 12.30 12.38 12.45 12.51 12.43 12.13 11.77 11.39 10.99 10.61 10.21
13.84 13.81 13.76 13.71 13.64 13.57 13.47 13.40 13.29 13.20 13.15 13.14 13.13 13.12 13.04 13.00 12.97 12.93 12.90 12.87 12.84 12.67 12.60 12.54 12.47 12.30 12.19 12.08 12.02 12.08 12.19 12.30 12.38 12.43 12.46 12.47 12.46 12.45 12.45 12.45 12.45 12.45 12.48 12.53 12.59 12.65 12.69 12.64 12.58 12.53 12.48 12.41 12.36 12.32 12.37 12.34 12.27 12.25 12.20 12.10 12.11 12.04 12.06 12.09 12.12 12.17 12.25 12.31 12.36 12.35 12.25 12.03 11.73 11.37 11.01 10.66 10.27
