data/EU espacial/U10062017.grd
DSAA
94	94
0.0000	100.0000
0.0000	100.0000
8.1831	14.4438
[rows 0 to 33 of 94, columns 0 to 77 of 94]
11.15 11.09 11.00 10.92 10.85 10.77 10.69 10.55 10.46 10.36 10.25 10.13 10.00 9.84 9.70 9.51 9.30 9.09 8.85 8.77 8.92 9.07 9.20 9.30 9.40 9.49 9.56 9.59 9.63 9.42 9.43 9.44 9.40 9.39 9.46 9.43 9.39 9.35 9.29 9.25 9.12 9.07 9.01 8.96 8.90 8.95 8.90 8.97 8.90 9.08 9.05 8.95 8.78 8.65 8.31 8.26 8.18 8.19 8.35 8.52 8.65 8.76 8.86 8.94 8.89 8.95 8.99 9.03 9.06 9.11 9.13 9.19 9.19 9.18 9.16 9.17 9.21 9.24
11.10 11.07 11.01 10.94 10.88 10.81 10.74 10.66 10.58 10.44 10.33 10.22 10.09 9.94 9.79 9.61 9.41 9.21 9.02 8.96 9.03 9.15 9.26 9.36 9.45 9.52 9.60 9.63 9.67 9.70 9.48 9.48 9.44 9.42 9.49 9.45 9.42 9.37 9.30 9.26 9.13 9.08 9.01 8.95 8.90 8.94 9.15 9.09 8.89 9.11 9.03 8.94 8.79 8.67 8.46 8.35 8.32 8.42 8.41 8.57 8.69 8.79 8.89 8.97 9.04 8.98 9.02 9.06 9.09 9.14 9.15 9.22 9.22 9.21 9.20 9.21 9.24 9.27
11.04 11.03 11.00 10.95 10.90 10.84 10.79 10.72 10.65 10.57 10.43 10.32 10.20 10.06 9.92 9.75 9.57 9.40 9.27 9.21 9.22 9.41 9.37 9.45 9.53 9.59 9.59 9.69 9.73 9.75 9.54 9.54 9.52 9.55 9.52 9.49 9.44 9.40 9.32 9.27 9.14 9.08 9.01 8.95 8.95 9.18 9.12 9.07 9.02 9.10 9.04 8.97 8.83 8.75 8.57 8.51 8.50 8.56 8.53 8.66 8.76 8.85 8.94 9.01 9.08 9.14 9.07 9.10 9.13 9.16 9.19 9.26 9.26 9.26 9.26 9.27 9.29 9.31
10.98 10.98 10.97 10.94 10.91 10.88 10.83 10.79 10.73 10.66 10.58 10.48 10.33 10.20 10.08 9.92 9.77 9.62 9.51 9.45 9.54 9.57 9.62 9.56 9.62 9.63 9.67 9.74 9.79 9.81 9.81 9.60 9.58 9.60 9.57 9.53 9.48 9.43 9.35 9.27 9.20 9.09 9.02 9.00 8.94 9.15 9.10 9.06 9.18 9.11 9.06 9.01 8.91 8.82 8.71 8.68 8.68 8.72 8.82 8.77 8.86 8.94 9.01 9.08 9.13 9.19 9.12 9.16 9.18 9.21 9.24 9.31 9.31 9.32 9.32 9.33 9.35 9.36
10.92 10.94 10.94 10.94 10.92 10.91 10.88 10.85 10.82 10.76 10.70 10.62 10.52 10.37 10.26 10.12 9.98 9.84 9.75 9.67 9.74 9.74 9.76 9.69 9.68 9.73 9.77 9.80 9.87 9.88 9.88 9.87 9.95 9.66 9.62 9.57 9.52 9.46 9.35 9.34 9.27 9.15 9.04 9.20 9.23 9.17 9.09 9.20 9.18 9.16 9.14 9.08 8.98 8.95 8.92 8.85 8.86 8.89 8.97 9.04 8.97 9.04 9.10 9.15 9.20 9.42 9.18 9.22 9.24 9.27 9.36 9.37 9.38 9.38 9.39 9.40 9.40 9.41
10.87 10.90 10.91 10.93 10.93 10.94 10.93 10.93 10.91 10.88 10.83 10.76 10.68 10.58 10.46 10.32 10.19 10.06 9.96 9.97 9.92 9.90 9.90 9.89 9.80 9.84 9.87 9.90 9.95 9.97 9.95 9.93 9.90 9.72 9.67 9.62 9.56 9.45 9.39 9.37 9.30 9.23 9.27 9.19 9.22 9.15 9.07 9.18 9.18 9.19 9.20 9.20 9.10 9.09 9.08 9.02 9.03 9.05 9.12 9.17 9.11 9.16 9.20 9.39 9.43 9.47 9.51 9.29 9.31 9.34 9.42 9.44 9.45 9.45 9.46 9.46 9.47 9.47
10.82 10.85 10.89 10.91 10.94 10.96 10.98 11.00 11.00 10.99 10.97 10.92 10.85 10.76 10.66 10.54 10.40 10.27 10.16 10.16 10.09 10.05 10.00 10.00 10.03 9.95 9.98 10.01 10.05 10.06 10.04 10.00 10.06 10.02 9.73 9.67 9.61 9.50 9.43 9.41 9.33 9.42 9.29 9.29 9.20 9.13 9.18 9.16 9.19 9.23 9.27 9.31 9.24 9.25 9.24 9.19 9.20 9.24 9.28 9.32 9.36 9.41 9.45 9.48 9.51 9.54 9.57 9.37 9.39 9.41 9.50 9.51 9.52 9.53 9.53 9.53 9.53 9.61
10.80 10.81 10.86 10.90 10.94 10.99 11.03 11.07 11.10 11.12 11.11 11.08 11.02 10.95 10.86 10.75 10.62 10.47 10.36 10.33 10.25 10.16 10.12 10.11 10.13 10.06 10.10 10.13 10.16 10.15 10.12 10.07 10.12 10.07 9.96 9.72 9.66 9.55 9.53 9.45 9.38 9.45 9.47 9.31 9.20 9.11 9.14 9.14 9.20 9.29 9.38 9.45 9.41 9.42 9.42 9.41 9.37 9.41 9.44 9.48 9.52 9.55 9.57 9.58 9.59 9.61 9.64 9.69 9.49 9.51 9.58 9.60 9.60 9.60 9.60 9.67 9.67 9.67
10.75 10.77 10.82 10.88 10.94 11.00 11.07 11.14 11.20 11.25 11.25 11.23 11.19 11.14 11.07 10.95 10.81 10.70 10.60 10.48 10.34 10.29 10.23 10.20 10.22 10.26 10.21 10.25 10.29 10.25 10.19 10.14 10.07 10.12 10.01 9.96 9.71 9.60 9.58 9.51 9.71 9.62 9.51 9.34 9.22 9.10 9.09 9.11 9.23 9.38 9.52 9.62 9.61 9.61 9.60 9.59 9.55 9.58 9.62 9.65 9.68 9.70 9.71 9.70 9.69 9.69 9.72 9.77 9.75 9.78 9.68 9.69 9.69 9.76 9.75 9.74 9.74 9.73
10.69 10.75 10.78 10.85 10.93 11.01 11.10 11.19 11.28 11.37 11.38 11.35 11.33 11.31 11.26 11.12 10.97 10.85 10.72 10.59 10.48 10.42 10.34 10.28 10.30 10.35 10.41 10.36 10.42 10.35 10.26 10.20 10.12 10.17 10.12 10.00 9.98 9.70 9.64 9.75 9.78 9.68 9.58 9.47 9.29 9.15 8.99 9.10 9.32 9.51 9.69 9.83 9.86 9.86 9.84 9.77 9.74 9.79 9.83 9.86 9.88 9.87 9.87 9.85 9.82 9.78 9.83 9.89 9.87 9.90 9.80 9.86 9.85 9.84 9.83 9.81 9.80 9.75
10.62 10.69 10.76 10.82 10.91 11.01 11.11 11.21 11.32 11.41 11.44 11.43 11.42 11.40 11.36 11.24 11.10 10.93 10.81 10.75 10.65 10.54 10.46 10.40 10.39 10.43 10.48 10.42 10.40 10.39 10.30 10.24 10.16 10.21 10.16 10.04 10.03 10.12 9.89 9.82 9.86 9.78 9.69 9.59 9.43 9.31 9.20 9.32 9.51 9.71 9.89 10.01 10.07 10.07 10.06 10.04 10.01 10.01 10.04 10.06 10.08 10.07 10.07 10.04 10.01 9.98 10.01 10.05 10.02 10.03 10.02 9.97 9.95 9.93 9.91 9.89 9.87 9.81
10.55 10.62 10.70 10.77 10.88 10.99 11.10 11.21 11.32 11.41 11.46 11.47 11.47 11.45 11.40 11.31 11.16 11.04 10.93 10.87 10.77 10.68 10.60 10.52 10.50 10.51 10.53 10.55 10.38 10.39 10.29 10.26 10.19 10.24 10.19 10.18 10.08 10.16 10.12 9.90 9.97 9.89 9.82 9.75 9.62 9.56 9.53 9.66 9.80 9.96 10.12 10.22 10.28 10.30 10.30 10.27 10.27 10.25 10.27 10.28 10.30 10.31 10.29 10.27 10.25 10.23 10.24 10.25 10.19 10.18 10.15 10.12 10.06 10.02 9.99 9.96 9.89 9.87
10.47 10.54 10.64 10.74 10.83 10.96 11.08 11.21 11.32 11.41 11.47 11.50 11.50 11.49 11.40 11.33 11.24 11.14 11.09 10.98 10.88 10.79 10.71 10.65 10.59 10.57 10.56 10.56 10.37 10.36 10.30 10.23 10.21 10.27 10.26 10.22 10.29 10.21 10.17 10.26 10.08 10.02 9.98 9.89 9.86 9.84 9.86 10.01 10.12 10.26 10.36 10.47 10.53 10.56 10.56 10.53 10.52 10.53 10.51 10.52 10.53 10.54 10.53 10.52 10.51 10.50 10.48 10.47 10.39 10.35 10.29 10.24 10.16 10.11 10.06 10.02 9.87 9.85
10.38 10.46 10.56 10.68 10.84 10.98 11.06 11.19 11.31 11.41 11.48 11.52 11.53 11.48 11.45 11.39 11.31 11.22 11.18 11.08 10.98 10.89 10.81 10.74 10.69 10.63 10.59 10.56 10.37 10.36 10.30 10.24 10.23 10.29 10.29 10.26 10.33 10.26 10.36 10.35 10.20 10.19 10.15 10.09 10.10 10.13 10.18 10.35 10.45 10.57 10.67 10.76 10.81 10.83 10.81 10.80 10.78 10.77 10.75 10.76 10.77 10.79 10.80 10.79 10.79 10.77 10.74 10.70 10.59 10.53 10.44 10.38 10.31 10.19 10.13 9.97 9.93 9.90
10.27 10.36 10.47 10.61 10.75 10.89 11.04 11.19 11.31 11.42 11.50 11.55 11.52 11.52 11.50 11.45 11.38 11.29 11.26 11.17 11.07 10.98 10.89 10.82 10.75 10.69 10.62 10.57 10.41 10.35 10.30 10.24 10.19 10.49 10.46 10.40 10.38 10.31 10.45 10.45 10.44 10.45 10.41 10.35 10.39 10.48 10.56 10.60 10.73 10.89 11.00 11.08 11.12 11.13 11.09 11.06 11.03 11.01 11.00 10.99 11.01 11.03 11.06 11.06 11.07 11.05 11.01 10.95 10.97 10.88 10.77 10.50 10.40 10.32 10.24 10.08 10.04 10.00
10.15 10.24 10.37 10.52 10.69 10.86 11.01 11.18 11.33 11.45 11.53 11.54 11.57 11.57 11.55 11.50 11.44 11.43 11.34 11.24 11.15 11.06 10.97 10.88 10.80 10.73 10.66 10.54 10.54 10.35 10.30 10.25 10.41 10.47 10.45 10.59 10.59 10.56 10.53 10.55 10.52 10.56 10.64 10.57 10.64 10.75 10.85 10.92 11.07 11.23 11.35 11.43 11.46 11.42 11.37 11.32 11.27 11.23 11.22 11.21 11.23 11.27 11.32 11.36 11.36 11.35 11.29 11.29 11.18 11.05 10.87 10.61 10.49 10.38 10.29 10.12 10.07 10.04
10.00 10.11 10.25 10.43 10.62 10.81 11.00 11.17 11.34 11.48 11.57 11.58 11.61 11.61 11.60 11.55 11.49 11.49 11.40 11.31 11.22 11.13 11.04 10.95 10.85 10.76 10.67 10.59 10.49 10.34 10.30 10.44 10.42 10.50 10.48 10.63 10.63 10.62 10.60 10.65 10.64 10.71 10.81 10.88 10.87 11.00 11.13 11.23 11.40 11.59 11.72 11.81 11.81 11.76 11.66 11.56 11.49 11.44 11.43 11.43 11.45 11.50 11.56 11.63 11.66 11.66 11.58 11.55 11.39 11.17 11.00 10.71 10.56 10.43 10.32 10.25 10.20 10.20
9.84 9.96 10.14 10.34 10.54 10.75 10.96 11.16 11.36 11.52 11.57 11.62 11.64 11.65 11.64 11.66 11.60 11.53 11.45 11.37 11.28 11.24 11.15 11.06 10.90 10.79 10.67 10.57 10.56 10.39 10.36 10.46 10.54 10.53 10.52 10.67 10.67 10.67 10.67 10.75 10.77 10.86 10.98 11.08 11.09 11.24 11.39 11.51 11.71 11.93 12.11 12.21 12.19 12.08 11.93 11.78 11.68 11.63 11.60 11.61 11.64 11.71 11.79 11.89 11.98 11.99 11.97 11.79 11.53 11.32 11.12 11.00 10.62 10.46 10.33 10.25 10.22 10.22
9.67 9.83 10.04 10.26 10.48 10.70 11.00 11.21 11.43 11.56 11.61 11.63 11.72 11.73 11.73 11.67 11.60 11.54 11.49 11.41 11.36 11.27 11.19 11.11 11.00 10.87 10.74 10.65 10.51 10.42 10.50 10.49 10.58 10.58 10.57 10.73 10.65 10.72 10.69 10.86 10.90 11.04 11.15 11.27 11.31 11.56 11.62 11.77 12.01 12.25 12.48 12.65 12.57 12.37 12.18 11.99 11.84 11.78 11.77 11.77 11.80 11.87 11.98 12.12 12.25 12.33 12.24 12.01 11.76 11.44 11.22 11.08 10.87 10.68 10.51 10.25 10.26 10.26
9.71 9.87 10.09 10.30 10.51 10.72 10.93 11.14 11.36 11.52 11.61 11.64 11.65 11.67 11.68 11.63 11.57 11.52 11.48 11.45 11.37 11.29 11.21 11.14 11.03 10.90 10.78 10.66 10.53 10.67 10.54 10.48 10.60 10.61 10.55 10.76 10.73 10.76 10.79 10.92 11.04 11.10 11.28 11.41 11.51 11.74 11.90 12.07 12.30 12.51 12.74 12.93 12.82 12.61 12.39 12.18 12.04 11.95 11.92 11.92 11.93 12.00 12.11 12.24 12.40 12.61 12.38 12.11 11.85 11.59 11.36 11.14 10.93 10.73 10.55 10.49 10.31 10.31
9.81 9.91 10.08 10.27 10.46 10.65 10.85 10.97 11.17 11.33 11.45 11.49 11.51 11.53 11.55 11.53 11.49 11.46 11.46 11.41 11.35 11.28 11.22 11.14 11.03 10.93 10.81 10.70 10.64 10.67 10.69 10.54 10.66 10.67 10.82 10.84 10.87 10.90 10.99 11.05 11.17 11.31 11.43 11.58 11.74 11.94 12.08 12.26 12.51 12.71 12.88 12.98 12.93 12.76 12.57 12.40 12.25 12.16 12.07 12.05 12.06 12.10 12.18 12.29 12.38 12.48 12.33 12.13 11.86 11.63 11.41 11.20 11.00 10.80 10.66 10.61 10.59 10.38
9.90 9.98 10.10 10.25 10.42 10.59 10.76 10.85 11.01 11.15 11.24 11.32 11.35 11.38 11.39 11.38 11.37 11.42 11.39 11.35 11.32 11.25 11.20 11.14 11.06 10.98 10.88 10.80 10.71 10.77 10.73 10.61 10.73 10.74 10.91 10.94 10.98 11.03 11.06 11.17 11.30 11.45 11.57 11.74 11.87 12.09 12.28 12.46 12.67 12.86 13.00 13.06 13.02 12.89 12.74 12.57 12.42 12.30 12.23 12.16 12.15 12.17 12.21 12.26 12.37 12.36 12.27 12.07 11.88 11.64 11.44 11.22 11.05 10.89 10.77 10.72 10.69 10.54
10.00 10.03 10.13 10.25 10.38 10.52 10.58 10.73 10.86 10.97 11.06 11.14 11.18 11.21 11.23 11.24 11.25 11.32 11.31 11.29 11.28 11.23 11.20 11.15 11.10 11.03 10.96 10.85 10.80 10.84 10.82 10.81 10.68 10.98 11.00 11.04 11.10 11.16 11.19 11.30 11.43 11.58 11.71 11.84 12.03 12.26 12.46 12.64 12.84 13.01 13.13 13.17 13.13 13.03 12.87 12.70 12.55 12.42 12.33 12.24 12.20 12.19 12.20 12.21 12.29 12.25 12.17 12.00 11.84 11.62 11.45 11.26 11.10 10.96 10.86 10.68 10.64 10.61
10.05 10.10 10.17 10.26 10.34 10.37 10.49 10.60 10.73 10.82 10.90 10.96 11.00 11.04 11.07 11.10 11.12 11.22 11.22 11.23 11.24 11.21 11.20 11.18 11.14 11.09 10.97 10.91 10.96 10.93 10.90 10.88 10.87 11.09 11.12 11.14 11.17 11.24 11.33 11.45 11.54 11.72 11.85 11.97 12.17 12.41 12.63 12.81 13.01 13.18 13.28 13.31 13.27 13.15 12.99 12.81 12.64 12.50 12.39 12.28 12.22 12.19 12.17 12.23 12.21 12.16 12.08 11.97 11.79 11.64 11.47 11.28 11.14 11.02 10.92 10.75 10.62 10.60
10.10 10.13 10.18 10.25 10.29 10.37 10.43 10.51 10.59 10.66 10.73 10.78 10.83 10.87 10.91 10.95 10.99 11.03 11.13 11.16 11.17 11.19 11.21 11.21 11.19 11.10 11.05 10.99 11.02 11.01 10.98 10.95 11.16 11.24 11.14 11.19 11.23 11.31 11.39 11.51 11.62 11.78 11.94 12.09 12.31 12.51 12.73 13.04 13.24 13.40 13.46 13.49 13.43 13.29 13.10 12.89 12.70 12.54 12.38 12.29 12.22 12.17 12.13 12.18 12.13 12.08 12.00 11.90 11.74 11.62 11.47 11.28 11.16 11.11 11.03 10.87 10.67 10.65
10.13 10.16 10.19 10.20 10.25 10.31 10.37 10.43 10.46 10.51 10.56 10.61 10.66 10.71 10.75 10.81 10.86 10.92 11.04 11.10 11.13 11.18 11.22 11.24 11.19 11.16 11.11 11.06 11.10 11.08 11.04 11.01 11.22 11.30 11.21 11.26 11.30 11.38 11.48 11.59 11.70 11.86 12.02 12.19 12.41 12.62 12.86 13.18 13.40 13.59 13.70 13.71 13.62 13.43 13.19 12.95 12.72 12.55 12.37 12.27 12.19 12.13 12.16 12.12 12.07 12.00 11.92 11.83 11.69 11.57 11.44 11.33 11.22 11.13 11.07 11.01 10.87 10.85
10.16 10.17 10.15 10.19 10.22 10.26 10.30 10.33 10.35 10.36 10.40 10.45 10.50 10.55 10.60 10.66 10.74 10.82 10.95 11.03 11.09 11.16 11.23 11.23 11.24 11.21 11.18 11.13 11.17 11.15 11.10 11.27 11.27 11.35 11.39 11.31 11.33 11.43 11.53 11.59 11.75 11.90 12.08 12.28 12.45 12.71 12.97 13.30 13.54 13.75 13.93 13.98 13.86 13.57 13.26 12.95 12.69 12.47 12.33 12.23 12.15 12.08 12.11 12.05 12.00 11.93 11.86 11.77 11.63 11.53 11.41 11.27 11.18 11.14 11.07 11.03 11.00 10.88
10.18 10.14 10.16 10.18 10.20 10.22 10.23 10.24 10.24 10.25 10.28 10.32 10.37 10.40 10.45 10.54 10.63 10.72 10.80 10.94 11.04 11.14 11.20 11.27 11.28 11.25 11.22 11.35 11.32 11.30 11.24 11.20 11.31 11.50 11.54 11.55 11.36 11.46 11.49 11.59 11.76 11.93 12.10 12.31 12.55 12.78 13.05 13.34 13.61 13.88 14.13 14.27 14.08 13.70 13.31 12.90 12.61 12.39 12.27 12.17 12.09 12.11 12.05 11.99 11.94 11.87 11.79 11.70 11.58 11.48 11.36 11.24 11.19 11.12 11.07 11.03 11.00 10.88
10.38 10.15 10.16 10.17 10.18 10.19 10.19 10.18 10.17 10.14 10.17 10.23 10.27 10.30 10.32 10.43 10.53 10.62 10.72 10.83 10.94 11.13 11.25 11.36 11.38 11.35 11.33 11.38 11.37 11.31 11.28 11.46 11.46 11.53 11.56 11.56 11.63 11.67 11.48 11.60 11.74 11.93 12.10 12.31 12.55 12.78 13.06 13.40 13.65 13.89 14.19 14.44 14.16 13.71 13.27 12.86 12.51 12.36 12.25 12.16 12.07 12.04 11.98 11.92 11.87 11.81 11.73 11.64 11.52 11.40 11.31 11.23 11.16 11.09 11.04 11.01 10.99 10.98
10.41 10.39 10.16 10.17 10.17 10.17 10.16 10.15 10.14 10.12 10.14 10.18 10.22 10.26 10.29 10.38 10.48 10.57 10.79 10.85 10.97 11.08 11.20 11.29 11.33 11.33 11.31 11.37 11.35 11.33 11.28 11.48 11.48 11.54 11.57 11.53 11.59 11.60 11.71 11.82 11.84 12.00 12.09 12.28 12.50 12.72 12.98 13.31 13.55 13.76 13.99 14.10 13.92 13.56 13.18 12.79 12.48 12.33 12.20 12.10 12.01 11.98 11.91 11.85 11.79 11.73 11.65 11.53 11.44 11.34 11.25 11.18 11.11 11.05 11.00 10.97 10.80 10.93
10.43 10.44 10.42 10.17 10.17 10.16 10.16 10.15 10.12 10.12 10.14 10.17 10.20 10.24 10.28 10.44 10.52 10.60 10.71 10.81 10.92 11.02 11.12 11.20 11.26 11.27 11.38 11.34 11.32 11.31 11.27 11.48 11.48 11.43 11.52 11.51 11.57 11.57 11.66 11.79 11.91 11.96 12.11 12.22 12.43 12.62 12.85 13.16 13.37 13.56 13.67 13.70 13.58 13.33 13.01 12.72 12.44 12.26 12.14 12.03 11.94 11.90 11.83 11.77 11.70 11.64 11.54 11.45 11.37 11.31 11.23 11.15 11.05 11.00 10.95 10.76 10.75 10.66
10.48 10.46 10.44 10.42 10.40 10.38 10.16 10.13 10.13 10.13 10.15 10.17 10.20 10.32 10.37 10.44 10.51 10.55 10.68 10.78 10.87 10.96 11.05 11.12 11.17 11.29 11.34 11.34 11.28 11.28 11.45 11.44 11.43 11.48 11.50 11.48 11.46 11.52 11.60 11.73 11.85 11.90 12.04 12.22 12.32 12.52 12.70 12.98 13.15 13.30 13.38 13.35 13.26 13.05 12.82 12.59 12.36 12.18 12.04 11.90 11.86 11.83 11.76 11.69 11.63 11.56 11.46 11.38 11.35 11.29 11.21 11.14 10.98 10.75 10.71 10.69 10.59 10.60
10.50 10.48 10.45 10.43 10.42 10.40 10.38 10.36 10.14 10.15 10.25 10.27 10.29 10.33 10.38 10.44 10.45 10.52 10.61 10.73 10.82 10.91 10.99 11.06 11.10 11.24 11.27 11.30 11.28 11.45 11.44 11.42 11.41 11.45 11.46 11.44 11.40 11.45 11.53 11.63 11.77 11.91 12.08 12.23 12.40 12.56 12.55 12.79 12.92 13.03 13.08 13.03 12.93 12.79 12.62 12.43 12.21 12.08 11.95 11.81 11.72 11.75 11.68 11.61 11.55 11.47 11.38 11.35 11.27 11.20 11.14 10.96 10.83 10.75 10.81 10.72 10.61 10.65
10.52 10.49 10.47 10.45 10.44 10.42 10.41 10.39 10.46 10.26 10.27 10.29 10.27 10.30 10.35 10.38 10.44 10.50 10.61 10.68 10.78 10.86 10.94 10.99 11.16 11.20 11.23 11.24 11.21 11.22 11.42 11.36 11.39 11.42 11.28 11.31 11.33 11.37 11.44 11.54 11.62 11.78 11.83 12.12 12.27 12.42 12.56 12.67 12.70 12.78 12.82 12.80 12.64 12.52 12.36 12.21 12.05 11.91 11.79 11.73 11.65 11.67 11.61 11.62 11.56 11.47 11.40 11.28 11.17 11.09 11.00 10.91 10.84 10.79 10.72 10.70 10.57 10.57
