data/EU espacial/U10062017.grd
DSAA
94	94
0.0000	100.0000
0.0000	100.0000
8.1831	14.4438
[rows 34 to 67 of 94, columns 0 to 77 of 94]
10.53 10.51 10.43 10.42 10.41 10.40 10.38 10.44 10.43 10.43 10.24 10.26 10.29 10.32 10.36 10.40 10.47 10.52 10.58 10.65 10.72 10.81 10.88 10.95 11.00 11.17 11.20 11.19 11.19 11.41 11.41 11.34 11.20 11.18 11.15 11.05 11.25 11.27 11.34 11.29 11.40 11.53 11.67 11.87 12.15 12.28 12.31 12.52 12.60 12.64 12.51 12.49 12.38 12.28 12.17 12.05 11.90 11.79 11.70 11.62 11.55 11.57 11.53 11.55 11.46 11.40 11.33 11.17 11.09 11.00 10.90 10.82 10.74 10.68 10.64 10.46 10.48 10.51
10.48 10.46 10.45 10.44 10.44 10.49 10.48 10.48 10.47 10.47 10.47 10.48 10.31 10.33 10.37 10.40 10.46 10.50 10.54 10.61 10.69 10.77 10.85 10.92 10.97 11.09 11.12 11.14 11.18 11.05 11.22 11.20 11.17 11.13 11.03 10.98 10.95 10.96 11.07 11.18 11.30 11.42 11.56 11.75 11.87 12.04 12.07 12.16 12.22 12.24 12.25 12.26 12.16 12.08 11.97 11.85 11.72 11.64 11.57 11.50 11.45 11.49 11.43 11.45 11.39 11.34 11.17 11.10 11.01 10.92 10.82 10.73 10.65 10.61 10.55 10.35 10.38 10.43
10.50 10.48 10.48 10.53 10.53 10.53 10.52 10.52 10.51 10.51 10.51 10.52 10.52 10.35 10.38 10.44 10.46 10.48 10.51 10.57 10.66 10.75 10.83 10.90 10.96 11.08 11.12 11.14 11.03 11.01 11.21 11.18 11.15 11.10 10.98 10.91 10.85 10.84 10.94 11.06 11.20 11.32 11.45 11.63 11.74 11.85 11.91 11.98 12.04 12.07 12.04 11.92 11.96 11.88 11.77 11.71 11.62 11.56 11.53 11.50 11.46 11.41 11.43 11.38 11.33 11.16 11.03 10.91 10.94 10.79 10.75 10.66 10.60 10.50 10.42 10.24 10.29 10.35
10.59 10.57 10.57 10.58 10.58 10.57 10.57 10.56 10.56 10.56 10.55 10.56 10.56 10.57 10.40 10.45 10.46 10.48 10.49 10.54 10.64 10.74 10.83 10.91 10.82 10.85 10.87 10.98 11.03 11.00 10.96 11.16 11.12 11.02 10.95 10.86 10.78 10.71 10.84 10.98 11.11 11.23 11.35 11.47 11.62 11.71 11.77 11.83 11.87 11.89 11.86 11.73 11.79 11.71 11.66 11.54 11.44 11.43 11.42 11.40 11.38 11.24 11.19 11.13 11.07 11.11 10.92 10.89 10.82 10.73 10.70 10.64 10.53 10.42 10.30 10.31 10.22 10.40
10.58 10.57 10.57 10.57 10.63 10.62 10.62 10.61 10.60 10.60 10.60 10.60 10.60 10.61 10.65 10.65 10.48 10.50 10.52 10.57 10.66 10.76 10.85 10.77 10.82 10.86 10.90 10.91 11.01 11.02 10.99 11.17 11.12 11.00 10.95 10.86 10.78 10.73 10.82 10.94 11.06 11.14 11.27 11.42 11.51 11.59 11.64 11.69 11.72 11.74 11.70 11.50 11.57 11.50 11.54 11.44 11.37 11.35 11.34 11.33 11.21 11.17 11.12 10.99 10.93 11.02 10.85 10.86 10.77 10.73 10.65 10.61 10.50 10.40 10.31 10.24 10.31 10.37
10.66 10.64 10.64 10.63 10.62 10.61 10.60 10.66 10.65 10.64 10.64 10.64 10.64 10.65 10.69 10.69 10.70 10.54 10.58 10.63 10.71 10.65 10.73 10.80 10.90 10.94 10.93 11.08 11.04 11.02 11.02 11.16 11.08 11.01 10.95 10.89 10.82 10.79 10.87 10.94 11.00 11.09 11.20 11.28 11.42 11.49 11.52 11.57 11.60 11.57 11.57 11.51 11.44 11.38 11.46 11.38 11.33 11.30 11.28 11.17 11.14 11.11 11.13 11.08 11.03 11.04 10.88 10.82 10.75 10.70 10.62 10.56 10.27 10.21 10.17 10.29 10.33 10.37
10.75 10.73 10.71 10.70 10.68 10.67 10.66 10.64 10.63 10.62 10.62 10.68 10.69 10.73 10.73 10.74 10.75 10.78 10.63 10.69 10.62 10.69 10.76 10.83 10.93 10.98 11.10 11.12 11.08 11.06 11.03 11.20 11.14 11.04 10.98 10.86 10.82 10.80 10.81 10.85 10.98 11.05 11.15 11.21 11.34 11.40 11.41 11.45 11.47 11.53 11.42 11.40 11.29 11.24 11.19 11.33 11.29 11.17 11.14 11.11 11.09 11.12 11.07 11.03 10.98 10.99 10.94 10.79 10.76 10.68 10.63 10.56 10.49 10.24 10.31 10.31 10.41 10.32
10.84 10.81 10.79 10.77 10.75 10.73 10.71 10.69 10.68 10.66 10.66 10.66 10.76 10.70 10.78 10.79 10.81 10.84 10.88 10.78 10.66 10.73 10.80 10.88 10.95 10.97 11.01 11.18 11.12 11.12 11.05 11.24 11.18 11.08 11.01 10.93 10.82 10.80 10.82 10.84 10.90 10.95 11.11 11.24 11.29 11.32 11.37 11.42 11.44 11.45 11.45 11.33 11.19 11.16 11.12 11.08 10.97 11.13 11.09 11.07 11.04 11.06 11.03 10.99 11.00 10.96 10.92 10.86 10.74 10.68 10.62 10.56 10.30 10.31 10.27 10.27 10.24 10.28
10.93 10.90 10.87 10.85 10.82 10.79 10.76 10.74 10.72 10.70 10.69 10.69 10.73 10.74 10.75 10.77 10.80 10.80 10.78 10.83 10.89 10.70 10.77 10.85 10.96 11.03 11.09 11.12 11.21 11.21 11.12 11.05 10.97 11.12 11.02 11.00 10.95 10.82 10.88 10.89 10.92 10.96 11.04 11.09 11.17 11.25 11.32 11.35 11.36 11.33 11.37 11.29 11.15 11.12 11.11 10.95 10.91 10.88 10.92 10.92 10.85 11.00 10.96 10.93 10.89 10.89 10.75 10.70 10.65 10.60 10.61 10.26 10.23 10.21 10.30 10.22 10.26 10.27
10.97 10.99 10.96 10.93 10.89 10.86 10.82 10.79 10.76 10.74 10.73 10.72 10.76 10.77 10.79 10.81 10.69 10.73 10.70 10.75 10.81 10.92 10.87 10.97 11.05 11.11 11.17 11.17 11.30 11.25 11.19 11.10 11.05 11.17 11.09 11.03 10.98 10.94 10.89 10.95 10.96 10.99 11.03 11.09 11.10 11.13 11.16 11.19 11.24 11.30 11.30 11.23 11.21 11.07 10.96 10.83 10.80 10.77 10.70 10.86 10.81 10.86 10.82 10.81 10.77 10.73 10.72 10.68 10.64 10.38 10.33 10.31 10.28 10.20 10.30 10.30 10.32 10.35
11.06 11.03 11.00 11.01 10.97 10.93 10.88 10.84 10.80 10.77 10.75 10.77 10.79 10.73 10.72 10.64 10.67 10.69 10.73 10.79 10.85 10.92 10.88 10.98 11.06 11.17 11.21 11.39 11.40 11.38 11.29 11.19 11.08 10.98 11.10 11.02 10.95 10.91 10.95 10.93 10.93 10.95 10.98 10.98 11.04 11.08 11.13 11.12 11.14 11.23 11.08 11.07 11.04 10.84 10.82 10.79 10.77 10.74 10.77 10.85 10.77 10.74 10.84 10.78 10.77 10.73 10.69 10.65 10.41 10.39 10.24 10.21 10.20 10.18 10.32 10.32 10.34 10.36
11.16 11.13 11.10 11.06 11.01 11.00 10.94 10.89 10.77 10.73 10.80 10.74 10.75 10.64 10.65 10.67 10.68 10.72 10.76 10.81 10.87 10.94 11.02 11.00 11.08 11.19 11.32 11.41 11.53 11.46 11.35 11.22 11.14 10.99 10.92 10.82 10.75 10.88 10.85 10.84 10.82 10.84 10.86 10.93 10.97 11.00 11.07 11.10 11.11 11.06 11.05 11.05 10.98 10.78 10.76 10.73 10.72 10.70 10.67 10.81 10.74 10.84 10.81 10.78 10.75 10.71 10.68 10.64 10.25 10.27 10.24 10.22 10.21 10.20 10.33 10.35 10.36 10.38
11.26 11.23 11.19 11.15 11.10 11.04 10.98 10.88 10.81 10.76 10.76 10.77 10.66 10.65 10.66 10.68 10.70 10.73 10.77 10.82 10.88 10.95 11.02 10.98 11.09 11.21 11.36 11.49 11.65 11.53 11.37 11.26 11.13 11.01 10.89 10.79 10.71 10.66 10.80 10.79 10.79 10.78 10.80 10.87 10.90 10.94 11.02 11.04 11.05 10.99 10.99 10.98 10.92 10.72 10.70 10.68 10.68 10.65 10.63 10.78 10.81 10.81 10.78 10.75 10.73 10.70 10.31 10.29 10.26 10.24 10.25 10.19 10.18 10.21 10.21 10.36 10.35 10.37
11.31 11.25 11.21 11.16 11.11 11.04 10.97 11.01 10.93 10.86 10.78 10.69 10.68 10.68 10.69 10.70 10.72 10.74 10.78 10.82 10.88 10.94 11.00 10.96 11.07 11.19 11.33 11.46 11.56 11.43 11.26 11.22 11.08 10.96 10.83 10.74 10.66 10.60 10.74 10.72 10.73 10.74 10.78 10.80 10.84 10.87 10.91 10.93 10.93 10.93 10.92 10.92 10.72 10.67 10.65 10.63 10.63 10.61 10.72 10.70 10.85 10.78 10.75 10.73 10.71 10.33 10.31 10.29 10.27 10.25 10.22 10.20 10.18 10.23 10.22 10.23 10.36 10.38
11.42 11.30 11.26 11.21 11.15 11.08 11.11 11.04 10.96 10.86 10.74 10.74 10.73 10.70 10.70 10.71 10.72 10.74 10.77 10.81 10.86 10.91 10.97 11.10 11.04 11.14 11.24 11.32 11.37 11.29 11.16 11.13 11.01 10.87 10.76 10.66 10.59 10.53 10.66 10.64 10.65 10.67 10.70 10.73 10.76 10.80 10.83 10.85 10.86 10.86 10.86 10.86 10.66 10.65 10.60 10.58 10.55 10.57 10.67 10.68 10.77 10.75 10.73 10.71 10.35 10.33 10.32 10.30 10.24 10.22 10.19 10.26 10.24 10.23 10.17 10.24 10.27 10.30
11.45 11.42 11.38 11.32 11.25 11.17 11.19 11.07 10.99 10.93 10.88 10.78 10.76 10.74 10.73 10.71 10.72 10.74 10.76 10.79 10.82 10.87 10.98 11.04 10.96 11.04 11.11 11.15 11.19 11.25 11.15 11.08 10.78 10.77 10.66 10.57 10.50 10.45 10.56 10.55 10.56 10.61 10.58 10.61 10.69 10.66 10.76 10.77 10.79 10.79 10.80 10.69 10.58 10.57 10.57 10.51 10.51 10.50 10.60 10.64 10.64 10.72 10.48 10.35 10.35 10.34 10.33 10.28 10.26 10.23 10.21 10.26 10.24 10.23 10.17 10.19 10.27 10.31
11.59 11.55 11.50 11.43 11.35 11.37 11.23 11.14 11.06 10.90 10.84 10.79 10.76 10.76 10.74 10.73 10.67 10.67 10.74 10.75 10.78 10.82 10.86 10.96 10.87 11.06 11.10 11.12 11.02 11.10 11.12 11.01 10.82 10.71 10.61 10.47 10.39 10.33 10.30 10.28 10.52 10.55 10.56 10.58 10.62 10.58 10.62 10.70 10.72 10.73 10.73 10.73 10.52 10.52 10.51 10.41 10.47 10.57 10.56 10.35 10.35 10.47 10.38 10.38 10.37 10.37 10.31 10.29 10.28 10.25 10.29 10.26 10.23 10.22 10.16 10.18 10.26 10.31
11.73 11.69 11.63 11.50 11.41 11.41 11.21 11.12 11.03 10.95 10.88 10.82 10.78 10.74 10.74 10.66 10.65 10.65 10.65 10.67 10.69 10.76 10.92 10.86 10.92 10.95 10.98 11.08 10.98 11.06 10.98 10.85 10.74 10.61 10.51 10.37 10.25 10.20 10.17 10.31 10.19 10.22 10.28 10.32 10.54 10.58 10.54 10.63 10.65 10.67 10.67 10.73 10.39 10.39 10.38 10.38 10.14 10.21 10.21 10.22 10.34 10.37 10.37 10.38 10.38 10.38 10.32 10.31 10.30 10.22 10.25 10.21 10.18 10.11 10.11 10.13 10.17 10.22
11.96 11.91 11.95 11.84 11.72 11.60 11.46 11.17 11.07 10.98 10.91 10.84 10.79 10.74 10.82 10.66 10.65 10.76 10.67 10.74 10.76 10.80 10.83 10.89 10.86 10.89 10.88 10.85 10.91 10.81 10.81 10.72 10.55 10.46 10.35 10.25 10.17 10.07 10.04 10.05 10.08 10.12 10.08 10.25 10.30 10.20 10.25 10.28 10.29 10.30 10.27 10.07 10.07 10.35 10.07 10.07 10.13 10.13 10.17 10.18 10.20 10.25 10.30 10.32 10.32 10.33 10.28 10.28 10.28 10.22 10.16 10.22 10.17 10.09 10.07 10.05 10.15 10.22
12.13 12.19 12.08 11.95 11.81 11.67 11.52 11.40 11.18 11.08 10.99 10.92 10.86 10.80 10.76 10.71 10.68 10.64 10.63 10.73 10.77 10.84 10.86 10.85 10.87 10.72 10.75 10.74 10.75 10.69 10.62 10.58 10.47 10.34 10.23 10.12 10.03 9.97 9.96 9.93 9.98 10.04 10.12 10.18 10.24 10.15 10.19 10.23 10.24 10.26 10.26 10.14 10.04 10.04 10.05 10.08 10.16 10.17 10.15 10.17 10.19 10.21 10.27 10.32 10.34 10.34 10.31 10.32 10.29 10.27 10.20 10.13 10.11 10.05 10.02 9.99 10.07 10.18
12.49 12.41 12.26 12.10 11.94 11.79 11.64 11.51 11.20 11.10 11.00 10.92 10.86 10.76 10.74 10.69 10.65 10.71 10.68 10.67 10.68 10.72 10.73 10.78 10.78 10.64 10.63 10.64 10.64 10.59 10.49 10.47 10.35 10.24 10.12 10.00 9.88 9.81 9.81 9.86 9.88 9.96 10.06 10.13 10.19 10.11 10.15 10.12 10.21 10.22 10.11 10.11 10.02 10.02 10.06 10.05 10.05 10.14 10.15 10.15 10.18 10.20 10.26 10.35 10.35 10.36 10.32 10.33 10.34 10.28 10.23 10.13 10.09 9.99 9.92 9.91 10.01 10.16
12.67 12.55 12.35 12.16 11.98 11.82 11.66 11.53 11.40 11.21 11.00 10.88 10.81 10.75 10.81 10.76 10.71 10.69 10.63 10.61 10.64 10.66 10.67 10.68 10.68 10.56 10.54 10.52 10.56 10.48 10.41 10.34 10.24 10.15 10.03 9.89 9.75 9.64 9.66 9.75 9.85 9.90 10.01 10.09 10.16 10.06 10.12 10.10 10.18 10.08 10.09 10.09 10.05 10.05 10.03 10.02 10.02 10.10 10.12 10.20 10.24 10.26 10.25 10.36 10.38 10.37 10.35 10.32 10.34 10.35 10.31 10.17 10.01 9.92 9.80 9.79 9.95 10.17
12.76 12.59 12.38 12.17 11.99 11.82 11.66 11.44 11.31 11.20 11.10 10.99 11.05 10.98 10.92 10.73 10.70 10.65 10.61 10.58 10.59 10.61 10.62 10.62 10.61 10.48 10.46 10.43 10.46 10.38 10.35 10.27 10.17 10.10 9.97 9.82 9.67 9.53 9.58 9.70 9.81 9.91 9.93 10.01 10.08 10.05 10.05 9.96 10.05 10.07 10.12 10.12 10.04 10.02 10.01 10.00 10.00 10.02 10.10 10.18 10.22 10.25 10.31 10.34 10.38 10.34 10.31 10.34 10.36 10.39 10.36 10.19 10.01 9.81 9.72 9.75 9.92 10.13
12.60 12.49 12.32 12.13 11.96 11.79 11.55 11.41 11.29 11.29 11.20 11.11 11.03 10.96 10.90 10.84 10.68 10.64 10.61 10.59 10.57 10.58 10.58 10.57 10.44 10.42 10.40 10.46 10.40 10.37 10.30 10.23 10.13 10.03 9.94 9.82 9.69 9.61 9.63 9.71 9.81 9.90 9.96 10.00 10.07 10.13 10.05 10.14 10.05 10.11 10.11 10.11 10.11 10.01 10.00 9.99 10.00 10.01 10.07 10.20 10.20 10.22 10.25 10.29 10.32 10.31 10.29 10.32 10.35 10.35 10.30 10.18 10.03 9.88 9.83 9.83 9.98 10.13
12.42 12.34 12.21 12.16 12.00 11.84 11.70 11.49 11.37 11.26 11.16 11.08 11.00 10.94 10.88 10.82 10.77 10.65 10.61 10.59 10.58 10.56 10.62 10.61 10.59 10.44 10.42 10.39 10.42 10.32 10.26 10.19 10.11 10.02 9.95 9.85 9.76 9.70 9.71 9.76 9.83 9.89 9.97 10.01 10.08 10.16 10.20 10.23 10.06 10.11 10.11 10.11 10.10 10.01 10.00 9.99 9.99 10.04 10.06 10.18 10.18 10.17 10.19 10.26 10.23 10.27 10.30 10.27 10.30 10.29 10.25 10.16 10.04 9.93 9.84 9.93 9.98 10.06
12.26 12.19 12.09 12.06 11.92 11.70 11.56 11.44 11.32 11.21 11.12 11.04 10.97 10.91 10.85 10.81 10.79 10.64 10.61 10.59 10.58 10.67 10.59 10.58 10.42 10.40 10.38 10.41 10.37 10.29 10.26 10.21 10.11 10.04 9.98 9.90 9.83 9.79 9.78 9.82 9.88 9.93 10.00 10.13 10.12 10.17 10.21 10.24 10.17 10.08 10.13 10.12 10.11 10.02 10.02 10.01 9.99 10.00 10.06 10.08 10.10 10.14 10.16 10.22 10.19 10.22 10.18 10.21 10.22 10.25 10.21 10.15 10.06 9.98 9.94 9.97 9.96 9.99
12.11 12.05 12.09 11.97 11.84 11.62 11.49 11.36 11.25 11.15 11.06 10.99 10.93 10.88 10.83 10.82 10.78 10.75 10.61 10.59 10.58 10.67 10.65 10.55 10.40 10.38 10.47 10.44 10.34 10.29 10.26 10.21 10.16 10.10 10.03 9.96 9.90 9.86 9.85 9.89 9.94 10.00 10.03 10.15 10.22 10.20 10.24 10.16 10.19 10.15 10.14 10.13 10.11 10.10 10.02 10.01 9.98 9.99 10.00 10.06 10.07 10.11 10.13 10.12 10.15 10.18 10.13 10.16 10.18 10.19 10.19 10.15 10.09 10.02 9.98 9.91 9.94 9.91
12.12 12.06 11.97 11.99 11.86 11.73 11.55 11.28 11.17 11.07 10.99 10.93 10.88 10.84 10.92 10.80 10.78 10.75 10.61 10.59 10.70 10.68 10.71 10.68 10.52 10.49 10.45 10.42 10.37 10.34 10.26 10.23 10.23 10.17 10.08 10.02 9.97 9.95 9.93 9.94 9.98 10.05 10.11 10.15 10.21 10.17 10.21 10.20 10.21 10.25 10.16 10.14 10.12 10.10 10.10 10.09 10.11 10.09 10.10 9.98 9.97 9.99 10.01 10.03 10.05 10.13 10.08 10.12 10.15 10.16 10.22 10.20 10.15 10.10 10.02 9.93 9.82 9.82
12.15 12.08 11.99 11.88 11.76 11.64 11.46 11.34 11.22 11.12 10.92 10.87 10.95 10.92 10.90 10.88 10.90 10.88 10.86 10.74 10.72 10.75 10.72 10.56 10.53 10.49 10.46 10.42 10.39 10.35 10.34 10.36 10.29 10.24 10.18 10.09 10.03 10.00 9.98 10.00 10.04 10.09 10.15 10.22 10.15 10.22 10.25 10.26 10.25 10.27 10.18 10.15 10.12 10.09 10.10 10.08 10.09 10.08 10.07 9.95 9.95 9.96 9.97 9.96 10.01 10.03 10.03 10.07 10.12 10.15 10.22 10.22 10.19 10.15 10.07 9.95 9.79 9.72
12.04 11.97 11.88 11.78 11.67 11.55 11.42 11.25 11.13 11.03 10.97 10.91 10.90 10.89 10.92 10.91 10.90 10.89 10.88 10.87 10.74 10.75 10.75 10.56 10.53 10.53 10.47 10.42 10.39 10.37 10.39 10.43 10.41 10.31 10.28 10.18 10.10 10.06 10.04 10.05 10.09 10.05 10.13 10.20 10.26 10.30 10.31 10.32 10.30 10.32 10.26 10.15 10.12 10.09 10.07 10.07 10.07 10.06 10.05 9.93 9.92 9.93 9.93 9.91 9.95 9.98 9.98 10.04 10.09 10.14 10.23 10.24 10.24 10.21 10.14 9.99 9.77 9.62
11.94 11.87 11.79 11.70 11.59 11.47 11.35 11.21 11.04 10.92 10.86 10.85 10.89 10.90 10.90 10.91 10.91 10.91 10.90 10.90 10.94 10.79 10.62 10.61 10.62 10.58 10.51 10.44 10.40 10.44 10.51 10.54 10.54 10.45 10.38 10.28 10.18 10.13 10.10 10.03 10.07 10.12 10.20 10.26 10.32 10.39 10.37 10.39 10.39 10.34 10.20 10.15 10.11 10.08 10.05 10.05 10.05 9.95 9.95 9.91 9.95 9.90 9.99 9.87 9.99 9.92 9.93 10.00 10.07 10.13 10.24 10.26 10.28 10.28 10.24 10.06 9.83 9.52
11.74 11.79 11.71 11.62 11.52 11.41 11.29 11.16 11.01 10.87 10.82 10.85 10.88 10.89 10.91 10.92 10.92 10.93 10.93 10.93 10.99 10.82 10.69 10.69 10.71 10.67 10.60 10.51 10.45 10.55 10.65 10.70 10.72 10.63 10.54 10.43 10.22 10.19 10.08 10.12 10.17 10.21 10.27 10.32 10.38 10.44 10.44 10.43 10.41 10.34 10.20 10.14 10.09 10.06 10.03 10.00 9.94 9.93 10.07 10.06 9.94 9.94 9.97 9.98 9.96 9.86 9.95 10.03 10.06 10.13 10.24 10.27 10.29 10.31 10.33 10.17 9.81 9.45
11.83 11.76 11.69 11.60 11.51 11.41 11.30 11.18 11.06 10.95 10.90 10.92 10.94 10.91 10.92 10.93 10.95 10.96 10.97 10.98 10.86 10.94 10.94 10.94 10.78 10.76 10.77 10.72 10.70 10.67 10.75 10.81 10.83 10.80 10.72 10.60 10.47 10.40 10.30 10.30 10.29 10.30 10.32 10.34 10.38 10.41 10.43 10.40 10.37 10.28 10.21 10.06 10.05 10.02 9.99 10.09 10.15 10.07 10.05 10.04 9.93 9.93 9.91 9.90 9.97 9.97 9.97 10.04 10.07 10.13 10.19 10.22 10.24 10.24 10.26 10.03 9.70 9.36
11.76 11.70 11.63 11.56 11.48 11.39 11.29 11.20 11.10 11.03 10.99 10.97 10.98 11.00 11.01 11.02 11.04 10.88 10.89 11.06 10.93 11.02 11.05 11.07 10.93 10.95 10.86 10.88 10.91 10.98 11.04 11.08 11.09 11.05 10.97 10.86 10.73 10.67 10.53 10.49 10.46 10.42 10.41 10.41 10.41 10.41 10.34 10.30 10.28 10.24 10.18 10.03 10.00 9.96 10.14 10.06 10.12 10.12 10.03 10.03 9.92 9.93 9.92 9.93 10.01 10.03 10.01 10.06 10.11 10.19 10.21 10.18 10.17 10.22 10.12 9.90 9.65 9.36
