data/EU espacial/U15032017.grd
DSAA
94	94
0.0000	100.0000
0.0000	100.0000
6.1177	16.7843
[rows 0 to 34 of 94, columns 0 to 76 of 94]
12.03 11.92 11.78 11.65 11.54 11.42 11.31 11.23 11.12 11.01 10.88 10.75 10.60 10.43 10.19 9.97 9.73 9.41 9.11 9.06 9.37 9.73 9.99 10.20 10.37 10.51 10.61 10.67 10.72 10.52 10.54 10.55 10.56 10.55 10.59 10.57 10.55 10.45 10.41 10.35 10.28 10.21 10.18 10.10 10.02 9.93 10.03 9.92 9.79 9.62 9.60 9.36 9.08 8.76 8.23 7.84 7.62 7.85 8.09 8.23 8.42 8.61 8.78 9.11 9.28 9.45 9.58 9.72 9.85 9.88 10.00 10.17 10.26 10.36 10.44 10.48 10.47
11.94 11.88 11.76 11.65 11.54 11.43 11.33 11.23 11.12 11.04 10.92 10.79 10.64 10.48 10.25 10.06 9.84 9.57 9.37 9.35 9.56 9.87 10.10 10.31 10.47 10.60 10.69 10.74 10.79 10.82 10.61 10.61 10.61 10.60 10.62 10.60 10.57 10.46 10.43 10.37 10.30 10.23 10.19 10.12 10.04 9.95 10.04 9.92 9.80 9.80 9.60 9.36 9.08 8.76 8.26 7.94 7.78 7.88 8.07 8.17 8.34 8.52 8.70 9.02 9.21 9.27 9.53 9.69 9.83 9.87 9.99 10.16 10.26 10.34 10.42 10.50 10.51
11.82 11.78 11.71 11.62 11.53 11.44 11.35 11.25 11.15 11.05 10.96 10.84 10.71 10.56 10.36 10.19 10.02 9.86 9.73 9.73 9.86 10.09 10.29 10.46 10.61 10.72 10.76 10.83 10.87 10.88 10.68 10.67 10.66 10.69 10.66 10.63 10.59 10.46 10.43 10.38 10.32 10.25 10.21 10.14 10.06 10.17 10.06 9.95 9.91 9.82 9.63 9.40 9.14 8.79 8.50 8.16 8.01 8.01 8.05 8.14 8.28 8.44 8.62 8.94 9.04 9.23 9.41 9.66 9.73 9.87 9.99 10.15 10.24 10.32 10.44 10.48 10.50
11.71 11.69 11.65 11.58 11.51 11.44 11.36 11.28 11.19 11.10 11.00 10.88 10.79 10.66 10.49 10.37 10.25 10.15 10.08 10.10 10.23 10.37 10.52 10.67 10.78 10.84 10.90 10.94 10.97 10.95 10.93 10.75 10.72 10.73 10.70 10.66 10.62 10.58 10.44 10.39 10.33 10.27 10.23 10.17 10.27 10.19 10.09 9.99 10.02 9.88 9.69 9.49 9.25 8.93 8.67 8.36 8.20 8.09 8.09 8.14 8.22 8.36 8.54 8.76 8.98 9.19 9.39 9.57 9.73 9.87 9.99 10.15 10.23 10.37 10.42 10.46 10.49
11.62 11.61 11.58 11.54 11.49 11.43 11.37 11.31 11.24 11.15 11.06 10.96 10.86 10.77 10.64 10.55 10.48 10.44 10.40 10.44 10.56 10.67 10.79 10.90 10.96 11.02 11.05 11.07 11.08 11.04 11.01 10.98 10.99 10.78 10.74 10.69 10.65 10.60 10.45 10.40 10.35 10.29 10.26 10.36 10.29 10.22 10.14 10.07 10.07 9.95 9.79 9.60 9.33 9.10 8.85 8.62 8.36 8.19 8.12 8.10 8.16 8.26 8.46 8.68 8.92 9.16 9.38 9.57 9.74 9.88 10.00 10.10 10.23 10.36 10.42 10.45 10.36
11.54 11.54 11.52 11.50 11.47 11.43 11.39 11.34 11.29 11.22 11.14 11.05 10.96 10.87 10.80 10.73 10.71 10.71 10.73 10.80 10.88 10.97 11.07 11.12 11.19 11.22 11.22 11.21 11.21 11.14 11.09 11.04 10.99 10.83 10.78 10.72 10.67 10.64 10.47 10.42 10.37 10.31 10.42 10.38 10.31 10.25 10.18 10.22 10.14 10.04 9.91 9.70 9.50 9.27 9.03 8.79 8.48 8.26 8.11 8.03 8.04 8.14 8.34 8.59 8.88 9.15 9.39 9.60 9.77 9.91 10.02 10.12 10.19 10.37 10.41 10.33 10.35
11.47 11.47 11.47 11.46 11.45 11.43 11.41 11.38 11.34 11.29 11.22 11.14 11.05 10.98 10.93 10.91 10.91 10.96 11.02 11.10 11.19 11.28 11.34 11.40 11.43 11.43 11.40 11.36 11.30 11.24 11.18 11.11 11.09 11.03 10.81 10.75 10.70 10.67 10.49 10.44 10.39 10.49 10.45 10.40 10.34 10.28 10.28 10.26 10.21 10.15 10.06 9.88 9.70 9.47 9.22 8.94 8.58 8.31 8.08 7.91 7.87 7.97 8.18 8.50 8.85 9.17 9.44 9.66 9.83 9.96 10.06 10.14 10.20 10.38 10.30 10.33 10.35
11.45 11.41 11.42 11.43 11.43 11.43 11.43 11.43 11.41 11.38 11.32 11.23 11.15 11.07 11.04 11.05 11.11 11.19 11.29 11.41 11.48 11.55 11.63 11.68 11.69 11.65 11.58 11.51 11.43 11.34 11.25 11.17 11.13 11.06 10.97 10.78 10.72 10.69 10.66 10.46 10.57 10.52 10.48 10.43 10.37 10.36 10.30 10.30 10.29 10.27 10.19 10.09 9.93 9.69 9.41 9.11 8.76 8.37 8.03 7.76 7.61 7.71 8.02 8.43 8.87 9.25 9.54 9.75 9.94 10.06 10.11 10.26 10.32 10.28 10.31 10.33 10.35
11.39 11.36 11.38 11.40 11.42 11.44 11.46 11.47 11.49 11.48 11.42 11.33 11.23 11.15 11.12 11.17 11.27 11.41 11.56 11.68 11.74 11.82 11.91 11.98 11.94 11.85 11.74 11.64 11.54 11.43 11.32 11.20 11.11 11.09 10.99 10.93 10.77 10.71 10.68 10.64 10.59 10.56 10.51 10.53 10.41 10.38 10.32 10.34 10.38 10.39 10.40 10.35 10.18 9.93 9.61 9.28 8.92 8.50 8.05 7.59 7.28 7.38 7.84 8.40 8.95 9.40 9.69 9.90 10.04 10.14 10.25 10.31 10.36 10.30 10.33 10.35 10.36
11.33 11.35 11.33 11.36 11.40 11.44 11.47 11.51 11.55 11.59 11.52 11.41 11.31 11.21 11.17 11.27 11.42 11.59 11.78 11.91 11.96 12.03 12.14 12.26 12.16 12.00 11.85 11.74 11.63 11.49 11.36 11.23 11.13 11.12 11.05 10.94 10.95 10.73 10.70 10.66 10.62 10.67 10.62 10.57 10.51 10.43 10.35 10.38 10.48 10.56 10.63 10.65 10.46 10.17 9.85 9.51 9.13 8.66 8.14 7.54 6.96 7.08 7.80 8.49 9.11 9.64 9.90 10.04 10.15 10.23 10.32 10.37 10.40 10.34 10.35 10.36 10.37
11.26 11.29 11.33 11.33 11.38 11.43 11.48 11.53 11.58 11.62 11.57 11.49 11.40 11.32 11.30 11.40 11.54 11.71 11.89 12.02 12.08 12.14 12.23 12.30 12.21 12.05 11.90 11.77 11.63 11.50 11.37 11.24 11.14 11.12 11.05 10.94 10.95 11.02 10.82 10.78 10.73 10.70 10.67 10.63 10.59 10.53 10.49 10.51 10.62 10.73 10.80 10.82 10.66 10.40 10.09 9.76 9.38 8.92 8.41 7.85 7.37 7.47 8.07 8.71 9.30 9.78 10.04 10.18 10.27 10.33 10.44 10.48 10.43 10.37 10.38 10.38 10.38
11.19 11.23 11.28 11.29 11.35 11.42 11.48 11.54 11.59 11.61 11.59 11.54 11.48 11.45 11.46 11.53 11.65 11.80 11.94 12.06 12.13 12.18 12.22 12.22 12.15 12.02 11.88 11.75 11.59 11.48 11.32 11.22 11.12 11.10 11.03 11.03 10.94 11.00 10.97 10.79 10.76 10.74 10.73 10.71 10.65 10.65 10.67 10.73 10.82 10.91 10.96 10.95 10.83 10.61 10.35 10.04 9.68 9.28 8.85 8.45 8.18 8.24 8.60 9.07 9.53 9.91 10.16 10.31 10.39 10.50 10.53 10.55 10.48 10.41 10.40 10.40 10.39
11.12 11.16 11.22 11.29 11.33 11.41 11.48 11.55 11.60 11.63 11.62 11.60 11.57 11.55 11.57 11.64 11.75 11.87 12.00 12.09 12.15 12.18 12.18 12.15 12.07 11.95 11.82 11.69 11.53 11.41 11.28 11.17 11.09 11.07 11.06 11.00 11.01 10.98 10.95 10.99 10.87 10.78 10.79 10.80 10.77 10.80 10.85 10.93 11.02 11.10 11.15 11.14 11.03 10.86 10.63 10.36 10.05 9.70 9.37 9.09 8.94 8.97 9.19 9.51 9.85 10.14 10.35 10.47 10.54 10.62 10.63 10.62 10.54 10.52 10.43 10.41 10.40
11.06 11.11 11.17 11.26 11.33 11.43 11.49 11.57 11.63 11.66 11.67 11.65 11.63 11.62 11.66 11.73 11.82 11.94 12.05 12.13 12.17 12.17 12.15 12.09 12.00 11.87 11.74 11.61 11.46 11.34 11.23 11.12 11.05 11.03 11.02 10.96 10.97 10.94 10.98 10.98 10.88 10.82 10.85 10.84 10.89 10.95 11.03 11.13 11.24 11.33 11.37 11.37 11.29 11.15 10.95 10.71 10.44 10.16 9.90 9.70 9.61 9.64 9.77 9.99 10.23 10.44 10.59 10.68 10.76 10.76 10.74 10.70 10.60 10.55 10.46 10.43 10.41
10.95 11.01 11.10 11.20 11.31 11.40 11.51 11.61 11.68 11.72 11.73 11.71 11.68 11.68 11.71 11.78 11.89 12.00 12.12 12.18 12.21 12.18 12.12 12.03 11.92 11.80 11.66 11.53 11.38 11.27 11.16 11.06 10.98 11.08 11.02 10.99 10.95 10.90 10.97 10.98 10.98 11.01 10.98 10.93 11.00 11.09 11.20 11.33 11.46 11.56 11.64 11.66 11.61 11.48 11.30 11.09 10.85 10.62 10.41 10.26 10.20 10.22 10.34 10.47 10.65 10.79 10.89 10.93 10.96 10.91 10.85 10.78 10.71 10.60 10.51 10.53 10.51
10.83 10.90 11.01 11.14 11.28 11.42 11.54 11.66 11.75 11.81 11.81 11.76 11.72 11.70 11.73 11.81 11.94 12.09 12.20 12.26 12.26 12.20 12.10 11.98 11.85 11.72 11.58 11.44 11.32 11.18 11.09 11.00 11.02 11.01 10.95 11.00 10.96 10.93 10.89 10.93 10.94 11.01 11.06 11.01 11.11 11.22 11.36 11.49 11.67 11.84 11.96 12.01 11.97 11.85 11.69 11.48 11.26 11.05 10.87 10.76 10.71 10.74 10.84 10.97 11.12 11.23 11.29 11.27 11.17 11.08 10.97 10.86 10.78 10.69 10.62 10.52 10.50
10.69 10.77 10.91 11.07 11.25 11.42 11.59 11.72 11.85 11.92 11.91 11.83 11.74 11.69 11.70 11.80 11.97 12.17 12.32 12.38 12.34 12.23 12.09 11.94 11.79 11.63 11.49 11.35 11.22 11.10 11.02 11.03 10.97 10.95 10.90 10.93 10.87 10.84 10.83 10.89 10.95 11.04 11.12 11.16 11.22 11.35 11.46 11.68 11.91 12.14 12.32 12.41 12.38 12.25 12.07 11.85 11.64 11.44 11.29 11.19 11.16 11.19 11.28 11.42 11.55 11.64 11.64 11.56 11.39 11.24 11.08 10.99 10.81 10.69 10.59 10.54 10.48
10.52 10.63 10.81 11.01 11.22 11.42 11.62 11.79 11.96 12.07 12.02 11.90 11.75 11.62 11.61 11.75 11.98 12.25 12.47 12.54 12.45 12.27 12.08 11.89 11.72 11.55 11.39 11.24 11.14 11.04 10.99 10.98 10.97 10.91 10.85 10.86 10.78 10.74 10.75 10.86 10.96 11.09 11.19 11.25 11.37 11.46 11.64 11.85 12.15 12.45 12.72 12.88 12.84 12.66 12.43 12.20 11.98 11.79 11.63 11.54 11.53 11.56 11.66 11.81 11.98 12.08 12.03 11.89 11.70 11.43 11.24 11.05 10.84 10.67 10.55 10.50 10.46
10.32 10.50 10.74 10.97 11.20 11.42 11.68 11.89 12.10 12.25 12.18 11.96 11.74 11.54 11.45 11.66 11.97 12.31 12.64 12.74 12.53 12.29 12.06 11.84 11.66 11.50 11.33 11.16 11.02 10.99 11.00 10.95 10.95 10.90 10.84 10.83 10.68 10.62 10.67 10.86 11.00 11.14 11.28 11.36 11.46 11.59 11.75 12.00 12.37 12.77 13.14 13.41 13.30 13.02 12.75 12.50 12.27 12.05 11.89 11.81 11.80 11.84 11.93 12.11 12.33 12.52 12.36 12.11 11.85 11.54 11.32 11.10 10.87 10.67 10.49 10.44 10.46
10.33 10.52 10.78 11.03 11.26 11.48 11.68 11.90 12.12 12.31 12.22 11.98 11.74 11.52 11.40 11.63 11.95 12.29 12.63 12.73 12.49 12.24 12.00 11.78 11.61 11.46 11.30 11.13 10.98 11.02 11.00 10.95 10.94 10.89 10.82 10.81 10.70 10.62 10.71 10.90 11.04 11.19 11.37 11.47 11.61 11.77 11.94 12.21 12.61 13.01 13.40 13.71 13.57 13.27 12.97 12.71 12.47 12.23 12.05 11.96 11.95 11.98 12.06 12.22 12.47 12.69 12.51 12.20 11.93 11.67 11.44 11.22 10.92 10.71 10.52 10.48 10.54
10.54 10.65 10.85 11.06 11.27 11.48 11.68 11.85 12.02 12.13 12.09 11.94 11.76 11.60 11.56 11.68 11.90 12.15 12.37 12.43 12.31 12.12 11.93 11.75 11.59 11.45 11.31 11.17 11.06 11.04 11.02 10.98 10.97 10.93 10.95 10.89 10.82 10.82 10.90 11.02 11.15 11.32 11.49 11.62 11.80 11.94 12.17 12.49 12.84 13.19 13.50 13.67 13.61 13.38 13.10 12.82 12.55 12.31 12.11 11.99 11.94 11.96 12.03 12.17 12.33 12.43 12.35 12.15 11.92 11.69 11.48 11.28 10.99 10.81 10.67 10.62 10.66
10.73 10.81 10.95 11.12 11.30 11.48 11.65 11.78 11.91 11.98 11.97 11.88 11.77 11.67 11.64 11.70 11.83 11.99 12.10 12.14 12.08 11.96 11.83 11.69 11.57 11.45 11.34 11.24 11.13 11.11 11.09 11.04 11.02 10.99 11.04 10.99 10.97 11.01 11.04 11.17 11.29 11.46 11.64 11.77 11.98 12.15 12.41 12.72 13.07 13.36 13.59 13.69 13.63 13.44 13.18 12.88 12.58 12.30 12.08 11.92 11.84 11.83 11.89 11.99 12.10 12.16 12.16 12.05 11.87 11.70 11.50 11.33 11.06 10.92 10.82 10.77 10.78
10.88 10.95 11.06 11.19 11.34 11.49 11.59 11.72 11.82 11.88 11.88 11.83 11.76 11.70 11.67 11.69 11.74 11.81 11.86 11.88 11.85 11.79 11.71 11.63 11.54 11.46 11.38 11.28 11.20 11.20 11.17 11.14 11.07 11.15 11.13 11.11 11.12 11.17 11.20 11.32 11.42 11.59 11.78 11.93 12.17 12.42 12.69 12.96 13.30 13.56 13.74 13.80 13.72 13.52 13.23 12.89 12.55 12.23 11.96 11.76 11.65 11.62 11.66 11.75 11.85 11.91 11.96 11.91 11.79 11.67 11.54 11.40 11.22 11.02 10.94 10.91 10.91
11.01 11.07 11.15 11.25 11.38 11.45 11.57 11.68 11.75 11.80 11.81 11.79 11.75 11.71 11.67 11.64 11.63 11.64 11.64 11.64 11.64 11.61 11.59 11.56 11.52 11.47 11.40 11.34 11.33 11.28 11.24 11.21 11.18 11.22 11.21 11.22 11.24 11.29 11.35 11.46 11.55 11.75 11.88 12.09 12.34 12.62 12.91 13.25 13.54 13.80 13.96 14.00 13.89 13.64 13.29 12.90 12.49 12.11 11.77 11.53 11.38 11.33 11.38 11.48 11.59 11.68 11.76 11.78 11.71 11.63 11.54 11.44 11.28 11.14 11.03 11.02 11.02
11.12 11.17 11.23 11.32 11.39 11.48 11.55 11.64 11.70 11.75 11.77 11.77 11.75 11.71 11.65 11.58 11.51 11.45 11.42 11.41 11.41 11.45 11.48 11.50 11.51 11.48 11.45 11.40 11.40 11.36 11.32 11.28 11.34 11.37 11.32 11.33 11.31 11.35 11.40 11.51 11.70 11.88 12.02 12.22 12.49 12.79 13.12 13.48 13.81 14.09 14.27 14.30 14.14 13.82 13.38 12.90 12.40 11.93 11.53 11.22 11.03 10.97 11.04 11.18 11.35 11.52 11.62 11.66 11.64 11.60 11.54 11.47 11.35 11.30 11.28 11.15 11.12
11.22 11.25 11.30 11.34 11.42 11.50 11.57 11.64 11.67 11.72 11.75 11.76 11.75 11.72 11.64 11.53 11.40 11.26 11.18 11.16 11.20 11.29 11.38 11.46 11.50 11.51 11.50 11.47 11.47 11.43 11.38 11.34 11.41 11.45 11.40 11.41 11.39 11.43 11.52 11.60 11.80 11.90 12.12 12.37 12.62 12.94 13.30 13.70 14.08 14.43 14.67 14.71 14.50 14.06 13.49 12.89 12.28 11.72 11.23 10.84 10.59 10.54 10.66 10.89 11.13 11.37 11.51 11.58 11.45 11.57 11.53 11.49 11.39 11.35 11.36 11.25 11.26
11.29 11.32 11.33 11.39 11.45 11.51 11.57 11.62 11.67 11.70 11.73 11.76 11.77 11.75 11.66 11.50 11.29 11.07 10.91 10.88 10.97 11.14 11.31 11.44 11.52 11.55 11.55 11.53 11.54 11.49 11.44 11.49 11.46 11.50 11.51 11.47 11.44 11.49 11.58 11.68 11.78 11.97 12.19 12.45 12.72 13.06 13.46 13.88 14.33 14.78 15.14 15.25 14.96 14.35 13.61 12.85 12.14 11.49 10.91 10.40 10.07 10.02 10.26 10.61 10.97 11.28 11.46 11.41 11.41 11.38 11.33 11.29 11.25 11.15 11.11 11.31 11.33
11.36 11.35 11.38 11.43 11.48 11.53 11.57 11.62 11.66 11.69 11.73 11.76 11.79 11.80 11.73 11.50 11.21 10.89 10.61 10.55 10.76 11.02 11.26 11.47 11.56 11.58 11.59 11.62 11.61 11.56 11.51 11.46 11.50 11.55 11.56 11.51 11.48 11.53 11.60 11.67 11.79 11.98 12.19 12.50 12.77 13.12 13.53 13.99 14.51 15.07 15.62 15.93 15.48 14.62 13.69 12.79 11.98 11.28 10.63 9.99 9.47 9.45 9.88 10.39 10.87 11.21 11.36 11.37 11.36 11.34 11.30 11.28 11.26 11.17 11.24 11.26 11.29
11.53 11.40 11.43 11.46 11.50 11.54 11.58 11.62 11.65 11.68 11.71 11.75 11.79 11.82 11.79 11.50 11.16 10.80 10.43 10.33 10.65 10.97 11.25 11.50 11.59 11.61 11.62 11.65 11.65 11.59 11.53 11.56 11.53 11.57 11.57 11.52 11.56 11.57 11.55 11.67 11.79 11.98 12.21 12.48 12.77 13.12 13.54 14.00 14.54 15.14 15.81 16.38 15.72 14.69 13.68 12.72 11.82 11.18 10.45 9.74 9.03 9.03 9.62 10.19 10.75 11.22 11.32 11.31 11.30 11.28 11.30 11.30 11.24 11.40 11.26 11.29 11.33
11.57 11.58 11.47 11.49 11.52 11.56 11.59 11.62 11.64 11.66 11.69 11.72 11.74 11.74 11.67 11.45 11.16 10.86 10.61 10.55 10.73 10.98 11.23 11.43 11.54 11.58 11.60 11.63 11.62 11.58 11.52 11.56 11.54 11.57 11.57 11.46 11.50 11.53 11.61 11.73 11.77 11.96 12.18 12.44 12.74 13.10 13.48 13.92 14.42 14.94 15.45 15.69 15.28 14.47 13.59 12.66 11.86 11.16 10.50 9.87 9.38 9.33 9.69 10.15 10.63 10.99 11.15 11.20 11.21 11.22 11.25 11.26 11.31 11.40 11.28 11.31 11.35
11.61 11.60 11.61 11.52 11.55 11.57 11.60 11.62 11.62 11.65 11.67 11.68 11.69 11.66 11.57 11.41 11.20 10.99 10.83 10.79 10.88 11.05 11.23 11.38 11.48 11.54 11.59 11.60 11.59 11.54 11.50 11.55 11.52 11.47 11.49 11.43 11.46 11.49 11.57 11.68 11.79 11.97 12.12 12.37 12.66 13.00 13.36 13.74 14.17 14.56 14.87 14.95 14.67 14.04 13.33 12.62 11.92 11.28 10.69 10.16 9.81 9.73 9.90 10.25 10.58 10.81 10.97 11.06 11.11 11.17 11.20 11.37 11.28 11.36 11.28 11.32 11.37
11.63 11.63 11.64 11.65 11.66 11.68 11.61 11.60 11.62 11.63 11.65 11.65 11.64 11.61 11.53 11.40 11.25 11.09 11.01 10.99 11.02 11.14 11.26 11.37 11.45 11.54 11.56 11.57 11.55 11.51 11.56 11.48 11.44 11.47 11.45 11.37 11.37 11.42 11.50 11.60 11.71 11.89 12.06 12.34 12.60 12.85 13.17 13.53 13.86 14.15 14.22 14.24 14.04 13.64 13.14 12.56 11.96 11.41 10.91 10.44 10.15 10.03 10.12 10.34 10.55 10.69 10.84 10.93 11.10 11.16 11.21 11.32 11.37 11.34 11.39 11.33 11.38
11.65 11.66 11.66 11.67 11.68 11.69 11.70 11.71 11.61 11.62 11.66 11.66 11.62 11.58 11.51 11.42 11.30 11.20 11.14 11.13 11.15 11.22 11.29 11.38 11.44 11.52 11.54 11.54 11.51 11.57 11.54 11.45 11.40 11.41 11.38 11.30 11.28 11.32 11.40 11.51 11.61 11.79 11.99 12.22 12.46 12.72 12.96 13.27 13.40 13.62 13.75 13.73 13.58 13.32 12.93 12.48 11.98 11.53 11.10 10.74 10.41 10.27 10.37 10.44 10.56 10.67 10.83 10.92 11.01 11.08 11.20 11.23 11.29 11.37 11.38 11.37 11.41
11.67 11.68 11.68 11.69 11.70 11.71 11.72 11.72 11.76 11.66 11.66 11.64 11.62 11.58 11.53 11.43 11.36 11.30 11.28 11.26 11.26 11.30 11.35 11.39 11.49 11.52 11.53 11.53 11.46 11.41 11.48 11.43 11.36 11.35 11.27 11.18 11.17 11.19 11.26 11.38 11.48 11.66 11.83 12.08 12.33 12.58 12.80 12.85 13.06 13.23 13.33 13.36 13.24 13.03 12.75 12.45 12.07 11.63 11.25 10.92 10.74 10.57 10.50 10.50 10.55 10.69 10.81 10.90 10.94 11.02 11.08 11.18 11.26 11.34 11.35 11.36 11.42
11.69 11.69 11.70 11.71 11.72 11.73 11.74 11.76 11.76 11.76 11.65 11.64 11.62 11.59 11.55 11.50 11.45 11.41 11.38 11.37 11.37 11.39 11.40 11.42 11.45 11.53 11.53 11.47 11.44 11.51 11.46 11.40 11.30 11.23 11.15 11.01 11.03 11.04 11.11 11.20 11.32 11.50 11.69 11.90 12.17 12.40 12.39 12.59 12.75 12.89 13.00 13.02 12.96 12.86 12.66 12.40 12.09 11.76 11.42 11.12 10.87 10.68 10.57 10.58 10.59 10.64 10.73 10.76 10.84 10.90 10.99 11.11 11.20 11.33 11.34 11.41 11.41
