data/EU espacial/U15032017.grd
DSAA
94	94
0.0000	100.0000
0.0000	100.0000
6.1177	16.7843
[rows 35 to 69 of 94, columns 0 to 76 of 94]
11.71 11.71 11.72 11.73 11.74 11.77 11.77 11.78 11.78 11.77 11.76 11.74 11.63 11.60 11.57 11.54 11.51 11.49 11.47 11.46 11.45 11.46 11.47 11.46 11.47 11.52 11.51 11.49 11.43 11.34 11.43 11.34 11.26 11.17 11.04 10.90 10.83 10.81 10.89 11.03 11.17 11.36 11.55 11.75 11.99 12.18 12.17 12.34 12.50 12.62 12.70 12.73 12.71 12.67 12.55 12.38 12.13 11.83 11.50 11.24 10.99 10.78 10.65 10.52 10.54 10.56 10.59 10.65 10.70 10.79 10.89 11.04 11.10 11.21 11.32 11.40 11.46
11.72 11.72 11.74 11.77 11.78 11.79 11.79 11.79 11.79 11.79 11.78 11.76 11.74 11.62 11.60 11.59 11.57 11.55 11.54 11.54 11.53 11.52 11.53 11.50 11.50 11.54 11.53 11.51 11.43 11.38 11.42 11.34 11.23 11.12 10.97 10.79 10.67 10.61 10.69 10.87 11.04 11.23 11.42 11.61 11.83 12.03 11.94 12.16 12.25 12.35 12.44 12.48 12.53 12.51 12.45 12.37 12.18 11.87 11.53 11.26 11.00 10.79 10.64 10.45 10.40 10.39 10.46 10.49 10.56 10.66 10.81 10.93 11.02 11.16 11.31 11.40 11.46
11.74 11.75 11.77 11.79 11.80 11.81 11.81 11.82 11.81 11.81 11.79 11.78 11.76 11.74 11.63 11.62 11.61 11.61 11.61 11.61 11.59 11.58 11.58 11.57 11.49 11.47 11.45 11.51 11.44 11.37 11.30 11.34 11.23 11.07 10.93 10.73 10.56 10.40 10.53 10.76 10.93 11.13 11.31 11.52 11.68 11.87 12.01 11.89 12.00 12.08 12.16 12.25 12.33 12.33 12.33 12.33 12.23 11.88 11.52 11.22 10.95 10.72 10.55 10.35 10.27 10.23 10.27 10.32 10.44 10.54 10.66 10.80 10.91 11.10 11.27 11.37 11.41
11.76 11.77 11.78 11.79 11.83 11.84 11.84 11.84 11.83 11.83 11.82 11.80 11.79 11.77 11.76 11.74 11.65 11.65 11.65 11.65 11.64 11.63 11.62 11.57 11.53 11.51 11.48 11.44 11.45 11.41 11.34 11.36 11.25 11.09 10.94 10.74 10.58 10.47 10.55 10.73 10.88 11.09 11.25 11.41 11.35 11.48 11.64 11.78 11.82 11.87 11.94 12.04 12.11 12.13 12.13 12.12 12.02 11.72 11.39 11.10 10.83 10.59 10.34 10.19 10.10 10.07 10.10 10.14 10.24 10.35 10.49 10.61 10.79 10.97 11.14 11.26 11.32
11.81 11.81 11.82 11.82 11.83 11.83 11.83 11.86 11.86 11.85 11.84 11.83 11.81 11.80 11.79 11.77 11.76 11.68 11.68 11.68 11.68 11.63 11.62 11.61 11.57 11.56 11.52 11.59 11.49 11.43 11.38 11.37 11.26 11.13 11.00 10.84 10.69 10.62 10.67 10.77 10.90 11.04 11.18 11.13 11.24 11.38 11.48 11.60 11.69 11.77 11.79 11.83 11.86 11.90 11.89 11.83 11.69 11.45 11.16 10.93 10.60 10.35 10.13 9.97 9.87 9.82 9.85 9.99 10.04 10.17 10.32 10.43 10.62 10.80 10.97 11.11 11.21
11.86 11.86 11.86 11.87 11.86 11.86 11.86 11.85 11.84 11.83 11.82 11.85 11.84 11.83 11.82 11.81 11.80 11.79 11.71 11.71 11.66 11.66 11.66 11.65 11.62 11.61 11.68 11.65 11.54 11.48 11.40 11.42 11.32 11.20 11.07 10.91 10.80 10.75 10.77 10.83 10.92 11.02 11.13 11.04 11.14 11.25 11.34 11.44 11.52 11.58 11.63 11.63 11.66 11.66 11.64 11.55 11.40 11.19 10.92 10.59 10.38 10.11 9.88 9.71 9.58 9.56 9.59 9.65 9.83 9.99 10.01 10.22 10.43 10.63 10.80 10.96 11.10
11.92 11.92 11.91 11.91 11.91 11.90 11.89 11.88 11.87 11.86 11.85 11.83 11.87 11.81 11.85 11.84 11.83 11.82 11.82 11.77 11.69 11.69 11.69 11.69 11.69 11.66 11.65 11.71 11.62 11.55 11.45 11.49 11.39 11.25 11.14 11.02 10.90 10.88 10.87 10.89 10.97 10.97 10.88 10.97 11.03 11.14 11.20 11.32 11.36 11.41 11.45 11.46 11.46 11.45 11.39 11.30 11.15 10.89 10.63 10.35 10.13 9.84 9.61 9.42 9.26 9.18 9.22 9.29 9.43 9.71 9.77 10.00 10.22 10.44 10.63 10.83 10.98
11.98 11.97 11.97 11.96 11.95 11.94 11.93 11.92 11.90 11.89 11.87 11.86 11.85 11.84 11.83 11.82 11.81 11.78 11.80 11.80 11.81 11.71 11.72 11.73 11.72 11.72 11.70 11.68 11.70 11.64 11.55 11.45 11.34 11.36 11.19 11.11 11.03 10.97 10.97 10.98 11.02 11.06 10.89 10.92 10.97 11.04 11.08 11.15 11.24 11.29 11.32 11.34 11.29 11.25 11.18 11.06 10.85 10.66 10.40 10.11 9.84 9.58 9.23 8.97 8.77 8.70 8.77 8.89 9.08 9.33 9.54 9.80 10.05 10.32 10.54 10.69 10.85
12.09 12.03 12.03 12.01 12.00 11.99 11.97 11.95 11.93 11.91 11.90 11.88 11.87 11.86 11.85 11.84 11.78 11.78 11.77 11.78 11.79 11.83 11.77 11.74 11.76 11.77 11.78 11.77 11.80 11.72 11.63 11.53 11.42 11.40 11.30 11.21 11.13 11.11 11.07 11.08 11.08 11.09 10.85 10.87 10.89 10.94 10.97 11.03 11.06 11.10 11.13 11.14 11.11 11.12 10.98 10.85 10.62 10.40 10.13 9.89 9.55 9.24 8.88 8.55 8.30 8.17 8.23 8.40 8.60 8.91 9.26 9.56 9.88 10.13 10.36 10.57 10.76
12.16 12.15 12.13 12.07 12.06 12.04 12.01 11.99 11.97 11.94 11.92 11.92 11.89 11.82 11.81 11.75 11.74 11.79 11.79 11.76 11.77 11.79 11.71 11.74 11.81 11.84 11.86 11.94 11.91 11.83 11.73 11.61 11.49 11.38 11.36 11.27 11.25 11.19 11.19 11.12 11.10 11.08 10.90 10.82 10.82 10.84 10.85 10.90 10.94 10.98 11.01 11.02 10.99 10.94 10.84 10.71 10.47 10.24 9.96 9.70 9.37 8.97 8.53 8.11 7.76 7.58 7.58 7.84 8.19 8.61 9.03 9.32 9.71 9.99 10.25 10.47 10.75
12.23 12.22 12.16 12.14 12.12 12.09 12.06 12.03 11.96 11.93 11.96 11.88 11.86 11.80 11.78 11.76 11.76 11.76 11.76 11.77 11.78 11.80 11.83 11.77 11.81 11.87 11.95 12.00 12.03 11.94 11.81 11.67 11.54 11.42 11.33 11.29 11.21 11.23 11.20 11.16 11.08 11.06 10.85 10.78 10.83 10.74 10.73 10.75 10.83 10.84 10.91 10.93 10.90 10.84 10.74 10.61 10.36 10.13 9.90 9.61 9.21 8.75 8.25 7.70 7.19 6.85 6.99 7.40 7.91 8.37 8.80 9.17 9.51 9.79 10.20 10.47 10.60
12.32 12.25 12.24 12.21 12.18 12.15 12.11 12.02 12.00 11.97 11.94 11.91 11.84 11.82 11.80 11.78 11.77 11.77 11.77 11.77 11.79 11.81 11.84 11.78 11.84 11.91 12.01 12.10 12.17 12.03 11.87 11.72 11.58 11.45 11.36 11.32 11.24 11.17 11.22 11.18 11.13 11.05 10.84 10.84 10.79 10.68 10.63 10.64 10.71 10.78 10.82 10.87 10.79 10.73 10.68 10.55 10.30 10.13 9.88 9.54 9.12 8.65 8.09 7.44 6.68 6.12 6.47 7.10 7.68 8.17 8.61 9.00 9.35 9.78 10.13 10.33 10.56
12.27 12.30 12.28 12.25 12.21 12.17 12.15 12.13 12.08 12.04 11.97 11.90 11.86 11.83 11.80 11.79 11.77 11.77 11.77 11.77 11.79 11.81 11.84 11.78 11.83 11.91 11.99 12.09 12.15 12.01 11.84 11.72 11.58 11.46 11.42 11.33 11.25 11.18 11.23 11.18 11.14 10.92 10.84 10.81 10.76 10.66 10.61 10.62 10.69 10.75 10.80 10.75 10.77 10.71 10.62 10.48 10.34 10.15 9.88 9.59 9.17 8.68 8.03 7.40 6.69 6.13 6.47 7.10 7.65 8.15 8.59 8.97 9.37 9.68 10.01 10.26 10.50
12.38 12.36 12.34 12.30 12.26 12.21 12.21 12.15 12.10 12.04 11.98 11.91 11.87 11.83 11.81 11.79 11.77 11.76 11.76 11.77 11.78 11.80 11.82 11.84 11.80 11.86 11.93 11.98 12.01 11.92 11.79 11.69 11.57 11.50 11.42 11.33 11.25 11.18 11.23 11.18 11.14 10.92 10.85 10.82 10.78 10.74 10.67 10.72 10.77 10.77 10.81 10.76 10.74 10.67 10.58 10.45 10.34 10.21 9.93 9.67 9.28 8.82 8.23 7.69 7.18 6.89 7.01 7.42 7.84 8.26 8.70 9.06 9.38 9.72 10.00 10.26 10.50
12.49 12.48 12.45 12.40 12.34 12.28 12.26 12.17 12.11 12.06 12.01 11.91 11.87 11.83 11.80 11.78 11.77 11.76 11.75 11.76 11.76 11.78 11.78 11.80 11.76 11.80 11.84 11.86 11.84 11.84 11.74 11.63 11.48 11.47 11.39 11.31 11.23 11.17 11.22 11.18 11.14 10.93 10.91 10.84 10.82 10.80 10.79 10.80 10.84 10.86 10.89 10.80 10.78 10.72 10.65 10.54 10.46 10.26 10.06 9.72 9.37 8.99 8.55 8.13 7.78 7.60 7.64 7.87 8.18 8.51 8.83 9.13 9.46 9.74 10.00 10.26 10.52
12.64 12.62 12.57 12.51 12.43 12.40 12.29 12.22 12.14 12.05 11.99 11.94 11.90 11.82 11.79 11.77 11.71 11.70 11.74 11.74 11.74 11.71 11.72 11.76 11.70 11.76 11.77 11.77 11.71 11.73 11.66 11.63 11.52 11.42 11.33 11.32 11.25 11.20 11.15 11.11 11.20 10.95 10.93 10.93 10.92 10.89 10.87 10.89 10.93 10.96 10.96 10.98 10.91 10.89 10.83 10.66 10.59 10.33 10.10 9.87 9.62 9.29 8.94 8.63 8.38 8.23 8.22 8.34 8.50 8.75 8.99 9.27 9.52 9.76 10.01 10.27 10.54
12.80 12.78 12.71 12.60 12.50 12.45 12.32 12.23 12.14 12.06 12.00 11.94 11.89 11.85 11.78 11.71 11.70 11.68 11.68 11.67 11.67 11.68 11.72 11.67 11.68 11.68 11.68 11.72 11.69 11.64 11.64 11.56 11.49 11.40 11.31 11.23 11.15 11.10 11.11 11.08 11.07 11.07 10.86 10.87 10.87 10.88 10.98 10.89 11.01 11.04 11.08 11.10 11.01 11.00 10.96 10.75 10.71 10.61 10.40 10.08 9.82 9.54 9.37 9.12 8.93 8.79 8.73 8.77 8.86 9.00 9.18 9.39 9.58 9.78 10.02 10.27 10.55
13.00 12.97 12.93 12.81 12.68 12.55 12.46 12.26 12.15 12.07 11.99 11.92 11.87 11.83 11.81 11.73 11.71 11.75 11.69 11.68 11.69 11.66 11.66 11.67 11.67 11.59 11.58 11.58 11.63 11.58 11.52 11.48 11.42 11.33 11.25 11.17 11.13 11.08 11.01 11.04 11.05 11.00 11.02 10.87 10.88 10.91 10.87 10.91 10.94 10.94 10.98 10.97 10.98 10.99 10.98 10.95 10.91 10.79 10.61 10.39 10.17 9.92 9.76 9.58 9.42 9.28 9.22 9.19 9.21 9.28 9.36 9.49 9.63 9.73 9.94 10.20 10.50
13.23 13.22 13.09 12.93 12.77 12.61 12.49 12.36 12.20 12.10 12.02 11.95 11.89 11.84 11.81 11.74 11.72 11.67 11.67 11.65 11.64 11.63 11.62 11.62 11.61 11.57 11.55 11.52 11.49 11.44 11.38 11.34 11.34 11.26 11.17 11.09 11.02 10.98 10.98 10.99 11.02 11.00 11.03 10.90 10.93 10.96 10.93 10.97 11.02 11.02 11.04 11.08 11.10 11.14 11.17 11.20 11.15 11.00 10.82 10.65 10.45 10.24 10.11 9.98 9.88 9.76 9.67 9.59 9.55 9.52 9.53 9.52 9.64 9.72 9.90 10.16 10.51
13.56 13.47 13.28 13.08 12.87 12.69 12.52 12.38 12.19 12.09 11.99 11.92 11.86 11.84 11.77 11.74 11.72 11.65 11.62 11.61 11.59 11.64 11.61 11.59 11.57 11.50 11.47 11.44 11.41 11.36 11.31 11.27 11.28 11.18 11.10 11.02 10.94 10.89 10.91 10.94 11.00 11.00 11.05 10.93 10.97 11.01 10.99 11.04 11.09 11.07 11.13 11.18 11.24 11.30 11.40 11.43 11.38 11.26 11.06 10.86 10.65 10.53 10.41 10.35 10.29 10.20 10.10 9.94 9.79 9.70 9.64 9.62 9.63 9.69 9.82 10.09 10.49
13.83 13.66 13.40 13.14 12.90 12.70 12.52 12.36 12.22 12.12 11.95 11.91 11.84 11.79 11.72 11.69 11.67 11.64 11.63 11.62 11.60 11.57 11.55 11.53 11.51 11.43 11.40 11.37 11.33 11.29 11.27 11.21 11.15 11.13 11.04 10.95 10.86 10.79 10.83 10.90 10.98 11.05 11.07 11.09 11.15 11.07 11.12 11.09 11.08 11.14 11.21 11.30 11.38 11.46 11.54 11.65 11.66 11.48 11.27 11.07 10.87 10.75 10.67 10.63 10.65 10.63 10.44 10.23 10.04 9.89 9.78 9.72 9.68 9.65 9.68 9.96 10.43
13.97 13.72 13.41 13.13 12.88 12.67 12.48 12.33 12.19 12.07 11.97 11.88 11.82 11.77 11.73 11.69 11.66 11.64 11.62 11.59 11.57 11.55 11.53 11.51 11.49 11.36 11.33 11.30 11.26 11.22 11.16 11.12 11.08 11.03 10.96 10.88 10.79 10.71 10.76 10.84 10.93 11.00 11.06 11.12 11.19 11.26 11.24 11.15 11.19 11.27 11.30 11.37 11.46 11.54 11.64 11.79 11.85 11.62 11.40 11.22 11.06 10.92 10.85 10.83 10.85 10.90 10.68 10.42 10.22 10.04 9.91 9.85 9.78 9.71 9.64 9.92 10.45
13.69 13.55 13.30 13.05 12.81 12.60 12.42 12.26 12.11 11.98 11.88 11.80 11.75 11.70 11.70 11.62 11.61 11.59 11.57 11.53 11.52 11.49 11.47 11.45 11.42 11.30 11.26 11.23 11.20 11.16 11.11 11.05 11.05 11.00 10.94 10.87 10.81 10.77 10.80 10.87 10.94 11.02 11.09 11.17 11.16 11.23 11.30 11.21 11.27 11.33 11.36 11.42 11.50 11.57 11.65 11.73 11.74 11.60 11.42 11.28 11.14 11.01 10.95 10.90 10.91 10.88 10.72 10.54 10.36 10.20 10.09 10.00 9.93 9.89 9.91 10.14 10.52
13.43 13.30 13.12 12.91 12.71 12.51 12.33 12.16 12.01 11.89 11.79 11.71 11.70 11.66 11.62 11.60 11.57 11.55 11.54 11.57 11.56 11.43 11.45 11.43 11.40 11.25 11.23 11.20 11.13 11.10 11.04 11.01 10.98 10.98 10.93 10.89 10.85 10.83 10.86 10.91 10.98 11.05 11.12 11.20 11.21 11.28 11.20 11.26 11.24 11.39 11.36 11.46 11.43 11.56 11.54 11.59 11.57 11.48 11.40 11.24 11.07 10.98 10.91 10.88 10.88 10.83 10.70 10.57 10.45 10.33 10.24 10.18 10.14 10.13 10.19 10.36 10.62
13.18 13.10 12.96 12.78 12.57 12.38 12.19 12.03 11.89 11.87 11.78 11.71 11.66 11.57 11.54 11.52 11.51 11.50 11.49 11.52 11.51 11.48 11.39 11.36 11.34 11.33 11.16 11.13 11.07 11.02 11.00 10.98 10.95 10.96 10.93 10.91 10.89 10.88 10.91 10.95 11.01 11.08 11.15 11.24 11.33 11.41 11.27 11.33 11.31 11.37 11.40 11.44 11.43 11.46 11.47 11.48 11.45 11.39 11.28 11.20 11.05 10.96 10.89 10.85 10.82 10.77 10.66 10.58 10.49 10.43 10.38 10.35 10.34 10.35 10.40 10.52 10.67
12.97 12.89 12.77 12.61 12.41 12.23 12.16 12.00 11.85 11.73 11.64 11.58 11.54 11.52 11.45 11.54 11.44 11.44 11.43 11.48 11.47 11.42 11.40 11.30 11.29 11.25 11.22 11.16 11.03 11.09 11.07 10.95 10.94 10.96 10.94 10.93 10.92 10.92 10.95 10.98 11.04 11.11 11.18 11.28 11.37 11.47 11.55 11.36 11.39 11.43 11.45 11.46 11.42 11.42 11.40 11.38 11.35 11.29 11.20 11.14 10.99 10.90 10.84 10.81 10.75 10.70 10.61 10.57 10.53 10.51 10.50 10.52 10.54 10.56 10.61 10.67 10.73
12.79 12.82 12.70 12.55 12.38 12.20 12.01 11.84 11.69 11.57 11.48 11.43 11.41 11.41 11.45 11.46 11.46 11.46 11.37 11.43 11.42 11.37 11.35 11.35 11.23 11.19 11.14 11.10 11.06 11.02 11.02 10.97 11.04 10.98 11.00 10.96 10.96 10.96 10.99 11.02 11.08 11.14 11.22 11.31 11.42 11.53 11.58 11.59 11.63 11.63 11.62 11.61 11.41 11.42 11.38 11.34 11.28 11.20 11.14 11.01 10.88 10.82 10.78 10.68 10.64 10.60 10.56 10.55 10.55 10.57 10.61 10.67 10.73 10.78 10.81 10.82 10.79
12.76 12.67 12.56 12.41 12.24 12.06 11.87 11.68 11.51 11.38 11.30 11.27 11.27 11.33 11.35 11.37 11.39 11.40 11.41 11.41 11.40 11.37 11.31 11.22 11.17 11.12 11.07 11.01 10.98 10.98 10.99 11.01 11.03 10.99 10.99 10.99 10.99 11.03 11.01 11.04 11.08 11.14 11.23 11.35 11.44 11.57 11.68 11.69 11.71 11.70 11.66 11.62 11.57 11.38 11.32 11.26 11.23 11.14 11.06 10.92 10.80 10.77 10.69 10.59 10.54 10.51 10.46 10.49 10.56 10.62 10.71 10.81 10.91 10.99 11.02 10.98 10.84
12.64 12.55 12.43 12.29 12.12 11.93 11.73 11.52 11.31 11.16 11.09 11.10 11.17 11.22 11.26 11.30 11.32 11.34 11.36 11.36 11.36 11.29 11.27 11.18 11.13 11.07 10.99 10.92 10.89 10.91 10.95 11.00 11.03 11.06 11.03 11.04 11.04 11.06 11.06 11.06 11.09 11.13 11.20 11.34 11.50 11.66 11.77 11.83 11.80 11.76 11.70 11.62 11.55 11.51 11.26 11.19 11.16 11.06 10.95 10.80 10.72 10.64 10.61 10.49 10.43 10.41 10.39 10.45 10.54 10.65 10.78 10.94 11.10 11.22 11.28 11.18 10.92
12.54 12.45 12.33 12.19 12.02 11.83 11.61 11.38 11.13 10.92 10.87 10.96 11.05 11.12 11.18 11.23 11.26 11.29 11.30 11.32 11.32 11.28 11.19 11.15 11.11 11.01 10.93 10.85 10.80 10.86 10.95 11.02 11.07 11.10 11.13 11.12 11.10 11.10 11.11 11.10 11.10 11.11 11.18 11.35 11.56 11.76 11.92 11.98 11.90 11.81 11.71 11.62 11.52 11.47 11.39 11.30 11.08 10.99 10.87 10.79 10.64 10.57 10.53 10.40 10.33 10.29 10.31 10.41 10.55 10.67 10.83 11.03 11.25 11.47 11.59 11.43 11.02
12.48 12.38 12.27 12.12 11.96 11.76 11.54 11.29 11.01 10.72 10.72 10.86 10.97 11.06 11.12 11.17 11.21 11.24 11.26 11.27 11.28 11.18 11.18 11.17 11.09 11.03 10.95 10.83 10.75 10.88 11.01 11.10 11.14 11.19 11.23 11.23 11.21 11.17 11.17 11.19 11.17 11.14 11.17 11.38 11.62 11.84 12.07 12.11 11.96 11.83 11.71 11.60 11.50 11.42 11.33 11.31 11.00 11.04 10.80 10.72 10.58 10.55 10.47 10.34 10.25 10.19 10.26 10.39 10.55 10.68 10.84 11.07 11.33 11.60 11.88 11.65 11.04
12.43 12.34 12.22 12.08 11.92 11.73 11.52 11.28 11.03 10.83 10.79 10.87 10.95 11.02 11.08 11.12 11.16 11.18 11.21 11.23 11.18 11.20 11.18 11.16 11.13 11.10 11.05 10.98 10.95 11.05 11.16 11.25 11.31 11.35 11.38 11.40 11.38 11.35 11.35 11.34 11.32 11.30 11.33 11.48 11.67 11.87 12.00 12.03 11.93 11.80 11.70 11.58 11.50 11.38 11.28 11.25 11.16 11.05 10.94 10.85 10.70 10.61 10.50 10.41 10.33 10.28 10.32 10.45 10.58 10.71 10.87 11.07 11.29 11.50 11.64 11.42 10.92
12.41 12.32 12.21 12.07 11.92 11.75 11.54 11.34 11.14 10.98 10.91 10.95 10.99 11.03 11.06 11.09 11.11 11.13 11.16 11.19 11.22 11.19 11.17 11.20 11.23 11.23 11.22 11.21 11.22 11.28 11.38 11.46 11.52 11.56 11.59 11.60 11.59 11.58 11.57 11.55 11.51 11.50 11.53 11.62 11.74 11.84 11.93 11.91 11.84 11.74 11.63 11.52 11.44 11.33 11.27 11.17 11.08 10.97 10.87 10.79 10.65 10.58 10.49 10.42 10.39 10.38 10.40 10.50 10.62 10.74 10.88 11.04 11.18 11.29 11.29 11.09 10.72
12.40 12.33 12.22 12.09 11.95 11.78 11.61 11.43 11.27 11.13 11.07 11.03 11.05 11.05 11.06 11.06 11.06 11.07 11.10 11.14 11.12 11.13 11.20 11.27 11.34 11.38 11.40 11.45 11.50 11.57 11.65 11.72 11.77 11.81 11.84 11.84 11.84 11.82 11.81 11.78 11.74 11.71 11.71 11.74 11.80 11.86 11.85 11.81 11.74 11.66 11.56 11.45 11.36 11.31 11.22 11.10 11.00 10.90 10.82 10.74 10.67 10.53 10.48 10.44 10.42 10.45 10.47 10.56 10.66 10.77 10.88 10.98 11.05 11.07 11.00 10.80 10.52
12.43 12.35 12.25 12.13 11.99 11.84 11.69 11.55 11.40 11.28 11.19 11.13 11.09 11.08 11.06 11.00 10.98 10.98 11.00 11.02 11.03 11.13 11.24 11.35 11.46 11.56 11.63 11.71 11.79 11.89 11.95 12.00 12.04 12.08 12.10 12.11 12.11 12.09 12.07 12.02 11.96 11.92 11.87 11.85 11.85 11.85 11.80 11.73 11.65 11.57 11.47 11.37 11.33 11.23 11.13 11.03 10.89 10.82 10.76 10.70 10.61 10.51 10.48 10.46 10.46 10.48 10.53 10.62 10.71 10.80 10.88 10.92 10.92 10.88 10.76 10.57 10.34
