data/EU espacial/U17022017.grd
DSAA
94	94
0.0000	100.0000
0.0000	100.0000
9.2982	14.3790
[rows 0 to 33 of 94, columns 0 to 76 of 94]
11.97 11.86 11.76 11.68 11.59 11.49 11.38 11.27 11.16 11.04 10.92 10.80 10.69 10.58 10.47 10.37 10.17 10.07 9.98 9.95 10.06 10.15 10.32 10.41 10.50 10.63 10.70 10.76 10.57 10.60 10.55 10.51 10.51 10.49 10.46 10.50 10.48 10.45 10.47 10.52 10.48 10.53 10.57 10.59 10.59 10.75 10.73 10.75 10.72 10.67 10.73 10.66 10.54 10.45 10.33 10.31 10.20 10.29 10.39 10.53 10.61 10.72 10.78 10.82 10.84 10.87 10.94 10.94 10.94 10.92 10.88 10.84 10.79 10.74 10.69 10.79 10.85
11.91 11.82 11.75 11.66 11.57 11.48 11.37 11.26 11.14 11.02 10.90 10.79 10.67 10.56 10.44 10.34 10.14 10.05 9.97 9.95 9.99 10.10 10.27 10.36 10.45 10.58 10.66 10.72 10.55 10.59 10.66 10.51 10.51 10.50 10.47 10.52 10.51 10.49 10.51 10.55 10.51 10.56 10.59 10.62 10.75 10.78 10.94 10.92 10.76 10.84 10.79 10.72 10.61 10.53 10.49 10.42 10.33 10.39 10.52 10.60 10.68 10.78 10.82 10.85 10.87 10.88 10.95 10.94 10.93 10.91 10.88 10.84 10.79 10.75 10.81 10.77 10.82
11.82 11.80 11.69 11.62 11.54 11.45 11.35 11.24 11.13 11.01 10.89 10.77 10.65 10.54 10.42 10.32 10.22 10.05 9.98 9.96 9.98 10.08 10.23 10.31 10.40 10.49 10.62 10.69 10.57 10.58 10.61 10.67 10.52 10.51 10.49 10.57 10.55 10.54 10.56 10.59 10.55 10.59 10.63 10.66 10.79 10.99 10.98 10.97 10.94 10.90 10.86 10.80 10.71 10.65 10.63 10.58 10.51 10.54 10.60 10.70 10.77 10.85 10.89 10.91 10.92 10.98 10.97 10.95 10.94 10.92 10.88 10.85 10.81 10.78 10.81 10.82 10.85
11.73 11.72 11.68 11.62 11.49 11.41 11.32 11.21 11.10 10.99 10.87 10.76 10.64 10.52 10.41 10.31 10.21 10.05 10.00 9.98 9.98 10.10 10.20 10.28 10.36 10.45 10.42 10.50 10.56 10.57 10.61 10.59 10.53 10.53 10.52 10.73 10.60 10.60 10.62 10.65 10.67 10.64 10.68 10.83 10.85 11.04 11.04 11.03 11.16 10.98 10.95 10.91 10.83 10.80 10.78 10.76 10.69 10.71 10.85 10.83 10.87 10.94 10.96 11.03 11.03 11.02 11.00 10.98 10.95 10.93 10.90 10.87 10.84 10.87 10.86 10.87 10.89
11.65 11.64 11.61 11.56 11.44 11.36 11.28 11.18 11.08 10.97 10.86 10.74 10.62 10.51 10.40 10.30 10.22 10.06 10.01 9.98 9.98 10.09 10.17 10.24 10.33 10.42 10.40 10.48 10.55 10.61 10.72 10.60 10.62 10.54 10.68 10.78 10.65 10.66 10.67 10.80 10.72 10.76 10.72 10.92 11.08 11.09 11.11 11.25 11.23 11.10 11.08 11.02 10.97 10.95 10.92 10.94 10.88 10.89 11.01 11.00 11.00 11.04 11.10 11.10 11.09 11.07 11.04 11.01 10.98 10.95 10.92 10.89 10.87 10.92 10.91 10.92 10.94
11.57 11.56 11.53 11.49 11.43 11.52 11.24 11.15 11.06 10.95 10.85 10.73 10.61 10.50 10.39 10.30 10.22 10.16 10.03 10.00 9.99 10.07 10.11 10.20 10.28 10.30 10.38 10.48 10.56 10.62 10.73 10.80 10.82 10.71 10.71 10.81 10.82 10.71 10.82 10.85 10.77 10.81 10.93 10.98 11.14 11.16 11.18 11.33 11.21 11.19 11.17 11.16 11.10 11.10 11.09 11.09 11.07 11.17 11.18 11.15 11.15 11.20 11.19 11.18 11.15 11.12 11.08 11.05 11.01 10.97 10.94 10.92 10.86 10.96 10.96 10.97 10.98
11.50 11.49 11.47 11.43 11.38 11.32 11.40 11.32 11.23 10.94 10.83 10.72 10.60 10.49 10.39 10.31 10.24 10.18 10.06 10.02 10.07 10.07 10.09 10.09 10.17 10.28 10.39 10.48 10.57 10.65 10.76 10.83 10.85 10.73 10.74 10.85 10.86 10.75 10.87 10.89 10.81 10.85 10.98 11.16 11.20 11.23 11.40 11.40 11.29 11.28 11.26 11.26 11.23 11.25 11.26 11.28 11.35 11.35 11.34 11.30 11.29 11.31 11.29 11.26 11.22 11.18 11.14 11.09 11.05 11.01 10.98 10.96 10.90 11.01 11.01 11.02 11.03
11.44 11.43 11.41 11.38 11.34 11.28 11.37 11.29 11.20 11.10 10.98 10.86 10.60 10.49 10.40 10.33 10.26 10.20 10.08 10.04 10.08 10.07 10.08 10.08 10.15 10.27 10.39 10.50 10.60 10.68 10.74 10.73 10.88 10.89 10.77 10.88 10.89 11.01 10.90 10.92 10.84 11.06 11.10 11.20 11.25 11.30 11.46 11.46 11.37 11.35 11.34 11.35 11.37 11.41 11.41 11.45 11.53 11.52 11.50 11.54 11.51 11.42 11.39 11.34 11.29 11.24 11.19 11.14 11.10 11.07 11.03 11.07 11.06 11.06 11.06 11.07 11.08
11.39 11.39 11.37 11.34 11.31 11.26 11.34 11.26 11.17 11.07 10.97 10.86 10.75 10.64 10.55 10.35 10.29 10.24 10.19 10.08 10.11 10.09 10.08 10.07 10.15 10.28 10.41 10.55 10.64 10.72 10.78 10.77 10.91 10.92 10.81 10.92 10.91 11.03 11.05 10.99 10.94 11.07 11.12 11.22 11.29 11.34 11.52 11.44 11.43 11.41 11.40 11.41 11.45 11.52 11.59 11.62 11.70 11.68 11.70 11.67 11.63 11.59 11.48 11.42 11.35 11.29 11.24 11.20 11.16 11.12 11.20 11.14 11.12 11.12 11.11 11.12 11.13
11.36 11.36 11.34 11.32 11.29 11.24 11.18 11.24 11.15 11.06 10.97 10.88 10.77 10.66 10.56 10.51 10.47 10.42 10.25 10.20 10.12 10.09 10.07 10.05 10.16 10.32 10.46 10.60 10.70 10.76 10.81 10.80 10.81 10.99 11.00 10.95 11.04 11.04 11.06 11.00 11.21 11.08 11.13 11.19 11.30 11.37 11.48 11.50 11.48 11.46 11.45 11.45 11.51 11.60 11.69 11.79 11.86 11.86 11.81 11.77 11.74 11.69 11.57 11.49 11.41 11.33 11.29 11.25 11.22 11.19 11.27 11.21 11.19 11.18 11.18 11.18 11.18
11.34 11.34 11.33 11.31 11.27 11.23 11.17 11.22 11.14 11.07 11.00 10.91 10.82 10.72 10.63 10.58 10.53 10.49 10.45 10.24 10.21 10.18 10.16 10.16 10.26 10.40 10.54 10.66 10.76 10.80 10.84 10.83 10.84 11.02 11.03 11.12 11.12 11.05 11.06 11.18 11.20 11.07 11.12 11.17 11.28 11.41 11.47 11.50 11.49 11.49 11.49 11.50 11.56 11.64 11.74 11.84 11.98 11.92 11.88 11.84 11.80 11.75 11.69 11.56 11.48 11.41 11.36 11.32 11.28 11.26 11.30 11.29 11.27 11.26 11.24 11.24 11.23
11.33 11.33 11.33 11.31 11.27 11.22 11.16 11.22 11.15 11.10 11.04 10.97 10.89 10.81 10.73 10.67 10.62 10.58 10.44 10.41 10.32 10.30 10.30 10.33 10.40 10.52 10.63 10.73 10.81 10.84 10.87 10.86 10.91 10.91 11.05 11.14 11.13 11.05 11.24 11.16 11.18 11.05 11.09 11.14 11.24 11.37 11.42 11.46 11.48 11.49 11.51 11.54 11.59 11.66 11.74 11.87 11.96 11.96 11.90 11.87 11.84 11.79 11.74 11.67 11.55 11.48 11.43 11.39 11.35 11.39 11.38 11.37 11.35 11.33 11.31 11.30 11.29
11.33 11.34 11.34 11.32 11.28 11.23 11.18 11.12 11.18 11.13 11.08 11.03 10.96 10.89 10.82 10.77 10.72 10.69 10.56 10.53 10.45 10.44 10.45 10.48 10.55 10.64 10.73 10.81 10.86 10.91 10.92 10.89 10.93 10.93 11.06 11.14 11.25 11.23 11.22 11.21 11.15 11.01 11.05 11.13 11.19 11.31 11.36 11.41 11.44 11.48 11.51 11.54 11.59 11.66 11.77 11.84 11.92 11.94 11.93 11.87 11.85 11.81 11.77 11.72 11.61 11.55 11.50 11.46 11.43 11.46 11.45 11.44 11.42 11.40 11.38 11.37 11.35
11.35 11.36 11.36 11.34 11.30 11.25 11.20 11.16 11.22 11.18 11.14 11.08 11.02 10.96 10.91 10.86 10.83 10.70 10.68 10.67 10.65 10.58 10.59 10.63 10.68 10.76 10.84 10.90 10.94 10.97 10.96 10.96 10.96 10.95 10.93 11.14 11.23 11.21 11.18 11.17 11.10 11.12 10.99 11.08 11.13 11.25 11.30 11.35 11.39 11.43 11.48 11.52 11.57 11.68 11.74 11.79 11.88 11.90 11.91 11.90 11.84 11.82 11.79 11.75 11.71 11.61 11.57 11.53 11.55 11.53 11.53 11.52 11.50 11.48 11.45 11.43 11.47
11.38 11.39 11.39 11.37 11.33 11.29 11.24 11.20 11.27 11.23 11.19 11.14 11.08 11.03 10.98 10.95 10.93 10.82 10.81 10.80 10.79 10.72 10.72 10.75 10.81 10.87 10.94 11.00 11.03 11.05 11.04 11.01 10.98 10.96 10.93 11.26 11.24 11.21 11.23 11.22 11.15 11.17 11.03 11.04 11.09 11.28 11.33 11.29 11.34 11.38 11.43 11.47 11.58 11.64 11.69 11.74 11.83 11.86 11.87 11.87 11.86 11.81 11.79 11.78 11.76 11.67 11.64 11.60 11.62 11.60 11.59 11.59 11.57 11.56 11.59 11.66 11.62
11.42 11.44 11.43 11.41 11.37 11.33 11.29 11.26 11.22 11.29 11.25 11.20 11.14 11.08 11.04 11.01 10.92 10.93 10.93 10.93 10.91 10.90 10.84 10.86 10.92 10.99 11.06 11.13 11.15 11.15 11.16 11.07 11.02 10.98 11.07 11.10 11.19 11.20 11.17 11.16 11.05 11.06 11.19 11.19 11.23 11.15 11.20 11.25 11.29 11.34 11.38 11.49 11.53 11.58 11.64 11.68 11.77 11.79 11.80 11.81 11.82 11.83 11.79 11.80 11.81 11.80 11.74 11.71 11.69 11.67 11.66 11.65 11.72 11.76 11.74 11.70 11.66
11.50 11.51 11.47 11.45 11.41 11.37 11.34 11.31 11.29 11.35 11.31 11.25 11.18 11.12 11.07 11.04 10.99 11.03 11.05 11.05 11.03 11.00 11.00 10.96 11.02 11.11 11.20 11.27 11.30 11.29 11.27 11.17 11.08 11.01 11.07 11.07 11.13 11.13 11.10 11.09 10.99 11.01 11.15 11.18 11.19 11.11 11.26 11.31 11.26 11.30 11.41 11.45 11.48 11.53 11.59 11.63 11.72 11.73 11.74 11.75 11.77 11.79 11.83 11.82 11.85 11.86 11.81 11.79 11.76 11.74 11.72 11.84 11.83 11.81 11.78 11.74 11.70
11.54 11.55 11.54 11.52 11.48 11.42 11.39 11.37 11.36 11.43 11.37 11.30 11.21 11.11 11.06 11.07 11.12 11.12 11.18 11.19 11.15 11.11 11.08 11.09 11.16 11.22 11.33 11.43 11.47 11.47 11.39 11.27 11.22 11.12 11.12 11.11 11.01 11.05 11.02 10.92 10.94 10.97 11.11 11.16 11.28 11.10 11.25 11.30 11.25 11.36 11.38 11.41 11.44 11.49 11.55 11.59 11.67 11.68 11.69 11.69 11.70 11.74 11.81 11.88 11.89 11.93 11.89 12.00 11.98 11.92 11.90 11.88 11.87 11.85 11.82 11.78 11.73
11.58 11.58 11.57 11.54 11.51 11.48 11.46 11.45 11.42 11.41 11.43 11.31 11.21 11.11 11.04 11.08 11.16 11.26 11.36 11.34 11.27 11.20 11.14 11.13 11.22 11.37 11.52 11.59 11.66 11.62 11.57 11.42 11.31 11.26 11.15 11.11 10.98 10.99 10.96 10.88 10.91 11.01 11.06 11.16 11.28 11.33 11.34 11.34 11.33 11.36 11.37 11.37 11.41 11.46 11.52 11.57 11.65 11.65 11.64 11.63 11.63 11.68 11.77 11.88 11.98 12.00 12.09 12.05 12.03 11.96 11.94 11.92 11.90 11.88 11.85 11.81 11.77
11.59 11.59 11.58 11.56 11.54 11.51 11.49 11.49 11.48 11.60 11.49 11.34 11.23 11.12 11.05 11.10 11.19 11.29 11.41 11.40 11.33 11.26 11.22 11.20 11.31 11.47 11.63 11.76 11.91 11.78 11.67 11.51 11.39 11.33 11.20 11.14 11.00 10.87 10.87 10.87 10.90 11.01 11.07 11.20 11.36 11.41 11.56 11.56 11.49 11.49 11.48 11.46 11.48 11.52 11.56 11.60 11.68 11.67 11.66 11.65 11.65 11.71 11.82 11.93 12.05 12.15 12.17 12.15 12.13 12.07 12.05 12.03 11.92 11.90 11.87 11.84 11.80
11.56 11.58 11.58 11.57 11.55 11.53 11.69 11.67 11.64 11.56 11.49 11.40 11.30 11.17 11.12 11.13 11.19 11.27 11.37 11.41 11.33 11.31 11.30 11.34 11.44 11.57 11.76 11.87 11.94 11.91 11.82 11.59 11.54 11.41 11.26 11.20 11.07 10.96 10.94 10.90 10.92 11.03 11.16 11.23 11.40 11.56 11.60 11.60 11.62 11.54 11.53 11.51 11.51 11.53 11.55 11.57 11.64 11.64 11.63 11.63 11.65 11.70 11.79 11.90 12.01 12.09 12.17 12.15 12.14 12.08 12.06 12.04 11.93 11.91 11.88 11.85 11.77
11.62 11.64 11.65 11.77 11.75 11.72 11.70 11.68 11.65 11.56 11.50 11.42 11.33 11.25 11.20 11.15 11.18 11.25 11.31 11.36 11.38 11.33 11.36 11.44 11.59 11.72 11.84 11.95 11.99 11.96 11.89 11.74 11.70 11.48 11.39 11.28 11.20 11.09 11.02 11.12 11.02 11.14 11.20 11.28 11.46 11.56 11.57 11.61 11.59 11.60 11.59 11.57 11.55 11.55 11.55 11.55 11.61 11.60 11.60 11.61 11.64 11.69 11.77 11.86 11.96 12.04 12.13 12.16 12.17 12.16 12.06 12.04 11.93 11.91 11.88 11.85 11.78
11.59 11.62 11.63 11.63 11.75 11.73 11.71 11.68 11.65 11.55 11.50 11.42 11.34 11.27 11.21 11.19 11.17 11.20 11.25 11.31 11.36 11.41 11.46 11.56 11.68 11.80 11.91 12.01 12.04 12.01 11.95 11.90 11.78 11.65 11.47 11.37 11.29 11.18 11.10 11.20 11.09 11.20 11.26 11.45 11.52 11.62 11.67 11.64 11.67 11.67 11.66 11.63 11.60 11.58 11.56 11.54 11.59 11.58 11.58 11.59 11.62 11.67 11.74 11.82 11.91 11.99 12.09 12.12 12.14 12.15 12.14 12.13 12.06 11.90 11.87 11.80 11.78
11.57 11.60 11.62 11.62 11.62 11.74 11.62 11.60 11.57 11.55 11.49 11.42 11.35 11.27 11.20 11.16 11.15 11.14 11.19 11.24 11.31 11.40 11.47 11.59 11.73 11.86 12.00 12.07 12.10 12.07 12.01 11.97 11.86 11.74 11.61 11.50 11.38 11.27 11.19 11.14 11.25 11.28 11.34 11.46 11.58 11.74 11.80 11.71 11.74 11.75 11.74 11.71 11.66 11.62 11.58 11.54 11.57 11.55 11.55 11.56 11.59 11.64 11.71 11.78 11.86 12.01 12.07 12.08 12.11 12.12 12.12 12.11 12.05 11.99 11.92 11.80 11.79
11.60 11.63 11.66 11.67 11.67 11.64 11.62 11.60 11.56 11.52 11.47 11.42 11.34 11.26 11.18 11.13 11.10 11.08 11.11 11.17 11.26 11.34 11.46 11.61 11.76 11.90 12.05 12.13 12.16 12.14 12.18 12.05 11.94 11.82 11.69 11.60 11.45 11.34 11.26 11.34 11.29 11.32 11.46 11.53 11.60 11.77 11.83 11.88 11.82 11.83 11.82 11.78 11.73 11.67 11.61 11.55 11.56 11.53 11.52 11.53 11.56 11.61 11.67 11.74 11.82 11.96 12.02 12.08 12.07 12.09 12.10 12.09 12.00 11.99 11.92 11.77 11.81
11.57 11.61 11.64 11.65 11.64 11.64 11.62 11.60 11.57 11.52 11.47 11.40 11.31 11.24 11.16 11.10 11.06 11.05 11.05 11.11 11.21 11.30 11.45 11.61 11.78 11.97 12.10 12.20 12.24 12.21 12.17 12.03 12.02 11.89 11.76 11.67 11.58 11.41 11.33 11.41 11.36 11.39 11.54 11.60 11.78 11.84 11.89 11.94 11.89 11.91 11.90 11.86 11.80 11.72 11.64 11.57 11.56 11.52 11.50 11.50 11.53 11.57 11.63 11.70 11.84 11.92 11.98 12.04 12.00 12.06 12.07 12.07 11.98 11.98 11.91 11.92 11.92
11.54 11.58 11.80 11.81 11.63 11.64 11.62 11.60 11.57 11.53 11.47 11.39 11.31 11.22 11.13 11.07 11.02 11.00 10.98 11.04 11.13 11.27 11.43 11.57 11.75 11.92 12.14 12.26 12.31 12.29 12.25 12.10 11.98 11.85 11.81 11.72 11.63 11.52 11.51 11.37 11.36 11.51 11.56 11.77 11.83 11.90 11.95 12.00 12.04 11.98 11.98 11.95 11.88 11.78 11.67 11.58 11.55 11.50 11.48 11.48 11.49 11.53 11.59 11.66 11.81 11.88 11.95 11.93 11.96 11.99 11.91 11.91 11.91 11.90 11.75 11.91 11.93
11.67 11.74 11.77 11.59 11.61 11.62 11.62 11.60 11.58 11.55 11.48 11.40 11.31 11.21 11.12 11.04 10.99 10.96 10.95 10.98 11.09 11.21 11.38 11.56 11.75 11.93 12.17 12.33 12.41 12.37 12.30 12.20 12.02 11.88 11.84 11.76 11.67 11.68 11.60 11.47 11.47 11.56 11.61 11.68 11.85 11.91 11.97 12.01 12.02 12.05 12.06 12.05 11.95 11.83 11.70 11.58 11.54 11.49 11.47 11.45 11.46 11.47 11.53 11.60 11.68 11.76 11.82 11.86 11.94 11.96 11.88 11.89 11.89 11.89 11.79 11.81 11.83
11.64 11.66 11.67 11.55 11.58 11.60 11.61 11.60 11.58 11.56 11.49 11.40 11.30 11.21 11.12 11.05 10.99 10.95 10.92 10.89 11.04 11.20 11.37 11.55 11.74 11.99 12.17 12.35 12.47 12.39 12.32 12.21 12.02 11.89 11.78 11.77 11.69 11.59 11.47 11.45 11.51 11.60 11.65 11.71 11.89 11.94 12.00 12.05 12.09 12.08 12.11 12.11 12.01 11.88 11.73 11.60 11.51 11.47 11.44 11.43 11.42 11.45 11.51 11.58 11.67 11.75 11.80 11.84 11.87 11.89 11.97 11.97 11.97 11.87 11.78 11.80 11.83
11.61 11.61 11.64 11.67 11.69 11.57 11.59 11.58 11.57 11.53 11.47 11.39 11.31 11.22 11.14 11.07 11.02 10.95 10.95 10.97 11.05 11.21 11.37 11.54 11.71 11.95 12.12 12.27 12.35 12.36 12.28 12.18 12.00 11.87 11.89 11.77 11.69 11.66 11.55 11.47 11.47 11.56 11.67 11.85 11.90 11.96 12.01 12.06 12.09 12.08 12.10 12.08 12.01 11.89 11.72 11.64 11.57 11.53 11.47 11.45 11.44 11.47 11.51 11.59 11.65 11.72 11.78 11.82 11.85 11.87 11.95 11.96 11.90 11.85 11.77 11.80 11.83
11.58 11.58 11.60 11.63 11.66 11.68 11.69 11.56 11.54 11.54 11.49 11.42 11.34 11.26 11.19 11.13 11.10 11.07 11.08 11.05 11.13 11.27 11.40 11.55 11.70 11.90 12.04 12.16 12.22 12.25 12.20 12.11 12.07 11.95 11.86 11.75 11.70 11.66 11.55 11.48 11.48 11.51 11.61 11.85 11.91 11.96 12.01 12.05 12.08 12.10 12.06 12.04 11.92 11.84 11.74 11.69 11.63 11.59 11.55 11.52 11.51 11.50 11.53 11.59 11.65 11.70 11.76 11.80 11.83 11.92 11.93 11.82 11.89 11.84 11.77 11.80 11.83
11.53 11.54 11.57 11.59 11.62 11.64 11.66 11.66 11.55 11.53 11.48 11.43 11.36 11.29 11.23 11.18 11.15 11.14 11.17 11.12 11.19 11.29 11.41 11.54 11.67 11.85 11.96 12.05 12.10 12.13 12.21 12.14 11.99 11.88 11.81 11.76 11.68 11.64 11.49 11.47 11.47 11.50 11.60 11.77 11.83 11.94 11.99 12.03 12.06 12.08 11.93 11.91 11.89 11.82 11.78 11.70 11.68 11.62 11.58 11.57 11.56 11.50 11.60 11.60 11.65 11.70 11.75 11.79 11.86 11.88 11.90 11.81 11.83 11.84 11.86 11.79 11.82
11.39 11.41 11.43 11.56 11.58 11.61 11.63 11.63 11.53 11.51 11.48 11.44 11.39 11.34 11.28 11.23 11.21 11.21 11.24 11.18 11.24 11.32 11.41 11.54 11.67 11.78 11.96 12.02 11.98 12.14 12.10 12.04 11.96 11.85 11.80 11.72 11.64 11.61 11.46 11.44 11.45 11.47 11.58 11.75 11.80 11.86 11.91 12.01 11.99 11.96 11.96 11.87 11.83 11.78 11.79 11.72 11.72 11.67 11.62 11.56 11.60 11.62 11.63 11.62 11.66 11.70 11.79 11.83 11.86 11.88 11.79 11.91 11.93 11.98 11.91 11.95 11.92
11.36 11.38 11.40 11.43 11.46 11.48 11.45 11.47 11.47 11.50 11.48 11.46 11.41 11.37 11.37 11.33 11.32 11.32 11.34 11.31 11.37 11.44 11.52 11.61 11.74 11.82 11.88 11.98 12.00 12.02 11.99 11.89 11.82 11.77 11.73 11.66 11.59 11.46 11.37 11.41 11.41 11.44 11.43 11.60 11.66 11.82 11.77 11.82 11.95 11.92 11.93 11.91 11.80 11.76 11.72 11.67 11.68 11.63 11.59 11.56 11.54 11.74 11.76 11.78 11.81 11.86 11.95 11.99 11.97 11.99 12.12 11.95 11.96 11.98 12.01 11.97 11.99
