data/EU espacial/U17062017.grd
DSAA
94	94
0.0000	100.0000
0.0000	100.0000
4.3385	11.5661
[rows 38 to 75 of 94, columns 0 to 83 of 94]
5.36 5.39 5.45 5.52 5.57 5.63 5.69 5.76 5.83 5.91 6.00 6.11 6.24 6.38 6.57 6.74 6.91 7.07 7.23 7.37 7.49 7.60 7.70 7.77 7.89 7.97 7.98 8.02 8.02 7.99 7.95 7.89 7.79 7.74 7.68 7.61 7.55 7.49 7.42 7.37 7.31 7.26 7.24 7.17 7.13 7.04 6.96 6.80 6.69 6.57 6.43 6.37 6.19 6.04 5.85 5.66 5.53 5.50 5.50 5.52 5.56 5.59 5.63 5.72 5.81 5.93 6.03 6.14 6.20 6.31 6.39 6.43 6.50 6.57 6.62 6.64 6.68 6.64 6.59 6.54 6.49 6.44 6.39 6.33
5.52 5.51 5.55 5.59 5.63 5.68 5.72 5.74 5.79 5.86 5.94 6.04 6.17 6.31 6.52 6.69 6.87 7.05 7.22 7.37 7.50 7.60 7.71 7.82 7.98 8.07 8.05 8.14 8.10 8.08 8.02 7.95 7.82 7.77 7.70 7.60 7.51 7.43 7.38 7.31 7.24 7.19 7.15 7.08 7.01 6.94 6.86 6.70 6.60 6.49 6.36 6.21 6.19 6.02 5.85 5.70 5.57 5.52 5.50 5.51 5.53 5.55 5.59 5.69 5.77 5.89 5.97 6.05 6.13 6.22 6.30 6.38 6.45 6.49 6.53 6.61 6.59 6.55 6.49 6.43 6.37 6.31 6.06 6.22
5.68 5.66 5.67 5.69 5.71 5.74 5.76 5.78 5.81 5.85 5.92 5.99 6.11 6.29 6.46 6.63 6.82 7.01 7.19 7.35 7.47 7.60 7.74 7.86 8.03 8.13 8.17 8.21 8.18 8.15 8.09 8.01 7.87 7.78 7.71 7.60 7.49 7.40 7.31 7.26 7.17 7.13 7.01 6.94 6.88 6.83 6.69 6.60 6.53 6.43 6.31 6.23 6.09 6.01 5.86 5.72 5.60 5.54 5.51 5.51 5.50 5.54 5.59 5.66 5.74 5.86 5.95 5.99 6.09 6.15 6.23 6.31 6.38 6.44 6.48 6.51 6.49 6.44 6.38 6.36 6.06 6.00 6.04 6.01
5.86 5.83 5.81 5.81 5.82 5.82 5.81 5.81 5.82 5.84 5.90 5.98 6.11 6.26 6.39 6.57 6.76 6.95 7.14 7.30 7.44 7.60 7.74 7.83 7.95 8.13 8.22 8.28 8.30 8.22 8.16 8.05 7.90 7.80 7.71 7.56 7.46 7.35 7.24 7.16 7.14 7.03 6.96 6.89 6.83 6.71 6.62 6.54 6.45 6.36 6.31 6.21 6.02 5.88 5.88 5.61 5.62 5.55 5.54 5.54 5.54 5.55 5.59 5.65 5.75 5.83 5.89 5.96 6.04 6.11 6.16 6.24 6.30 6.36 6.34 6.33 6.28 6.23 6.13 6.07 6.01 5.98 5.95 5.93
6.06 6.01 5.98 5.96 5.94 5.91 5.88 5.85 5.83 5.84 5.88 5.94 6.08 6.21 6.35 6.52 6.71 6.87 7.04 7.24 7.44 7.54 7.70 7.85 8.03 8.16 8.25 8.32 8.36 8.32 8.25 8.15 8.03 7.83 7.70 7.55 7.42 7.28 7.22 7.15 7.06 6.99 6.89 6.82 6.76 6.67 6.60 6.49 6.42 6.35 6.26 6.19 6.08 5.90 5.77 5.64 5.57 5.51 5.59 5.57 5.53 5.59 5.62 5.67 5.73 5.82 5.80 5.87 5.93 5.99 6.03 6.08 6.13 6.16 6.22 6.22 6.15 6.09 6.03 5.97 5.93 5.89 5.87 5.86
6.20 6.22 6.17 6.12 6.08 6.02 5.97 5.91 5.86 5.84 5.86 5.91 6.04 6.16 6.30 6.46 6.59 6.78 6.96 7.16 7.36 7.54 7.64 7.81 7.97 8.16 8.28 8.37 8.42 8.38 8.30 8.18 8.02 7.82 7.65 7.57 7.44 7.31 7.22 7.11 6.99 6.93 6.86 6.78 6.66 6.61 6.55 6.49 6.43 6.38 6.28 6.19 6.07 5.85 5.77 5.68 5.60 5.55 5.53 5.51 5.49 5.51 5.54 5.60 5.65 5.71 5.75 5.81 5.87 5.94 5.99 6.01 6.05 6.08 6.11 6.09 6.01 5.95 5.89 5.85 5.81 5.82 5.80 5.80
6.42 6.37 6.31 6.30 6.23 6.15 6.06 5.97 5.90 5.85 5.85 5.93 6.01 6.14 6.23 6.37 6.54 6.67 6.87 7.07 7.27 7.47 7.61 7.80 7.96 8.15 8.31 8.44 8.47 8.41 8.31 8.17 8.01 7.80 7.68 7.53 7.45 7.32 7.20 7.06 6.99 6.86 6.79 6.67 6.60 6.55 6.52 6.47 6.43 6.37 6.32 6.24 6.14 5.92 5.82 5.74 5.64 5.59 5.62 5.56 5.54 5.55 5.62 5.60 5.66 5.69 5.73 5.78 5.84 5.89 5.93 5.97 6.00 6.02 6.03 5.99 5.93 5.88 5.83 5.79 5.76 5.73 5.76 5.76
6.67 6.60 6.54 6.45 6.35 6.29 6.17 6.05 5.95 5.88 5.88 5.94 6.01 6.06 6.18 6.32 6.40 6.57 6.77 6.97 7.18 7.39 7.59 7.73 7.96 8.15 8.29 8.42 8.50 8.44 8.31 8.15 7.97 7.76 7.64 7.54 7.40 7.27 7.14 7.02 6.92 6.77 6.70 6.61 6.57 6.53 6.49 6.47 6.43 6.39 6.34 6.27 6.18 5.97 5.89 5.81 5.72 5.67 5.64 5.64 5.60 5.66 5.65 5.65 5.64 5.65 5.68 5.74 5.79 5.84 5.89 5.93 5.94 5.97 5.96 5.92 5.87 5.83 5.79 5.80 5.77 5.75 5.73 5.73
6.93 6.87 6.78 6.67 6.54 6.41 6.27 6.16 6.01 5.88 5.89 5.94 5.96 5.98 6.08 6.19 6.33 6.49 6.67 6.87 7.07 7.28 7.49 7.67 7.87 8.07 8.24 8.42 8.54 8.43 8.27 8.09 7.91 7.73 7.57 7.48 7.33 7.20 7.07 6.95 6.79 6.70 6.63 6.55 6.51 6.49 6.47 6.46 6.43 6.41 6.37 6.31 6.23 6.04 5.97 5.90 5.82 5.77 5.73 5.73 5.67 5.72 5.69 5.66 5.63 5.61 5.64 5.70 5.76 5.82 5.86 5.88 5.91 5.93 5.94 5.89 5.88 5.85 5.82 5.80 5.77 5.74 5.72 5.71
7.23 7.14 7.03 6.90 6.76 6.60 6.42 6.29 6.11 5.96 5.92 5.88 5.92 5.98 6.05 6.14 6.26 6.40 6.56 6.75 6.95 7.16 7.40 7.54 7.75 7.95 8.12 8.31 8.40 8.30 8.14 7.98 7.81 7.64 7.53 7.38 7.24 7.10 6.97 6.86 6.71 6.59 6.54 6.49 6.47 6.45 6.45 6.43 6.42 6.40 6.40 6.36 6.19 6.12 6.06 6.01 5.93 5.89 5.85 5.81 5.87 5.77 5.74 5.69 5.65 5.62 5.65 5.71 5.76 5.81 5.84 5.87 5.90 5.91 5.89 5.87 5.86 5.85 5.83 5.82 5.80 5.78 5.77 5.76
7.52 7.42 7.30 7.16 6.99 6.82 6.66 6.46 6.28 6.08 5.97 5.96 5.96 5.98 6.03 6.10 6.19 6.31 6.45 6.62 6.81 7.04 7.25 7.45 7.55 7.75 7.92 8.07 8.13 8.08 7.97 7.84 7.68 7.57 7.41 7.26 7.12 6.98 6.86 6.75 6.60 6.53 6.47 6.44 6.42 6.43 6.43 6.42 6.42 6.42 6.41 6.41 6.26 6.22 6.17 6.12 5.99 6.02 5.98 5.97 5.90 5.84 5.80 5.75 5.71 5.69 5.70 5.74 5.77 5.82 5.86 5.92 5.92 5.90 5.87 5.85 5.85 5.85 5.85 5.85 5.85 5.85 5.86 5.93
7.81 7.71 7.58 7.43 7.25 7.05 6.88 6.62 6.42 6.25 6.13 6.05 6.01 6.00 6.02 6.05 6.12 6.21 6.33 6.48 6.65 6.85 7.07 7.27 7.36 7.54 7.70 7.81 7.86 7.88 7.80 7.69 7.49 7.41 7.25 7.11 6.97 6.85 6.71 6.61 6.50 6.41 6.35 6.33 6.38 6.37 6.42 6.42 6.44 6.45 6.45 6.41 6.25 6.23 6.22 6.18 6.12 6.08 6.03 6.07 6.00 5.92 5.86 5.82 5.78 5.77 5.78 5.78 5.82 5.87 5.90 5.95 5.93 5.90 5.86 5.84 5.85 5.86 5.87 5.89 5.92 5.91 6.02 6.07
8.12 8.02 7.88 7.71 7.51 7.31 7.06 6.83 6.61 6.39 6.24 6.12 6.04 6.02 6.00 6.01 6.05 6.11 6.21 6.33 6.49 6.71 6.90 7.08 7.16 7.37 7.50 7.59 7.61 7.62 7.56 7.48 7.39 7.19 7.04 6.91 6.78 6.67 6.56 6.48 6.41 6.33 6.29 6.33 6.34 6.34 6.38 6.43 6.45 6.47 6.49 6.50 6.32 6.33 6.33 6.29 6.25 6.28 6.21 6.13 6.08 5.99 5.94 5.89 5.85 5.84 5.83 5.86 5.90 5.93 6.00 5.99 5.96 5.91 5.87 5.85 5.86 5.88 5.90 5.94 5.94 5.99 6.13 6.20
8.43 8.33 8.18 7.94 7.72 7.53 7.25 7.00 6.77 6.56 6.37 6.22 6.10 6.01 5.99 5.96 5.97 6.01 6.08 6.19 6.33 6.53 6.75 6.88 6.99 7.13 7.25 7.37 7.41 7.40 7.33 7.24 7.12 7.00 6.91 6.78 6.58 6.46 6.40 6.31 6.26 6.23 6.23 6.25 6.28 6.33 6.38 6.43 6.47 6.50 6.53 6.47 6.34 6.37 6.39 6.40 6.46 6.40 6.32 6.22 6.12 6.08 6.01 5.96 5.93 5.91 5.91 5.94 5.98 6.00 6.04 6.02 5.97 5.95 5.91 5.89 5.89 5.87 5.91 5.95 6.01 6.08 6.22 6.32
8.81 8.70 8.56 8.35 8.11 7.85 7.57 7.20 6.95 6.71 6.50 6.32 6.17 6.04 6.08 5.92 5.89 5.98 6.00 6.09 6.23 6.36 6.54 6.71 6.88 6.91 7.02 7.09 7.12 7.11 7.07 6.99 6.89 6.78 6.69 6.57 6.43 6.34 6.17 6.21 6.11 6.02 6.03 6.10 6.15 6.21 6.28 6.36 6.41 6.45 6.49 6.39 6.41 6.45 6.49 6.60 6.58 6.50 6.41 6.30 6.20 6.15 6.06 6.00 5.97 5.96 5.96 6.00 6.05 6.08 6.12 6.08 6.02 5.96 5.90 5.88 5.90 5.90 5.95 6.02 6.09 6.17 6.27 6.38
9.13 9.04 8.85 8.61 8.35 8.08 7.78 7.50 7.17 6.92 6.69 6.49 6.31 6.16 6.03 5.95 5.89 5.85 5.85 5.91 6.02 6.18 6.35 6.53 6.68 6.67 6.77 6.83 6.86 6.85 6.80 6.73 6.66 6.55 6.44 6.32 6.21 6.12 6.06 6.03 6.02 5.89 5.92 6.01 6.07 6.15 6.24 6.32 6.41 6.47 6.47 6.44 6.48 6.54 6.60 6.70 6.68 6.60 6.50 6.39 6.29 6.19 6.14 6.06 6.02 6.01 6.02 6.08 6.14 6.18 6.21 6.18 6.08 5.99 5.92 5.89 5.90 5.94 6.00 6.07 6.15 6.23 6.33 6.45
9.49 9.36 9.14 8.89 8.61 8.32 8.04 7.75 7.32 7.05 6.80 6.58 6.37 6.21 6.03 5.90 5.79 5.74 5.67 5.71 5.81 6.02 6.16 6.33 6.47 6.48 6.56 6.62 6.64 6.62 6.58 6.52 6.45 6.34 6.23 6.11 5.99 5.90 5.85 5.85 5.87 5.77 5.81 5.92 6.00 6.09 6.20 6.30 6.41 6.43 6.49 6.49 6.57 6.62 6.77 6.79 6.77 6.69 6.58 6.47 6.37 6.26 6.20 6.12 6.05 6.04 6.07 6.15 6.24 6.30 6.32 6.26 6.14 6.03 5.94 5.90 5.92 5.97 6.05 6.12 6.19 6.28 6.39 6.51
9.77 9.61 9.35 9.06 8.78 8.48 8.19 7.90 7.61 7.32 6.91 6.69 6.46 6.26 6.05 5.89 5.75 5.62 5.52 5.54 5.66 5.86 6.03 6.19 6.33 6.33 6.40 6.45 6.46 6.44 6.40 6.33 6.27 6.15 6.03 5.91 5.78 5.68 5.65 5.69 5.73 5.78 5.72 5.85 5.94 6.04 6.15 6.26 6.36 6.43 6.50 6.52 6.61 6.68 6.76 6.82 6.86 6.77 6.65 6.53 6.43 6.32 6.24 6.16 6.09 6.05 6.10 6.21 6.32 6.43 6.46 6.37 6.24 6.06 5.94 5.91 5.95 6.02 6.08 6.16 6.24 6.32 6.43 6.55
9.93 9.72 9.45 9.16 8.88 8.59 8.30 8.00 7.71 7.43 7.15 6.88 6.63 6.41 6.21 6.02 5.72 5.57 5.44 5.44 5.58 5.80 5.97 6.12 6.25 6.22 6.28 6.32 6.32 6.30 6.27 6.21 6.08 5.99 5.87 5.75 5.62 5.50 5.50 5.56 5.61 5.67 5.81 5.78 5.88 6.00 6.12 6.23 6.33 6.42 6.44 6.54 6.63 6.70 6.79 6.87 6.91 6.81 6.70 6.59 6.48 6.37 6.29 6.20 6.12 6.07 6.14 6.25 6.38 6.50 6.56 6.43 6.29 6.16 5.97 5.96 6.01 6.06 6.13 6.21 6.28 6.36 6.46 6.58
9.79 9.65 9.43 9.18 8.91 8.63 8.34 8.06 7.78 7.50 7.23 6.96 6.70 6.47 6.24 6.03 5.75 5.60 5.50 5.52 5.60 5.79 5.94 6.08 6.20 6.16 6.21 6.23 6.22 6.20 6.16 6.07 5.99 5.89 5.77 5.66 5.55 5.46 5.44 5.48 5.53 5.60 5.74 5.85 5.86 5.97 6.10 6.20 6.31 6.40 6.44 6.54 6.63 6.72 6.80 6.86 6.87 6.80 6.71 6.62 6.52 6.42 6.33 6.26 6.19 6.16 6.20 6.28 6.38 6.48 6.50 6.44 6.33 6.23 6.08 6.05 6.07 6.12 6.18 6.25 6.32 6.39 6.50 6.61
9.60 9.50 9.33 9.11 8.86 8.61 8.35 8.09 7.82 7.55 7.28 7.02 6.75 6.51 6.29 6.09 5.92 5.81 5.72 5.70 5.76 5.84 5.98 6.10 6.19 6.15 6.18 6.18 6.17 6.13 6.06 6.00 5.92 5.82 5.72 5.62 5.52 5.45 5.43 5.44 5.47 5.54 5.68 5.80 5.83 5.95 6.07 6.21 6.32 6.38 6.45 6.53 6.63 6.69 6.77 6.84 6.83 6.79 6.71 6.64 6.54 6.47 6.38 6.31 6.24 6.23 6.25 6.30 6.37 6.43 6.44 6.42 6.36 6.30 6.26 6.15 6.16 6.19 6.24 6.29 6.35 6.42 6.52 6.63
9.38 9.31 9.18 9.00 8.77 8.55 8.32 8.07 7.83 7.62 7.37 7.12 6.88 6.57 6.36 6.17 6.03 5.92 5.85 5.83 5.87 6.00 6.04 6.14 6.22 6.26 6.17 6.16 6.14 6.07 6.02 5.96 5.88 5.79 5.70 5.61 5.52 5.46 5.43 5.42 5.45 5.50 5.64 5.76 5.90 6.06 6.06 6.19 6.30 6.34 6.44 6.53 6.61 6.68 6.73 6.78 6.78 6.75 6.70 6.64 6.57 6.49 6.41 6.35 6.30 6.28 6.28 6.30 6.33 6.38 6.40 6.40 6.38 6.37 6.34 6.25 6.25 6.27 6.30 6.34 6.38 6.45 6.53 6.63
9.15 9.09 8.99 8.85 8.65 8.46 8.30 8.08 7.85 7.62 7.38 7.15 6.92 6.71 6.43 6.36 6.14 6.04 5.98 5.96 5.99 6.10 6.19 6.21 6.25 6.28 6.29 6.27 6.11 6.17 6.12 5.96 5.88 5.79 5.71 5.62 5.55 5.49 5.45 5.43 5.44 5.48 5.60 5.72 5.87 6.03 6.18 6.13 6.28 6.33 6.43 6.51 6.59 6.65 6.69 6.74 6.73 6.72 6.67 6.64 6.58 6.51 6.44 6.37 6.34 6.31 6.30 6.29 6.30 6.31 6.35 6.37 6.40 6.42 6.42 6.43 6.35 6.35 6.37 6.38 6.42 6.46 6.52 6.60
8.91 8.93 8.85 8.73 8.58 8.41 8.21 8.01 7.81 7.59 7.38 7.17 6.96 6.76 6.60 6.45 6.33 6.24 6.12 6.09 6.12 6.21 6.29 6.35 6.27 6.28 6.28 6.25 6.19 6.19 6.13 5.97 5.94 5.81 5.73 5.67 5.60 5.53 5.49 5.46 5.40 5.42 5.55 5.69 5.84 6.00 6.15 6.15 6.22 6.32 6.41 6.48 6.56 6.62 6.66 6.66 6.69 6.68 6.65 6.62 6.57 6.52 6.46 6.39 6.36 6.33 6.30 6.27 6.26 6.26 6.25 6.29 6.34 6.40 6.50 6.53 6.43 6.42 6.42 6.41 6.44 6.46 6.50 6.56
8.73 8.70 8.63 8.53 8.41 8.26 8.11 7.92 7.74 7.55 7.36 7.16 6.98 6.82 6.67 6.53 6.43 6.35 6.28 6.27 6.30 6.31 6.34 6.33 6.35 6.35 6.34 6.29 6.25 6.20 6.14 6.06 5.98 5.86 5.79 5.73 5.66 5.59 5.54 5.49 5.47 5.49 5.55 5.65 5.79 5.97 6.13 6.15 6.25 6.34 6.40 6.46 6.52 6.58 6.62 6.64 6.62 6.62 6.61 6.59 6.56 6.52 6.48 6.42 6.39 6.36 6.30 6.25 6.20 6.18 6.18 6.24 6.35 6.45 6.59 6.64 6.53 6.51 6.48 6.45 6.46 6.45 6.46 6.49
8.46 8.44 8.39 8.31 8.21 8.10 7.97 7.82 7.65 7.49 7.32 7.15 7.00 6.86 6.72 6.61 6.52 6.43 6.40 6.39 6.42 6.41 6.46 6.44 6.45 6.45 6.41 6.39 6.35 6.29 6.21 6.13 6.03 5.95 5.86 5.80 5.74 5.68 5.60 5.55 5.52 5.51 5.58 5.67 5.78 5.92 6.02 6.13 6.25 6.32 6.41 6.45 6.50 6.53 6.58 6.60 6.56 6.57 6.57 6.55 6.54 6.51 6.48 6.44 6.42 6.38 6.30 6.21 6.13 6.08 6.08 6.18 6.35 6.52 6.69 6.76 6.64 6.60 6.54 6.49 6.47 6.43 6.40 6.41
8.18 8.17 8.14 8.08 8.01 7.92 7.81 7.70 7.58 7.43 7.28 7.15 7.01 6.88 6.73 6.63 6.55 6.52 6.50 6.51 6.54 6.55 6.56 6.57 6.59 6.60 6.59 6.53 6.49 6.42 6.33 6.22 6.10 6.02 5.96 5.90 5.86 5.79 5.71 5.64 5.59 5.54 5.55 5.65 5.78 5.92 6.05 6.16 6.25 6.32 6.39 6.45 6.47 6.50 6.52 6.50 6.51 6.52 6.51 6.51 6.47 6.49 6.41 6.45 6.41 6.41 6.31 6.18 6.05 5.95 5.92 6.09 6.34 6.58 6.79 6.81 6.75 6.67 6.58 6.51 6.47 6.41 6.35 6.31
7.89 7.90 7.88 7.85 7.80 7.74 7.67 7.58 7.49 7.39 7.27 7.10 6.98 6.87 6.77 6.69 6.63 6.59 6.58 6.62 6.65 6.65 6.70 6.74 6.76 6.77 6.76 6.73 6.67 6.59 6.48 6.35 6.21 6.11 6.07 6.04 6.00 5.95 5.86 5.75 5.65 5.57 5.54 5.65 5.79 5.94 6.09 6.19 6.24 6.29 6.37 6.42 6.47 6.46 6.48 6.45 6.45 6.44 6.46 6.45 6.41 6.40 6.37 6.38 6.40 6.44 6.28 6.12 5.96 5.81 5.79 6.04 6.33 6.62 6.90 6.93 6.83 6.72 6.62 6.53 6.45 6.37 6.31 6.24
7.61 7.62 7.63 7.62 7.60 7.57 7.51 7.45 7.38 7.32 7.21 7.10 6.98 6.89 6.81 6.75 6.70 6.68 6.69 6.72 6.72 6.78 6.86 6.92 6.96 6.97 6.97 6.93 6.88 6.79 6.68 6.55 6.41 6.31 6.24 6.19 6.13 6.03 5.94 5.85 5.75 5.67 5.64 5.71 5.82 5.95 6.09 6.18 6.24 6.28 6.34 6.38 6.42 6.42 6.43 6.40 6.34 6.32 6.33 6.32 6.32 6.33 6.33 6.32 6.33 6.31 6.23 6.06 5.92 5.87 5.88 6.08 6.30 6.57 6.80 6.97 6.93 6.85 6.64 6.55 6.47 6.39 6.31 6.28
7.33 7.36 7.39 7.40 7.37 7.36 7.37 7.35 7.29 7.23 7.15 7.08 7.01 6.94 6.85 6.80 6.78 6.78 6.81 6.86 6.90 6.95 7.05 7.11 7.16 7.20 7.20 7.17 7.09 7.01 6.90 6.78 6.66 6.54 6.44 6.35 6.22 6.13 6.03 5.94 5.87 5.80 5.78 5.81 5.88 5.98 6.08 6.17 6.23 6.28 6.33 6.36 6.38 6.40 6.35 6.35 6.29 6.27 6.26 6.26 6.26 6.28 6.28 6.26 6.26 6.23 6.15 6.05 5.96 5.91 5.96 6.10 6.30 6.51 6.70 6.78 6.88 6.83 6.76 6.67 6.49 6.43 6.38 6.34
7.07 7.07 7.12 7.15 7.18 7.20 7.25 7.23 7.20 7.16 7.05 7.00 7.01 6.96 6.92 6.90 6.87 6.90 6.95 7.00 7.07 7.11 7.24 7.31 7.38 7.44 7.41 7.39 7.35 7.26 7.17 7.04 6.91 6.77 6.65 6.47 6.36 6.24 6.14 6.05 5.97 5.94 5.91 5.91 5.95 6.01 6.08 6.16 6.22 6.25 6.31 6.34 6.35 6.31 6.31 6.30 6.24 6.22 6.21 6.21 6.21 6.24 6.23 6.21 6.20 6.17 6.11 6.05 6.00 5.99 6.05 6.16 6.31 6.47 6.62 6.70 6.83 6.80 6.75 6.69 6.53 6.48 6.45 6.43
6.79 6.84 6.90 6.96 7.02 7.06 7.13 7.06 7.05 7.04 7.02 7.00 6.97 7.00 6.99 6.92 6.94 6.99 7.06 7.14 7.20 7.27 7.35 7.52 7.57 7.63 7.67 7.66 7.62 7.55 7.44 7.31 7.16 7.00 6.79 6.64 6.50 6.37 6.26 6.16 6.09 6.04 6.03 6.01 6.03 6.05 6.10 6.16 6.20 6.23 6.26 6.31 6.27 6.28 6.28 6.28 6.21 6.19 6.17 6.16 6.17 6.20 6.19 6.17 6.16 6.14 6.09 6.06 6.04 6.05 6.12 6.21 6.33 6.45 6.57 6.64 6.78 6.77 6.74 6.69 6.56 6.54 6.53 6.53
6.57 6.63 6.70 6.79 6.79 6.91 6.96 6.99 7.01 7.01 7.01 7.01 7.01 7.01 7.02 7.06 7.11 7.17 7.23 7.31 7.36 7.44 7.53 7.62 7.73 7.83 7.92 7.95 7.91 7.84 7.72 7.57 7.40 7.16 6.98 6.81 6.65 6.50 6.38 6.28 6.20 6.15 6.12 6.11 6.10 6.10 6.12 6.16 6.21 6.19 6.23 6.26 6.24 6.25 6.25 6.26 6.20 6.17 6.16 6.15 6.14 6.14 6.15 6.17 6.14 6.10 6.08 6.07 6.07 6.10 6.19 6.28 6.39 6.49 6.56 6.61 6.63 6.63 6.62 6.61 6.59 6.59 6.61 6.62
6.36 6.35 6.45 6.57 6.73 6.82 6.90 6.95 6.99 7.02 7.04 7.06 7.07 7.10 7.13 7.19 7.24 7.34 7.40 7.43 7.51 7.60 7.75 7.88 7.96 8.08 8.21 8.25 8.22 8.14 8.00 7.83 7.58 7.37 7.16 6.96 6.78 6.63 6.50 6.39 6.32 6.26 6.22 6.19 6.17 6.15 6.15 6.18 6.18 6.17 6.17 6.17 6.21 6.23 6.23 6.24 6.23 6.18 6.16 6.15 6.14 6.13 6.14 6.14 6.13 6.10 6.09 6.09 6.11 6.17 6.24 6.32 6.42 6.51 6.56 6.60 6.62 6.61 6.60 6.60 6.63 6.65 6.69 6.72
6.10 6.19 6.32 6.51 6.65 6.77 6.88 6.96 7.02 7.07 7.10 7.14 7.18 7.22 7.27 7.38 7.44 7.48 7.54 7.56 7.66 7.77 7.90 8.08 8.19 8.34 8.46 8.55 8.53 8.44 8.28 8.03 7.80 7.56 7.33 7.11 6.91 6.74 6.60 6.50 6.42 6.36 6.31 6.27 6.23 6.19 6.17 6.17 6.18 6.15 6.15 6.16 6.19 6.21 6.23 6.23 6.23 6.19 6.18 6.17 6.16 6.16 6.15 6.15 6.14 6.11 6.11 6.12 6.16 6.21 6.28 6.36 6.46 6.55 6.61 6.63 6.62 6.60 6.57 6.58 6.62 6.70 6.78 6.84
5.94 6.06 6.23 6.46 6.62 6.77 6.90 7.00 7.08 7.15 7.20 7.26 7.32 7.44 7.50 7.55 7.58 7.62 7.66 7.68 7.80 7.94 8.08 8.25 8.42 8.57 8.73 8.85 8.85 8.73 8.50 8.25 7.99 7.73 7.48 7.24 7.01 6.82 6.68 6.59 6.52 6.47 6.41 6.34 6.28 6.24 6.19 6.16 6.17 6.14 6.16 6.17 6.19 6.21 6.23 6.23 6.23 6.22 6.22 6.23 6.22 6.22 6.21 6.19 6.17 6.13 6.14 6.17 6.21 6.25 6.31 6.41 6.51 6.60 6.68 6.69 6.65 6.59 6.54 6.53 6.60 6.73 6.85 6.97
5.82 5.99 6.26 6.46 6.65 6.82 6.97 7.08 7.18 7.27 7.34 7.42 7.55 7.62 7.68 7.73 7.76 7.78 7.72 7.79 7.95 8.11 8.26 8.45 8.63 8.80 8.95 9.09 9.17 8.96 8.70 8.43 8.16 7.88 7.61 7.35 7.11 6.88 6.74 6.66 6.60 6.56 6.51 6.41 6.32 6.25 6.20 6.17 6.16 6.16 6.18 6.26 6.28 6.23 6.34 6.33 6.32 6.35 6.37 6.37 6.39 6.39 6.36 6.31 6.23 6.18 6.21 6.25 6.28 6.31 6.35 6.46 6.57 6.65 6.76 6.75 6.68 6.60 6.51 6.46 6.58 6.74 6.92 7.09
5.88 6.11 6.33 6.55 6.76 6.94 7.10 7.23 7.34 7.44 7.53 7.67 7.75 7.82 7.89 7.93 7.96 7.94 7.91 7.98 8.13 8.29 8.45 8.64 8.82 8.98 9.13 9.25 9.28 9.09 8.83 8.55 8.26 7.97 7.70 7.43 7.17 6.95 6.80 6.70 6.63 6.58 6.52 6.42 6.32 6.25 6.22 6.20 6.22 6.24 6.28 6.32 6.35 6.38 6.41 6.43 6.44 6.48 6.50 6.51 6.52 6.52 6.49 6.45 6.39 6.32 6.34 6.38 6.40 6.42 6.45 6.54 6.63 6.73 6.79 6.78 6.70 6.62 6.53 6.49 6.59 6.74 6.91 7.07
