data/EU espacial/U17062017.grd
DSAA
94	94
0.0000	100.0000
0.0000	100.0000
4.3385	11.5661
[rows 0 to 37 of 94, columns 0 to 83 of 94]
6.97 6.95 6.91 6.85 6.77 6.68 6.58 6.53 6.40 6.27 6.11 5.94 5.76 5.57 5.33 5.12 4.91 4.64 4.45 4.40 4.54 4.82 5.01 5.20 5.44 5.59 5.73 5.91 5.93 6.09 6.27 6.42 6.57 6.70 6.81 6.82 6.89 6.92 6.82 6.68 6.55 6.44 6.30 6.16 6.02 6.11 6.01 5.87 5.80 5.64 5.46 5.28 5.05 4.84 4.64 4.43 4.34 4.50 4.69 4.87 5.05 5.21 5.22 5.36 5.49 5.61 5.70 5.81 5.91 6.01 6.11 6.20 6.30 6.39 6.48 6.54 6.58 6.60 6.59 6.57 6.53 6.48 6.41 6.30
6.96 6.96 6.93 6.88 6.82 6.74 6.65 6.56 6.44 6.37 6.22 6.06 5.88 5.68 5.44 5.23 5.01 4.75 4.59 4.55 4.64 4.89 5.07 5.25 5.49 5.68 5.79 5.99 6.16 6.14 6.30 6.46 6.59 6.71 6.82 6.82 6.87 6.88 6.85 6.67 6.54 6.44 6.30 6.17 6.04 6.14 6.05 5.99 5.84 5.68 5.51 5.33 5.12 4.90 4.72 4.56 4.52 4.62 4.79 4.96 5.13 5.30 5.32 5.46 5.58 5.81 5.89 5.90 6.01 6.10 6.20 6.29 6.37 6.45 6.52 6.58 6.62 6.64 6.64 6.62 6.60 6.55 6.50 6.39
6.95 6.96 6.94 6.91 6.87 6.81 6.74 6.65 6.55 6.43 6.35 6.19 6.02 5.83 5.59 5.38 5.17 4.99 4.81 4.76 4.81 5.02 5.17 5.34 5.57 5.75 5.92 6.05 6.20 6.35 6.35 6.49 6.61 6.72 6.81 6.80 6.84 6.83 6.80 6.71 6.55 6.42 6.30 6.18 6.05 6.18 6.04 6.03 5.89 5.73 5.57 5.38 5.18 5.01 4.87 4.78 4.77 4.84 4.96 5.11 5.27 5.42 5.57 5.58 5.80 5.92 6.00 6.11 6.12 6.22 6.31 6.39 6.47 6.54 6.59 6.64 6.67 6.69 6.68 6.68 6.67 6.64 6.58 6.48
6.93 6.95 6.96 6.94 6.92 6.88 6.83 6.76 6.67 6.57 6.45 6.30 6.19 6.00 5.77 5.57 5.37 5.20 5.03 4.99 5.10 5.18 5.31 5.46 5.67 5.83 6.01 6.11 6.26 6.39 6.51 6.50 6.63 6.72 6.79 6.77 6.79 6.78 6.75 6.66 6.51 6.39 6.28 6.17 6.06 6.20 6.07 6.06 5.93 5.78 5.63 5.46 5.29 5.17 5.08 5.02 5.04 5.09 5.19 5.32 5.45 5.59 5.72 5.82 5.94 6.05 6.13 6.23 6.26 6.35 6.43 6.51 6.58 6.64 6.69 6.72 6.74 6.75 6.75 6.75 6.74 6.72 6.64 6.57
6.91 6.95 6.97 6.98 6.97 6.95 6.92 6.87 6.80 6.72 6.61 6.48 6.33 6.20 5.98 5.78 5.59 5.42 5.26 5.21 5.29 5.36 5.47 5.60 5.79 5.88 6.02 6.23 6.31 6.43 6.54 6.52 6.62 6.72 6.79 6.73 6.75 6.73 6.70 6.62 6.47 6.37 6.26 6.16 6.30 6.29 6.18 6.08 5.96 5.83 5.69 5.55 5.43 5.35 5.30 5.28 5.31 5.37 5.45 5.55 5.66 5.78 5.89 6.00 6.09 6.19 6.27 6.30 6.40 6.49 6.57 6.64 6.70 6.75 6.79 6.82 6.83 6.82 6.82 6.82 6.81 6.79 6.73 6.67
6.89 6.94 6.99 7.01 7.03 7.03 7.02 6.99 6.94 6.88 6.79 6.67 6.53 6.38 6.20 6.01 5.82 5.65 5.52 5.48 5.49 5.55 5.64 5.75 5.88 6.00 6.12 6.30 6.41 6.46 6.56 6.65 6.75 6.71 6.76 6.69 6.70 6.69 6.65 6.53 6.43 6.33 6.23 6.14 6.37 6.29 6.19 6.08 5.98 5.86 5.76 5.66 5.57 5.54 5.53 5.55 5.60 5.65 5.72 5.80 5.89 5.98 6.08 6.18 6.25 6.35 6.42 6.46 6.55 6.64 6.72 6.78 6.83 6.88 6.91 6.93 6.92 6.92 6.91 6.90 6.89 6.87 6.82 6.76
6.87 6.94 7.00 7.04 7.08 7.10 7.11 7.11 7.08 7.04 6.97 6.87 6.75 6.61 6.44 6.25 6.05 5.87 5.72 5.67 5.67 5.72 5.81 5.91 6.02 6.12 6.22 6.38 6.47 6.50 6.58 6.66 6.72 6.69 6.73 6.65 6.66 6.64 6.56 6.48 6.39 6.29 6.20 6.11 6.35 6.27 6.19 6.09 5.99 5.89 5.81 5.76 5.72 5.73 5.77 5.82 5.89 5.95 6.00 6.06 6.13 6.20 6.28 6.36 6.49 6.52 6.61 6.62 6.72 6.80 6.87 6.93 6.97 7.01 7.03 7.04 7.02 7.02 7.00 6.99 6.97 6.95 6.91 6.86
6.73 6.93 7.00 7.07 7.12 7.17 7.20 7.22 7.22 7.20 7.15 7.08 6.98 6.85 6.69 6.50 6.28 6.07 5.91 5.83 5.83 5.89 5.98 6.08 6.17 6.25 6.33 6.41 6.53 6.54 6.60 6.66 6.71 6.77 6.69 6.60 6.61 6.54 6.49 6.42 6.35 6.25 6.16 6.13 6.33 6.26 6.17 6.08 5.99 5.92 5.86 5.84 5.85 5.91 6.01 6.10 6.19 6.24 6.28 6.32 6.37 6.42 6.49 6.55 6.66 6.74 6.77 6.80 6.88 6.96 7.03 7.08 7.12 7.14 7.15 7.13 7.12 7.11 7.10 7.08 7.06 7.01 6.99 6.96
6.69 6.91 7.00 7.09 7.16 7.23 7.29 7.33 7.36 7.36 7.34 7.28 7.20 7.11 6.96 6.74 6.50 6.26 6.05 5.95 5.97 6.05 6.15 6.25 6.33 6.38 6.43 6.49 6.58 6.58 6.61 6.65 6.69 6.73 6.74 6.57 6.55 6.46 6.41 6.35 6.29 6.21 6.17 6.11 6.31 6.24 6.17 6.08 6.01 5.95 5.91 5.91 5.95 6.07 6.22 6.37 6.49 6.53 6.54 6.56 6.60 6.64 6.69 6.74 6.84 6.90 6.94 6.97 7.06 7.13 7.19 7.23 7.26 7.27 7.24 7.23 7.22 7.20 7.18 7.16 7.13 7.09 7.08 7.06
6.65 6.77 6.99 7.09 7.19 7.28 7.36 7.43 7.48 7.52 7.50 7.46 7.40 7.34 7.23 6.97 6.70 6.42 6.17 6.05 6.11 6.20 6.31 6.43 6.48 6.50 6.53 6.57 6.63 6.60 6.62 6.64 6.66 6.69 6.69 6.61 6.42 6.37 6.33 6.27 6.22 6.20 6.14 6.35 6.30 6.24 6.17 6.09 6.04 5.99 5.96 5.96 6.04 6.20 6.39 6.60 6.77 6.76 6.75 6.77 6.80 6.84 6.89 6.94 7.03 7.07 7.13 7.16 7.25 7.31 7.35 7.38 7.39 7.39 7.35 7.33 7.30 7.28 7.25 7.23 7.20 7.15 7.15 7.15
6.59 6.73 6.86 7.09 7.21 7.32 7.42 7.51 7.58 7.63 7.63 7.60 7.55 7.49 7.37 7.14 6.87 6.60 6.37 6.24 6.27 6.33 6.43 6.52 6.56 6.58 6.60 6.62 6.64 6.63 6.62 6.63 6.57 6.61 6.63 6.53 6.44 6.28 6.24 6.20 6.23 6.16 6.17 6.14 6.29 6.24 6.18 6.12 6.08 6.05 6.02 6.05 6.14 6.30 6.49 6.70 6.82 6.88 6.89 6.92 6.97 7.02 7.09 7.15 7.20 7.26 7.36 7.45 7.44 7.49 7.52 7.53 7.52 7.48 7.45 7.42 7.38 7.35 7.32 7.28 7.24 7.19 7.16 7.15
6.53 6.68 6.83 7.08 7.22 7.35 7.47 7.57 7.65 7.70 7.72 7.70 7.66 7.58 7.45 7.25 7.01 6.78 6.59 6.44 6.44 6.47 6.52 6.57 6.61 6.63 6.64 6.65 6.65 6.64 6.62 6.57 6.55 6.55 6.52 6.45 6.35 6.20 6.16 6.20 6.18 6.13 6.16 6.15 6.30 6.25 6.20 6.16 6.13 6.11 6.11 6.16 6.24 6.38 6.54 6.67 6.80 6.87 6.97 7.02 7.10 7.18 7.23 7.36 7.43 7.51 7.63 7.68 7.68 7.68 7.68 7.67 7.62 7.59 7.54 7.49 7.45 7.41 7.37 7.32 7.24 7.19 7.14 7.09
6.46 6.62 6.79 6.96 7.21 7.36 7.50 7.62 7.71 7.77 7.79 7.78 7.74 7.66 7.51 7.33 7.14 6.94 6.73 6.61 6.59 6.58 6.59 6.62 6.64 6.66 6.67 6.67 6.66 6.65 6.62 6.56 6.52 6.48 6.44 6.38 6.27 6.21 6.16 6.16 6.13 6.11 6.15 6.16 6.31 6.28 6.23 6.21 6.19 6.19 6.19 6.24 6.32 6.43 6.53 6.66 6.78 6.87 6.95 7.09 7.16 7.27 7.40 7.55 7.66 7.76 7.88 7.94 7.89 7.90 7.88 7.81 7.74 7.68 7.62 7.56 7.50 7.45 7.40 7.34 7.27 7.19 7.12 7.03
6.42 6.59 6.78 6.96 7.23 7.40 7.52 7.65 7.75 7.83 7.86 7.86 7.82 7.71 7.59 7.43 7.25 7.07 6.86 6.74 6.71 6.67 6.66 6.66 6.67 6.68 6.69 6.69 6.68 6.65 6.62 6.55 6.50 6.42 6.37 6.30 6.20 6.14 6.09 6.10 6.07 6.09 6.15 6.18 6.33 6.31 6.28 6.26 6.26 6.22 6.24 6.31 6.34 6.43 6.53 6.64 6.75 6.86 6.97 7.10 7.23 7.39 7.55 7.74 7.89 8.00 8.13 8.18 8.10 8.08 8.04 7.97 7.84 7.76 7.69 7.61 7.55 7.49 7.42 7.34 7.26 7.17 7.08 6.97
6.34 6.52 6.72 6.92 7.13 7.39 7.56 7.70 7.80 7.88 7.93 7.93 7.87 7.79 7.67 7.52 7.35 7.17 6.97 6.84 6.75 6.74 6.71 6.70 6.70 6.71 6.71 6.71 6.69 6.67 6.63 6.54 6.48 6.33 6.27 6.19 6.12 6.07 6.07 6.07 6.08 6.14 6.19 6.37 6.36 6.35 6.34 6.33 6.33 6.29 6.31 6.35 6.39 6.46 6.53 6.62 6.72 6.84 6.96 7.12 7.29 7.48 7.69 7.93 8.11 8.24 8.38 8.41 8.30 8.25 8.18 8.08 7.93 7.83 7.74 7.65 7.58 7.50 7.43 7.34 7.25 7.15 7.03 6.92
6.25 6.44 6.65 6.87 7.09 7.30 7.55 7.71 7.84 7.93 7.98 7.99 7.95 7.87 7.75 7.60 7.43 7.21 7.04 6.91 6.81 6.78 6.74 6.72 6.72 6.73 6.74 6.73 6.71 6.67 6.62 6.52 6.39 6.31 6.24 6.17 6.08 6.07 6.02 6.03 6.08 6.13 6.19 6.39 6.40 6.40 6.40 6.41 6.36 6.37 6.38 6.40 6.43 6.47 6.51 6.58 6.68 6.80 6.94 7.12 7.32 7.55 7.81 8.10 8.32 8.49 8.62 8.63 8.59 8.41 8.30 8.18 8.05 7.88 7.78 7.68 7.59 7.51 7.42 7.33 7.23 7.12 6.99 6.87
6.15 6.35 6.58 6.82 7.05 7.27 7.48 7.71 7.87 7.98 8.04 8.06 8.02 7.95 7.83 7.67 7.49 7.26 7.08 6.94 6.84 6.80 6.76 6.73 6.73 6.75 6.76 6.77 6.74 6.70 6.63 6.51 6.39 6.31 6.23 6.14 6.04 6.01 6.00 6.02 6.09 6.17 6.21 6.30 6.45 6.46 6.48 6.49 6.46 6.46 6.46 6.46 6.46 6.48 6.49 6.54 6.62 6.74 6.90 7.09 7.32 7.60 7.93 8.26 8.54 8.74 8.86 8.84 8.66 8.54 8.40 8.25 8.10 7.92 7.80 7.69 7.60 7.50 7.41 7.31 7.20 7.08 7.00 6.87
6.04 6.26 6.50 6.75 7.00 7.23 7.46 7.71 7.89 8.03 8.11 8.11 8.08 8.02 7.90 7.66 7.46 7.28 7.09 6.94 6.84 6.73 6.68 6.66 6.74 6.76 6.79 6.81 6.74 6.69 6.60 6.51 6.41 6.32 6.22 6.11 6.01 5.96 5.96 6.03 6.12 6.21 6.30 6.35 6.52 6.54 6.57 6.58 6.56 6.55 6.54 6.52 6.50 6.49 6.48 6.48 6.54 6.67 6.84 7.04 7.28 7.60 8.00 8.39 8.76 9.01 9.10 8.95 8.80 8.64 8.47 8.30 8.14 7.94 7.80 7.69 7.62 7.53 7.43 7.28 7.17 7.10 6.97 6.84
5.92 6.16 6.43 6.69 6.94 7.19 7.46 7.68 7.88 8.08 8.15 8.14 8.05 8.00 7.91 7.72 7.49 7.27 7.05 6.92 6.81 6.75 6.70 6.66 6.68 6.72 6.77 6.81 6.82 6.75 6.65 6.55 6.45 6.35 6.24 6.13 6.00 5.91 5.95 6.06 6.18 6.28 6.38 6.43 6.59 6.63 6.67 6.68 6.67 6.65 6.62 6.58 6.55 6.50 6.46 6.42 6.45 6.60 6.79 6.99 7.21 7.55 8.02 8.48 8.93 9.28 9.25 9.07 8.88 8.69 8.50 8.27 8.10 7.94 7.79 7.71 7.62 7.52 7.42 7.30 7.19 7.06 6.93 6.80
5.95 6.18 6.45 6.71 6.96 7.19 7.43 7.65 7.86 8.04 8.09 8.07 8.04 8.00 7.91 7.72 7.49 7.27 7.06 6.91 6.84 6.78 6.73 6.69 6.72 6.77 6.82 6.85 6.87 6.80 6.70 6.60 6.50 6.40 6.30 6.19 6.07 5.97 6.03 6.15 6.28 6.39 6.49 6.59 6.71 6.74 6.77 6.78 6.76 6.73 6.70 6.64 6.59 6.53 6.47 6.42 6.43 6.59 6.78 6.97 7.18 7.52 8.00 8.47 8.93 9.31 9.31 9.07 8.88 8.68 8.52 8.27 8.10 7.94 7.83 7.71 7.61 7.52 7.40 7.29 7.17 7.04 6.91 6.77
6.00 6.20 6.43 6.67 6.91 7.14 7.36 7.58 7.77 7.91 7.98 7.98 7.95 7.90 7.81 7.66 7.47 7.28 7.04 6.91 6.88 6.83 6.79 6.77 6.78 6.81 6.85 6.87 6.87 6.82 6.74 6.66 6.56 6.47 6.38 6.30 6.21 6.17 6.22 6.31 6.42 6.53 6.63 6.72 6.86 6.88 6.89 6.85 6.84 6.81 6.77 6.70 6.65 6.59 6.53 6.49 6.52 6.64 6.79 6.98 7.22 7.54 7.94 8.35 8.73 9.00 9.11 9.04 8.90 8.75 8.50 8.33 8.18 7.99 7.85 7.73 7.61 7.51 7.39 7.28 7.15 7.02 6.89 6.75
6.04 6.21 6.42 6.64 6.86 7.07 7.28 7.48 7.65 7.78 7.86 7.86 7.84 7.78 7.69 7.56 7.40 7.20 7.06 6.95 6.87 6.87 6.84 6.84 6.85 6.87 6.89 6.90 6.88 6.85 6.79 6.71 6.64 6.56 6.49 6.43 6.37 6.38 6.41 6.50 6.59 6.69 6.79 6.89 7.03 7.02 7.01 6.99 6.93 6.89 6.84 6.76 6.70 6.64 6.58 6.57 6.60 6.68 6.82 7.00 7.22 7.50 7.84 8.19 8.48 8.70 8.86 8.85 8.77 8.65 8.43 8.29 8.15 7.99 7.86 7.75 7.63 7.50 7.39 7.27 7.14 7.01 6.88 6.74
6.00 6.22 6.40 6.60 6.80 7.00 7.21 7.38 7.53 7.65 7.72 7.74 7.72 7.66 7.58 7.47 7.34 7.17 7.05 6.96 6.91 6.92 6.91 6.91 6.92 6.94 6.94 6.94 6.91 6.90 6.84 6.78 6.72 6.65 6.61 6.58 6.54 6.58 6.64 6.68 6.76 6.86 6.97 7.17 7.20 7.19 7.15 7.13 7.03 6.98 6.91 6.83 6.76 6.69 6.63 6.62 6.64 6.71 6.81 6.97 7.18 7.42 7.70 8.00 8.24 8.42 8.61 8.64 8.60 8.53 8.34 8.23 8.07 7.96 7.86 7.75 7.63 7.51 7.38 7.26 7.14 7.01 6.87 6.74
6.01 6.15 6.32 6.50 6.73 6.94 7.12 7.28 7.41 7.53 7.60 7.64 7.60 7.55 7.47 7.38 7.27 7.12 7.02 6.96 6.93 6.96 6.97 6.98 7.00 7.01 7.02 7.01 7.00 6.96 6.91 6.86 6.80 6.76 6.72 6.70 6.69 6.71 6.84 6.88 6.96 7.05 7.14 7.36 7.38 7.37 7.34 7.28 7.22 7.14 7.00 6.91 6.80 6.72 6.67 6.65 6.67 6.72 6.80 6.93 7.10 7.34 7.56 7.79 8.09 8.25 8.36 8.41 8.41 8.38 8.23 8.11 8.01 7.94 7.84 7.73 7.62 7.50 7.39 7.25 7.13 6.93 6.81 6.69
6.00 6.13 6.27 6.43 6.61 6.79 7.01 7.16 7.30 7.40 7.48 7.52 7.52 7.44 7.37 7.29 7.19 7.10 6.98 6.94 6.97 6.99 7.02 7.06 7.08 7.10 7.10 7.07 7.06 7.02 6.98 6.93 6.89 6.86 6.84 6.87 6.88 6.92 6.95 7.02 7.14 7.21 7.32 7.43 7.57 7.56 7.53 7.45 7.37 7.27 7.16 7.05 6.85 6.76 6.70 6.67 6.67 6.76 6.76 6.87 7.11 7.28 7.42 7.61 7.89 8.03 8.13 8.20 8.23 8.22 8.16 8.02 7.96 7.89 7.80 7.70 7.60 7.42 7.31 7.20 7.05 6.94 6.82 6.72
5.99 6.10 6.23 6.36 6.53 6.70 6.87 7.03 7.19 7.29 7.37 7.40 7.41 7.38 7.28 7.20 7.11 7.03 6.92 6.90 6.96 7.02 7.08 7.13 7.18 7.19 7.17 7.15 7.13 7.09 7.05 7.01 6.98 6.96 7.00 7.00 7.02 7.07 7.11 7.19 7.32 7.41 7.49 7.58 7.67 7.76 7.73 7.66 7.52 7.39 7.26 7.12 6.98 6.86 6.78 6.73 6.71 6.73 6.79 6.89 7.02 7.17 7.33 7.54 7.69 7.82 7.92 8.00 8.05 8.07 8.07 8.03 7.87 7.81 7.73 7.65 7.50 7.40 7.29 7.19 7.08 6.95 6.85 6.76
5.96 6.06 6.17 6.30 6.45 6.61 6.77 6.92 7.06 7.19 7.26 7.30 7.31 7.28 7.24 7.13 7.03 6.94 6.84 6.84 6.94 7.04 7.14 7.24 7.28 7.28 7.25 7.22 7.20 7.16 7.12 7.12 7.11 7.11 7.12 7.13 7.16 7.19 7.24 7.32 7.42 7.56 7.65 7.75 7.83 7.96 7.94 7.85 7.68 7.51 7.34 7.18 7.01 6.86 6.77 6.70 6.66 6.67 6.72 6.80 6.91 7.04 7.22 7.36 7.50 7.62 7.72 7.81 7.88 7.93 7.94 7.93 7.79 7.74 7.68 7.60 7.45 7.36 7.27 7.18 7.08 6.99 6.88 6.81
5.92 6.00 6.11 6.23 6.36 6.51 6.66 6.82 6.96 7.08 7.16 7.20 7.21 7.20 7.16 7.09 7.00 6.87 6.78 6.78 6.90 7.05 7.21 7.33 7.37 7.36 7.33 7.30 7.27 7.24 7.22 7.21 7.20 7.21 7.22 7.23 7.26 7.30 7.37 7.43 7.53 7.61 7.76 7.87 7.96 8.13 8.14 8.04 7.81 7.60 7.40 7.18 6.99 6.85 6.73 6.64 6.59 6.59 6.63 6.70 6.83 6.94 7.06 7.18 7.30 7.42 7.53 7.64 7.72 7.80 7.82 7.72 7.70 7.66 7.61 7.54 7.46 7.32 7.24 7.16 7.07 7.00 6.94 6.86
6.08 5.95 6.04 6.15 6.28 6.41 6.56 6.70 6.85 6.98 7.07 7.10 7.11 7.10 7.08 7.02 6.95 6.85 6.74 6.73 6.90 7.08 7.25 7.42 7.45 7.42 7.40 7.37 7.34 7.32 7.30 7.29 7.29 7.30 7.28 7.31 7.32 7.38 7.45 7.51 7.59 7.69 7.86 7.94 8.03 8.23 8.28 8.17 7.92 7.66 7.43 7.19 7.00 6.83 6.69 6.57 6.49 6.51 6.55 6.62 6.71 6.80 6.91 7.02 7.12 7.23 7.34 7.46 7.58 7.66 7.70 7.61 7.60 7.57 7.53 7.48 7.40 7.28 7.21 7.13 7.06 7.00 6.96 6.94
6.02 6.07 5.97 6.07 6.19 6.32 6.45 6.59 6.72 6.89 6.96 7.00 7.02 7.02 7.00 6.97 6.91 6.85 6.77 6.80 6.93 7.10 7.26 7.40 7.46 7.47 7.46 7.43 7.41 7.39 7.38 7.37 7.38 7.39 7.36 7.39 7.40 7.45 7.51 7.57 7.63 7.71 7.83 7.92 8.04 8.23 8.23 8.12 7.89 7.65 7.42 7.17 6.96 6.79 6.63 6.52 6.43 6.42 6.45 6.50 6.57 6.66 6.75 6.86 6.96 7.07 7.18 7.29 7.43 7.51 7.56 7.53 7.49 7.48 7.37 7.32 7.27 7.23 7.16 7.09 7.03 7.00 6.95 6.92
5.94 6.07 6.13 5.98 6.09 6.21 6.34 6.47 6.67 6.77 6.85 6.90 6.93 6.95 6.93 6.91 6.88 6.84 6.83 6.88 7.00 7.15 7.29 7.38 7.46 7.50 7.51 7.49 7.47 7.46 7.46 7.45 7.47 7.48 7.43 7.46 7.47 7.49 7.54 7.60 7.67 7.70 7.81 7.88 7.94 8.16 8.13 8.02 7.82 7.60 7.38 7.15 6.95 6.73 6.58 6.45 6.36 6.33 6.34 6.38 6.44 6.52 6.61 6.70 6.80 6.91 7.02 7.14 7.28 7.34 7.42 7.40 7.42 7.29 7.27 7.24 7.20 7.17 7.11 7.04 7.02 6.96 6.93 6.89
5.93 5.97 6.02 6.09 6.18 6.27 6.23 6.44 6.55 6.65 6.74 6.80 6.85 6.87 6.88 6.88 6.88 6.88 6.89 6.95 7.07 7.21 7.33 7.43 7.50 7.54 7.56 7.57 7.54 7.53 7.53 7.54 7.55 7.56 7.50 7.49 7.52 7.53 7.56 7.60 7.66 7.70 7.76 7.81 7.85 8.03 8.02 7.89 7.72 7.52 7.29 7.08 6.88 6.66 6.49 6.36 6.26 6.22 6.22 6.25 6.30 6.38 6.46 6.55 6.66 6.77 6.88 6.99 7.13 7.15 7.22 7.27 7.23 7.19 7.18 7.15 7.12 7.10 7.06 7.02 6.97 6.92 6.89 6.92
5.83 5.85 5.90 5.97 6.05 6.15 6.25 6.36 6.44 6.55 6.63 6.70 6.75 6.79 6.83 6.86 6.87 6.91 6.95 7.03 7.13 7.24 7.34 7.47 7.54 7.61 7.63 7.63 7.60 7.61 7.62 7.62 7.62 7.54 7.52 7.54 7.56 7.55 7.57 7.53 7.55 7.66 7.69 7.73 7.75 7.91 7.86 7.75 7.62 7.41 7.21 6.99 6.78 6.59 6.41 6.25 6.15 6.14 6.10 6.15 6.20 6.25 6.33 6.42 6.51 6.58 6.70 6.82 6.91 7.00 7.07 7.04 7.06 7.08 7.10 7.08 7.06 7.05 7.01 6.96 6.92 6.88 6.93 6.91
5.72 5.73 5.78 5.84 5.92 6.02 6.13 6.23 6.36 6.43 6.52 6.60 6.62 6.68 6.74 6.82 6.87 6.93 7.00 7.09 7.19 7.29 7.39 7.50 7.63 7.68 7.70 7.71 7.67 7.69 7.70 7.70 7.69 7.51 7.56 7.57 7.58 7.52 7.50 7.51 7.52 7.54 7.62 7.63 7.62 7.62 7.75 7.62 7.47 7.32 7.11 6.88 6.68 6.48 6.30 6.15 6.05 6.02 6.01 6.04 6.09 6.10 6.18 6.25 6.35 6.47 6.56 6.65 6.77 6.86 6.94 6.93 6.97 6.98 7.00 7.00 7.01 6.98 6.95 6.90 6.87 6.88 6.92 6.86
5.59 5.61 5.58 5.66 5.75 5.85 5.97 6.10 6.20 6.30 6.38 6.47 6.55 6.62 6.70 6.77 6.87 6.97 7.06 7.16 7.26 7.35 7.46 7.56 7.64 7.75 7.78 7.75 7.75 7.74 7.77 7.67 7.65 7.57 7.56 7.55 7.55 7.55 7.50 7.49 7.48 7.48 7.56 7.56 7.53 7.50 7.45 7.48 7.36 7.20 6.99 6.77 6.55 6.36 6.17 6.02 5.88 5.89 5.87 5.89 5.94 6.01 6.08 6.17 6.26 6.36 6.43 6.55 6.67 6.76 6.76 6.81 6.85 6.88 6.90 6.94 6.92 6.90 6.87 6.85 6.82 6.91 6.86 6.80
5.39 5.41 5.47 5.55 5.64 5.78 5.88 5.98 6.09 6.19 6.29 6.39 6.48 6.57 6.66 6.76 6.89 7.01 7.12 7.23 7.33 7.42 7.51 7.63 7.72 7.77 7.80 7.82 7.84 7.83 7.82 7.74 7.72 7.62 7.61 7.59 7.57 7.55 7.49 7.46 7.45 7.43 7.45 7.49 7.45 7.37 7.31 7.36 7.24 7.09 6.89 6.68 6.44 6.19 6.05 5.85 5.79 5.74 5.74 5.77 5.82 5.89 5.96 6.05 6.13 6.24 6.31 6.43 6.55 6.64 6.64 6.70 6.75 6.82 6.84 6.84 6.82 6.82 6.80 6.78 6.83 6.84 6.79 6.72
5.29 5.32 5.39 5.52 5.60 5.69 5.78 5.88 5.98 6.08 6.18 6.29 6.40 6.52 6.63 6.78 6.91 7.04 7.18 7.30 7.40 7.50 7.59 7.70 7.79 7.84 7.89 7.91 7.85 7.84 7.82 7.81 7.70 7.67 7.64 7.61 7.57 7.53 7.46 7.43 7.40 7.40 7.43 7.39 7.33 7.26 7.19 7.10 7.12 6.97 6.78 6.54 6.33 6.11 5.93 5.75 5.65 5.62 5.63 5.66 5.71 5.78 5.85 5.91 6.01 6.12 6.20 6.33 6.43 6.49 6.52 6.59 6.68 6.73 6.76 6.77 6.75 6.75 6.73 6.75 6.72 6.68 6.63 6.65
5.28 5.32 5.40 5.48 5.56 5.64 5.72 5.80 5.89 5.99 6.09 6.20 6.32 6.45 6.60 6.77 6.92 7.07 7.22 7.35 7.46 7.56 7.65 7.74 7.82 7.90 7.96 7.94 7.94 7.93 7.90 7.86 7.80 7.71 7.65 7.61 7.56 7.51 7.44 7.39 7.37 7.33 7.35 7.29 7.23 7.15 7.07 6.98 7.00 6.86 6.70 6.45 6.25 6.04 5.86 5.65 5.53 5.53 5.55 5.58 5.63 5.65 5.73 5.81 5.90 6.02 6.12 6.22 6.30 6.38 6.42 6.52 6.59 6.65 6.70 6.71 6.69 6.68 6.65 6.65 6.61 6.57 6.52 6.46
