data/EU espacial/U17022017.grd
DSAA
94	94
0.0000	100.0000
0.0000	100.0000
9.2982	14.3790
[rows 34 to 67 of 94, columns 0 to 76 of 94]
11.33 11.35 11.37 11.40 11.43 11.43 11.46 11.47 11.48 11.57 11.56 11.54 11.43 11.45 11.42 11.40 11.39 11.39 11.42 11.38 11.42 11.47 11.53 11.60 11.71 11.77 11.81 11.84 11.79 11.86 11.83 11.78 11.72 11.68 11.61 11.44 11.38 11.33 11.28 11.27 11.37 11.40 11.56 11.57 11.63 11.68 11.60 11.70 11.86 11.89 11.89 11.80 11.78 11.75 11.72 11.68 11.78 11.66 11.62 11.59 11.69 11.68 11.78 11.80 11.83 11.88 11.95 12.05 12.07 12.10 12.11 11.94 11.96 12.03 12.06 11.87 11.98
11.30 11.32 11.32 11.34 11.37 11.40 11.42 11.45 11.46 11.56 11.56 11.55 11.54 11.48 11.47 11.45 11.45 11.46 11.49 11.44 11.47 11.50 11.54 11.58 11.67 11.70 11.73 11.74 11.69 11.67 11.72 11.68 11.71 11.59 11.53 11.37 11.32 11.28 11.24 11.23 11.34 11.37 11.53 11.54 11.59 11.51 11.56 11.66 11.70 11.85 11.86 11.77 11.76 11.74 11.72 11.84 11.80 11.76 11.73 11.69 11.71 11.69 11.69 11.77 11.83 11.88 12.00 12.03 12.05 12.07 12.09 11.99 12.03 12.04 12.05 11.87 11.88
11.25 11.27 11.29 11.32 11.34 11.37 11.39 11.42 11.53 11.54 11.55 11.56 11.56 11.55 11.50 11.50 11.51 11.52 11.55 11.49 11.50 11.51 11.53 11.55 11.52 11.53 11.54 11.64 11.62 11.60 11.65 11.61 11.55 11.49 11.44 11.31 11.27 11.23 11.21 11.21 11.32 11.36 11.45 11.51 11.42 11.48 11.53 11.62 11.66 11.69 11.84 11.75 11.74 11.90 11.88 11.85 11.82 11.78 11.74 11.70 11.73 11.71 11.71 11.77 11.88 11.90 11.98 12.00 12.02 12.04 12.13 12.15 12.00 12.02 11.95 11.97 11.98
11.31 11.24 11.27 11.29 11.31 11.34 11.36 11.39 11.51 11.53 11.54 11.55 11.56 11.57 11.53 11.54 11.55 11.57 11.60 11.54 11.52 11.51 11.51 11.51 11.46 11.46 11.45 11.54 11.52 11.49 11.46 11.50 11.45 11.42 11.37 11.24 11.21 11.19 11.18 11.20 11.31 11.40 11.44 11.49 11.40 11.45 11.50 11.55 11.63 11.66 11.61 11.63 11.91 11.90 11.88 11.86 11.83 11.78 11.74 11.76 11.73 11.70 11.69 11.73 11.74 11.86 11.94 11.96 12.05 12.07 12.09 12.11 11.97 11.91 11.94 11.96 11.98
11.31 11.28 11.30 11.32 11.34 11.36 11.39 11.41 11.44 11.50 11.53 11.55 11.56 11.49 11.55 11.56 11.58 11.60 11.62 11.54 11.52 11.50 11.48 11.46 11.34 11.38 11.36 11.44 11.41 11.38 11.35 11.35 11.36 11.34 11.21 11.19 11.18 11.17 11.18 11.25 11.28 11.40 11.44 11.35 11.39 11.44 11.48 11.52 11.56 11.43 11.65 11.76 11.76 11.89 11.88 11.86 11.82 11.77 11.72 11.75 11.71 11.68 11.69 11.68 11.68 11.74 11.81 11.82 11.99 12.02 12.04 11.82 11.85 11.88 11.92 11.95 11.98
11.29 11.29 11.30 11.31 11.32 11.34 11.36 11.39 11.41 11.44 11.47 11.50 11.47 11.49 11.55 11.57 11.59 11.61 11.61 11.51 11.49 11.46 11.43 11.41 11.38 11.30 11.37 11.34 11.31 11.28 11.25 11.26 11.19 11.18 11.16 11.16 11.16 11.16 11.23 11.26 11.29 11.32 11.32 11.35 11.39 11.43 11.47 11.51 11.54 11.61 11.63 11.74 11.75 11.74 11.84 11.81 11.78 11.73 11.68 11.72 11.71 11.68 11.65 11.64 11.67 11.67 11.75 11.85 11.91 11.94 11.89 11.77 11.81 11.85 11.90 11.94 11.98
11.30 11.30 11.30 11.31 11.32 11.33 11.34 11.36 11.39 11.41 11.44 11.47 11.50 11.48 11.54 11.57 11.59 11.60 11.60 11.49 11.46 11.42 11.39 11.35 11.31 11.22 11.27 11.24 11.21 11.18 11.16 11.17 11.12 11.12 11.12 11.13 11.14 11.21 11.25 11.28 11.31 11.34 11.34 11.37 11.40 11.43 11.47 11.50 11.72 11.59 11.61 11.73 11.73 11.72 11.82 11.79 11.75 11.70 11.65 11.63 11.68 11.64 11.60 11.62 11.61 11.70 11.80 11.81 11.70 11.74 11.72 11.62 11.77 11.82 11.88 11.93 11.91
11.32 11.31 11.31 11.31 11.31 11.32 11.33 11.34 11.36 11.38 11.41 11.44 11.47 11.46 11.49 11.52 11.53 11.57 11.44 11.45 11.42 11.38 11.34 11.29 11.33 11.24 11.29 11.25 11.07 11.05 11.04 11.07 11.07 11.08 11.11 11.17 11.19 11.22 11.26 11.30 11.40 11.30 11.41 11.44 11.47 11.50 11.53 11.70 11.72 11.69 11.70 11.66 11.77 11.76 11.74 11.77 11.72 11.70 11.65 11.59 11.64 11.58 11.62 11.68 11.65 11.64 11.71 11.54 11.57 11.67 11.66 11.57 11.63 11.70 11.76 11.85 11.91
11.44 11.33 11.32 11.32 11.31 11.31 11.32 11.33 11.34 11.36 11.38 11.41 11.40 11.43 11.46 11.49 11.50 11.41 11.40 11.38 11.35 11.34 11.29 11.32 11.27 11.21 11.21 11.16 11.05 11.03 10.94 11.06 11.08 11.15 11.18 11.20 11.15 11.19 11.28 11.32 11.42 11.41 11.44 11.42 11.45 11.66 11.74 11.76 11.78 11.69 11.71 11.71 11.76 11.74 11.71 11.67 11.66 11.67 11.61 11.55 11.56 11.60 11.53 11.48 11.45 11.31 11.43 11.46 11.50 11.55 11.39 11.46 11.53 11.57 11.64 11.77 11.85
11.46 11.45 11.43 11.42 11.32 11.31 11.31 11.31 11.32 11.34 11.36 11.43 11.37 11.40 11.43 11.55 11.46 11.46 11.45 11.42 11.39 11.34 11.32 11.27 11.21 11.15 11.05 11.01 10.98 10.97 10.89 11.02 11.14 11.05 11.09 11.20 11.24 11.33 11.38 11.42 11.47 11.43 11.47 11.50 11.61 11.74 11.76 11.78 11.65 11.71 11.71 11.76 11.75 11.77 11.77 11.73 11.56 11.50 11.43 11.56 11.49 11.53 11.47 11.41 11.35 11.34 11.25 11.28 11.34 11.35 11.38 11.45 11.50 11.54 11.63 11.79 11.87
11.48 11.47 11.45 11.44 11.42 11.41 11.40 11.39 11.39 11.40 11.42 11.40 11.43 11.46 11.49 11.41 11.42 11.42 11.40 11.37 11.33 11.29 11.19 11.09 11.06 11.00 10.99 10.94 10.92 10.91 10.93 11.07 11.11 11.15 11.18 11.18 11.23 11.32 11.37 11.42 11.48 11.53 11.57 11.69 11.63 11.76 11.78 11.80 11.72 11.72 11.71 11.75 11.73 11.74 11.74 11.69 11.52 11.45 11.39 11.52 11.47 11.49 11.42 11.34 11.30 11.28 11.11 11.15 11.21 11.19 11.36 11.43 11.45 11.54 11.64 11.81 11.91
11.51 11.49 11.47 11.46 11.44 11.42 11.40 11.39 11.37 11.37 11.39 11.37 11.40 11.30 11.36 11.38 11.38 11.37 11.36 11.32 11.34 11.25 11.20 11.14 11.07 10.92 10.93 10.88 10.85 10.97 11.00 11.04 11.08 11.11 11.15 11.20 11.25 11.30 11.36 11.41 11.47 11.52 11.58 11.70 11.73 11.77 11.80 11.74 11.73 11.72 11.71 11.69 11.75 11.71 11.67 11.65 11.48 11.42 11.52 11.51 11.45 11.38 11.38 11.31 11.25 11.06 11.08 11.14 11.13 11.20 11.36 11.44 11.53 11.69 11.73 11.85 11.90
11.54 11.52 11.50 11.43 11.41 11.39 11.37 11.35 11.37 11.35 11.32 11.23 11.25 11.27 11.33 11.34 11.35 11.34 11.37 11.34 11.25 11.21 11.16 11.10 11.04 10.97 10.90 10.91 10.86 10.92 10.96 10.94 10.98 11.08 11.13 11.18 11.23 11.28 11.34 11.40 11.45 11.51 11.69 11.69 11.73 11.77 11.81 11.75 11.73 11.71 11.69 11.67 11.72 11.68 11.63 11.58 11.45 11.56 11.52 11.50 11.45 11.45 11.38 11.31 11.14 11.03 11.08 11.13 11.20 11.28 11.36 11.45 11.54 11.75 11.78 11.85 11.93
11.35 11.34 11.33 11.46 11.43 11.41 11.38 11.36 11.30 11.27 11.20 11.24 11.19 11.21 11.22 11.23 11.27 11.26 11.24 11.21 11.22 11.18 11.13 11.07 11.01 10.95 10.96 10.89 10.84 10.98 10.99 10.92 10.97 11.06 11.10 11.15 11.21 11.25 11.31 11.37 11.43 11.49 11.62 11.68 11.72 11.76 11.72 11.68 11.66 11.64 11.61 11.58 11.65 11.63 11.58 11.53 11.51 11.50 11.52 11.58 11.54 11.37 11.32 11.27 11.21 11.08 11.13 11.21 11.29 11.36 11.44 11.53 11.63 11.73 11.77 11.85 11.92
11.38 11.37 11.36 11.34 11.32 11.46 11.43 11.34 11.32 11.28 11.24 11.24 11.25 11.19 11.24 11.25 11.24 11.23 11.21 11.18 11.15 11.16 11.11 11.06 11.01 11.11 11.09 11.04 11.00 11.01 11.05 11.04 11.10 11.02 11.08 11.13 11.22 11.36 11.42 11.34 11.40 11.46 11.59 11.64 11.69 11.65 11.68 11.64 11.63 11.61 11.58 11.55 11.59 11.55 11.55 11.51 11.45 11.47 11.45 11.61 11.58 11.43 11.41 11.38 11.26 11.25 11.28 11.39 11.41 11.48 11.57 11.65 11.74 11.78 11.84 11.79 11.96
11.41 11.40 11.39 11.37 11.52 11.49 11.46 11.35 11.33 11.31 11.26 11.25 11.25 11.26 11.23 11.23 11.23 11.21 11.19 11.17 11.14 11.10 11.11 11.06 11.19 11.08 11.07 11.03 11.05 11.05 11.06 11.06 11.09 11.01 11.24 11.16 11.27 11.32 11.38 11.43 11.41 11.55 11.55 11.51 11.55 11.59 11.62 11.63 11.59 11.57 11.55 11.52 11.56 11.52 11.48 11.47 11.45 11.49 11.55 11.53 11.53 11.53 11.52 11.42 11.42 11.48 11.51 11.55 11.61 11.64 11.71 11.78 11.82 11.88 11.93 11.87 11.90
11.45 11.44 11.42 11.40 11.54 11.52 11.41 11.38 11.35 11.44 11.27 11.26 11.26 11.26 11.22 11.22 11.21 11.20 11.18 11.16 11.13 11.10 11.22 11.19 11.15 11.11 11.11 11.08 11.07 11.06 11.07 11.08 11.09 11.19 11.22 11.29 11.33 11.37 11.33 11.39 11.45 11.40 11.42 11.51 11.50 11.54 11.51 11.59 11.54 11.52 11.51 11.48 11.52 11.49 11.44 11.47 11.45 11.58 11.47 11.49 11.61 11.63 11.72 11.63 11.65 11.67 11.70 11.74 11.76 11.81 11.87 11.89 11.94 11.98 12.02 11.95 11.97
11.47 11.46 11.44 11.42 11.39 11.46 11.55 11.52 11.49 11.47 11.45 11.43 11.42 11.42 11.22 11.22 11.21 11.19 11.18 11.27 11.24 11.22 11.24 11.21 11.18 11.15 11.17 11.14 11.11 11.10 11.09 11.18 11.09 11.19 11.20 11.26 11.28 11.32 11.21 11.26 11.13 11.28 11.33 11.46 11.50 11.49 11.52 11.55 11.55 11.48 11.47 11.45 11.46 11.43 11.41 11.40 11.34 11.49 11.51 11.55 11.60 11.81 11.78 11.83 11.87 11.86 11.87 11.91 11.95 11.99 12.08 12.04 12.07 12.09 12.11 12.03 12.03
11.50 11.49 11.47 11.57 11.45 11.42 11.40 11.37 11.52 11.49 11.47 11.32 11.31 11.30 11.29 11.24 11.23 11.22 11.20 11.27 11.25 11.23 11.25 11.23 11.22 11.25 11.21 11.19 11.16 11.23 11.21 11.21 11.14 11.14 11.13 11.18 11.19 11.22 11.17 11.22 11.37 11.22 11.28 11.34 11.38 11.42 11.46 11.44 11.45 11.48 11.37 11.33 11.44 11.42 11.32 11.29 11.47 11.50 11.55 11.66 11.73 11.76 11.92 11.99 12.05 12.09 12.07 12.10 12.14 12.21 12.24 12.18 12.19 12.07 12.07 12.07 12.06
11.65 11.64 11.62 11.51 11.48 11.45 11.42 11.39 11.37 11.39 11.36 11.34 11.32 11.31 11.30 11.29 11.23 11.22 11.20 11.27 11.25 11.24 11.29 11.27 11.39 11.37 11.35 11.32 11.29 11.27 11.25 11.08 11.15 11.14 11.11 11.14 11.13 11.15 11.10 11.16 11.22 11.29 11.20 11.26 11.31 11.35 11.38 11.42 11.43 11.37 11.36 11.40 11.38 11.36 11.28 11.29 11.43 11.52 11.59 11.72 11.81 11.87 11.97 12.14 12.22 12.28 12.26 12.28 12.34 12.36 12.37 12.27 12.32 12.16 12.14 12.13 12.12
11.68 11.67 11.56 11.54 11.51 11.48 11.45 11.42 11.39 11.37 11.39 11.37 11.34 11.32 11.31 11.29 11.28 11.22 11.20 11.18 11.17 11.19 11.31 11.26 11.43 11.41 11.30 11.37 11.34 11.31 11.14 11.11 11.02 10.99 10.95 10.96 10.94 10.94 10.99 11.14 11.22 11.31 11.17 11.24 11.29 11.34 11.38 11.40 11.42 11.37 11.35 11.40 11.37 11.35 11.32 11.40 11.43 11.50 11.62 11.77 12.00 12.12 12.08 12.27 12.37 12.45 12.46 12.47 12.48 12.40 12.39 12.36 12.32 12.22 12.19 12.17 12.16
11.71 11.62 11.59 11.56 11.54 11.51 11.48 11.45 11.42 11.39 11.37 11.39 11.37 11.34 11.32 11.30 11.24 11.22 11.22 11.21 11.18 11.29 11.29 11.37 11.37 11.36 11.35 11.32 11.25 11.22 11.18 11.14 11.05 11.00 10.95 10.90 10.89 10.87 10.93 11.09 11.19 11.28 11.37 11.23 11.29 11.35 11.38 11.41 11.42 11.42 11.45 11.40 11.37 11.33 11.32 11.32 11.42 11.50 11.68 11.85 11.97 12.18 12.31 12.34 12.50 12.60 12.59 12.50 12.48 12.48 12.47 12.41 12.35 12.30 12.21 12.18 12.11
11.69 11.64 11.61 11.58 11.56 11.53 11.51 11.48 11.45 11.45 11.43 11.40 11.37 11.35 11.25 11.23 11.28 11.25 11.23 11.22 11.34 11.39 11.40 11.41 11.41 11.41 11.39 11.32 11.30 11.26 11.22 11.17 11.12 11.06 11.00 10.94 10.84 10.80 10.86 11.07 11.18 11.28 11.38 11.46 11.31 11.36 11.41 11.43 11.55 11.49 11.47 11.43 11.43 11.34 11.33 11.33 11.40 11.51 11.70 11.87 12.00 12.10 12.24 12.38 12.53 12.55 12.57 12.52 12.50 12.50 12.49 12.42 12.35 12.28 12.23 12.11 12.10
11.67 11.67 11.61 11.59 11.57 11.55 11.53 11.54 11.51 11.48 11.46 11.43 11.40 11.37 11.33 11.31 11.29 11.27 11.25 11.35 11.43 11.42 11.43 11.45 11.46 11.45 11.44 11.37 11.34 11.30 11.26 11.21 11.15 11.09 11.02 10.96 10.88 10.86 10.90 11.10 11.19 11.30 11.40 11.48 11.34 11.40 11.44 11.47 11.59 11.59 11.56 11.50 11.46 11.36 11.35 11.36 11.44 11.51 11.72 11.92 12.05 12.12 12.25 12.27 12.39 12.45 12.46 12.44 12.34 12.34 12.32 12.27 12.21 12.15 12.11 12.09 12.07
11.65 11.66 11.65 11.60 11.58 11.60 11.58 11.56 11.54 11.51 11.48 11.46 11.41 11.46 11.43 11.41 11.38 11.36 11.35 11.34 11.43 11.48 11.50 11.52 11.50 11.50 11.52 11.42 11.38 11.34 11.30 11.24 11.18 11.12 11.01 10.96 10.93 10.93 10.96 11.06 11.23 11.28 11.38 11.52 11.60 11.45 11.49 11.58 11.65 11.64 11.61 11.54 11.50 11.40 11.39 11.39 11.47 11.53 11.72 11.92 12.04 12.09 12.21 12.20 12.26 12.31 12.32 12.31 12.23 12.22 12.20 12.17 12.12 12.07 12.03 12.01 11.98
11.63 11.64 11.64 11.62 11.62 11.61 11.60 11.58 11.56 11.61 11.59 11.55 11.52 11.49 11.46 11.43 11.41 11.39 11.38 11.41 11.42 11.56 11.53 11.55 11.56 11.57 11.56 11.54 11.43 11.39 11.34 11.30 11.17 11.11 11.05 11.01 10.98 10.99 11.02 11.12 11.20 11.38 11.43 11.53 11.56 11.63 11.68 11.64 11.71 11.70 11.67 11.59 11.55 11.51 11.42 11.47 11.49 11.53 11.68 11.79 11.89 12.00 12.09 12.10 12.12 12.15 12.01 12.01 12.01 12.06 12.05 12.03 11.99 11.96 11.93 11.90 11.88
11.71 11.72 11.73 11.73 11.62 11.69 11.68 11.67 11.65 11.62 11.60 11.57 11.55 11.52 11.49 11.46 11.44 11.41 11.40 11.44 11.44 11.59 11.55 11.57 11.59 11.59 11.58 11.57 11.49 11.44 11.39 11.34 11.27 11.14 11.09 11.05 11.04 11.05 11.12 11.18 11.26 11.35 11.54 11.63 11.72 11.88 11.84 11.67 11.83 11.77 11.73 11.73 11.65 11.47 11.51 11.49 11.50 11.53 11.66 11.75 11.83 11.92 12.00 11.94 11.98 11.99 11.83 11.83 11.83 11.82 11.87 11.86 11.84 11.81 11.80 11.78 11.77
11.70 11.71 11.72 11.72 11.72 11.65 11.65 11.64 11.66 11.65 11.63 11.60 11.57 11.54 11.52 11.49 11.45 11.44 11.42 11.42 11.47 11.51 11.57 11.59 11.62 11.58 11.58 11.56 11.53 11.54 11.48 11.42 11.35 11.24 11.19 11.13 11.12 11.10 11.18 11.24 11.39 11.49 11.59 11.78 11.87 11.95 12.00 11.87 11.90 11.89 11.85 11.84 11.64 11.59 11.54 11.52 11.51 11.52 11.51 11.71 11.77 11.83 11.89 11.78 11.80 11.82 11.65 11.65 11.64 11.64 11.64 11.63 11.62 11.61 11.65 11.64 11.67
11.65 11.66 11.67 11.72 11.64 11.65 11.65 11.65 11.68 11.67 11.65 11.63 11.60 11.57 11.54 11.50 11.47 11.46 11.44 11.44 11.44 11.44 11.60 11.63 11.66 11.63 11.63 11.62 11.64 11.60 11.54 11.48 11.40 11.33 11.24 11.18 11.17 11.18 11.24 11.30 11.45 11.55 11.65 11.76 11.94 12.10 12.17 12.17 12.06 11.95 11.90 11.89 11.83 11.63 11.58 11.53 11.51 11.51 11.48 11.66 11.70 11.74 11.61 11.64 11.65 11.65 11.49 11.48 11.48 11.47 11.47 11.46 11.45 11.43 11.47 11.47 11.51
11.64 11.65 11.62 11.63 11.64 11.65 11.66 11.67 11.67 11.69 11.67 11.65 11.62 11.57 11.54 11.51 11.49 11.47 11.45 11.44 11.45 11.47 11.54 11.57 11.71 11.69 11.70 11.70 11.72 11.68 11.62 11.55 11.48 11.40 11.34 11.30 11.22 11.23 11.29 11.36 11.50 11.60 11.71 11.81 12.07 12.16 12.23 12.24 12.13 12.09 12.04 11.93 11.86 11.65 11.59 11.54 11.51 11.44 11.44 11.53 11.83 11.84 11.50 11.52 11.53 11.52 11.36 11.35 11.33 11.32 11.31 11.29 11.27 11.24 11.27 11.27 11.34
11.58 11.60 11.61 11.63 11.64 11.65 11.66 11.67 11.69 11.71 11.69 11.66 11.62 11.58 11.55 11.52 11.49 11.47 11.45 11.45 11.47 11.50 11.54 11.63 11.67 11.76 11.78 11.83 11.81 11.77 11.71 11.64 11.56 11.48 11.42 11.37 11.34 11.28 11.33 11.46 11.55 11.65 11.75 11.90 12.11 12.21 12.29 12.32 12.15 12.12 12.06 12.04 11.87 11.80 11.60 11.55 11.50 11.42 11.62 11.69 11.77 11.77 11.77 11.43 11.61 11.41 11.25 11.24 11.22 11.19 11.19 11.15 11.09 11.05 11.01 11.10 11.15
11.58 11.60 11.61 11.63 11.64 11.65 11.66 11.68 11.69 11.70 11.67 11.66 11.62 11.58 11.55 11.52 11.48 11.46 11.46 11.47 11.50 11.54 11.59 11.69 11.74 11.84 11.91 11.92 11.92 11.88 11.82 11.74 11.66 11.58 11.51 11.46 11.41 11.39 11.43 11.50 11.59 11.69 11.82 11.93 12.03 12.23 12.32 12.35 12.16 12.10 12.10 12.04 11.97 11.84 11.77 11.72 11.66 11.62 11.59 11.66 11.65 11.72 11.71 11.57 11.54 11.32 11.40 11.37 11.17 11.12 11.07 11.02 10.96 10.89 10.83 10.83 10.90
11.57 11.59 11.61 11.63 11.64 11.65 11.66 11.67 11.63 11.66 11.64 11.57 11.53 11.49 11.45 11.41 11.38 11.46 11.47 11.49 11.53 11.58 11.64 11.75 11.82 11.88 12.00 12.02 12.02 11.99 11.93 11.86 11.78 11.72 11.65 11.58 11.53 11.54 11.55 11.65 11.73 11.81 11.91 11.94 12.03 12.11 12.28 12.30 12.13 12.07 12.05 12.01 11.95 11.88 11.97 11.91 11.83 11.78 11.57 11.63 11.62 11.43 11.44 11.59 11.55 11.50 11.36 11.38 11.32 11.06 10.99 10.91 10.95 10.87 10.81 10.71 10.76
11.57 11.59 11.60 11.61 11.62 11.59 11.60 11.61 11.64 11.63 11.61 11.58 11.50 11.47 11.43 11.39 11.37 11.45 11.47 11.51 11.56 11.62 11.70 11.87 11.90 11.97 12.10 12.12 12.13 12.10 12.06 11.99 11.93 11.84 11.76 11.69 11.67 11.64 11.64 11.66 11.76 11.83 11.91 11.93 12.00 12.06 12.10 12.21 12.19 12.01 12.00 11.95 12.10 12.05 11.94 11.86 11.81 11.76 11.73 11.79 11.54 11.54 11.61 11.60 11.56 11.52 11.42 11.38 11.32 11.23 11.07 10.96 10.86 10.77 10.74 10.72 10.60
